0 0.557566 0.503289 0.075658 0.101974
0 0.312500 0.344572 0.092105 0.106908
0 0.155428 0.421053 0.070724 0.055921
0 0.226974 0.340461 0.039474 0.039474
0 0.483553 0.268914 0.085526 0.067434
0 0.229441 0.743421 0.034539 0.029605
0 0.365954 0.403783 0.064145 0.057566
0 0.601974 0.130757 0.036184 0.070724
0 0.930921 0.217928 0.085526 0.116776
0 0.539474 0.405428 0.111842 0.077303
0 0.777961 0.416118 0.046053 0.049342
0 0.495888 0.574836 0.064145 0.060855
0 0.486842 0.473684 0.075658 0.069079
0 0.826480 0.324836 0.060855 0.057566
0 0.026316 0.372533 0.049342 0.074013
