0 0.251645 0.050164 0.019737 0.050987
0 0.125000 0.133224 0.062500 0.108553
0 0.023849 0.082237 0.027961 0.032895
0 0.354441 0.189145 0.047697 0.059211
0 0.401316 0.237664 0.032895 0.047697
0 0.402961 0.827303 0.055921 0.055921
0 0.282895 0.708882 0.059211 0.062500
0 0.956414 0.621711 0.070724 0.092105
0 0.069079 0.595395 0.062500 0.039474
0 0.027961 0.681743 0.032895 0.060855
0 0.479441 0.765625 0.031250 0.067434
0 0.523849 0.942434 0.037829 0.019737
0 0.135691 0.701480 0.044408 0.031250
0 0.640625 0.210526 0.054276 0.029605
