0 0.693257 0.664474 0.106908 0.138158
0 0.751645 0.055099 0.059211 0.093750
0 0.555099 0.280428 0.110197 0.143092
0 0.475329 0.217928 0.075658 0.050987
0 0.621711 0.755757 0.101974 0.113487
0 0.608553 0.664474 0.055921 0.072368
0 0.758224 0.517270 0.095395 0.106908
0 0.371711 0.387336 0.059211 0.070724
0 0.225329 0.849507 0.125000 0.159539
0 0.967928 0.693257 0.064145 0.064145
0 0.805099 0.940789 0.047697 0.046053
0 0.083882 0.902961 0.072368 0.078947
0 0.178454 0.756579 0.037829 0.049342
0 0.481086 0.680099 0.034539 0.064145
0 0.612664 0.028783 0.060855 0.037829
