0 0.155428 0.811678 0.152961 0.136513
0 0.673520 0.504112 0.136513 0.116776
0 0.891447 0.601974 0.141447 0.197368
0 0.461349 0.186678 0.100329 0.077303
0 0.597039 0.245066 0.101974 0.072368
0 0.612664 0.331414 0.050987 0.064145
0 0.457237 0.392270 0.075658 0.097039
0 0.253289 0.211349 0.111842 0.070724
0 0.517270 0.751645 0.044408 0.085526
0 0.389803 0.751645 0.078947 0.098684
0 0.740132 0.883224 0.121711 0.069079
0 0.693257 0.948191 0.149671 0.083882
0 0.320724 0.324836 0.042763 0.037829
0 0.396382 0.490954 0.062500 0.044408
0 0.782072 0.415296 0.034539 0.037829
0 0.716283 0.388980 0.031250 0.044408
0 0.140625 0.642270 0.037829 0.050987
0 0.197368 0.740132 0.075658 0.072368
