0 0.075658 0.493421 0.095395 0.105263
0 0.235197 0.529605 0.125000 0.105263
0 0.276316 0.394737 0.121711 0.108553
0 0.375000 0.563322 0.101974 0.123355
0 0.273849 0.801809 0.120066 0.182566
0 0.519737 0.707237 0.095395 0.105263
0 0.472862 0.609375 0.087171 0.100329
0 0.576480 0.851151 0.113487 0.139803
0 0.345395 0.299342 0.125000 0.161184
0 0.417763 0.356908 0.042763 0.039474
0 0.285362 0.642270 0.126645 0.166118
0 0.394737 0.699836 0.121711 0.162829
0 0.562500 0.609375 0.055921 0.077303
0 0.634046 0.736020 0.162829 0.199013
0 0.462171 0.898849 0.062500 0.077303
0 0.500000 0.934211 0.052632 0.069079
0 0.655428 0.958059 0.083882 0.077303
