0 0.497533 0.434211 0.106908 0.151316
0 0.356908 0.287007 0.118421 0.057566
0 0.798520 0.338816 0.044408 0.115132
0 0.840461 0.392270 0.059211 0.080592
0 0.474507 0.305099 0.041118 0.057566
0 0.532895 0.320724 0.075658 0.055921
0 0.423520 0.476974 0.067434 0.052632
0 0.443257 0.532895 0.054276 0.032895
0 0.371711 0.454770 0.042763 0.050987
0 0.608553 0.608553 0.062500 0.078947
0 0.845395 0.669408 0.092105 0.049342
0 0.952303 0.745066 0.082237 0.095395
0 0.664474 0.048520 0.046053 0.064145
0 0.092928 0.632401 0.021382 0.031250
0 0.374178 0.958882 0.070724 0.065789
0 0.954770 0.501645 0.034539 0.065789
0 0.466283 0.698191 0.120066 0.087171
