0 0.061678 0.845395 0.064145 0.075658
0 0.177632 0.867599 0.101974 0.070724
0 0.079770 0.925164 0.070724 0.110197
0 0.537007 0.349507 0.080592 0.070724
0 0.427632 0.296053 0.092105 0.072368
0 0.532895 0.246711 0.065789 0.059211
0 0.711349 0.175987 0.116776 0.085526
0 0.749178 0.086349 0.113487 0.077303
0 0.157895 0.320724 0.069079 0.059211
0 0.434211 0.385691 0.062500 0.070724
0 0.711349 0.599507 0.064145 0.064145
0 0.570724 0.626645 0.108553 0.085526
0 0.467928 0.559211 0.054276 0.072368
0 0.633224 0.430099 0.072368 0.090461
0 0.148026 0.023849 0.111842 0.041118
0 0.623355 0.105263 0.046053 0.052632
0 0.640625 0.181743 0.031250 0.067434
0 0.454770 0.209704 0.064145 0.041118
