0 0.791941 0.462993 0.083882 0.090461
0 0.231086 0.077303 0.097039 0.101974
0 0.220395 0.233553 0.131579 0.141447
0 0.320724 0.650493 0.065789 0.057566
0 0.808388 0.151316 0.057566 0.069079
0 0.618421 0.308388 0.046053 0.060855
0 0.792763 0.330592 0.062500 0.075658
0 0.873355 0.625000 0.072368 0.059211
0 0.853618 0.754934 0.108553 0.101974
0 0.694079 0.872533 0.072368 0.064145
0 0.439145 0.587171 0.062500 0.055921
0 0.361020 0.223684 0.067434 0.085526
0 0.304276 0.291118 0.085526 0.072368
0 0.055921 0.897204 0.098684 0.093750
0 0.050164 0.773026 0.080592 0.108553
0 0.152961 0.958882 0.092105 0.075658
