0 0.224507 0.557566 0.083882 0.101974
0 0.338816 0.902961 0.046053 0.059211
0 0.861020 0.845395 0.067434 0.075658
0 0.880757 0.923520 0.070724 0.110197
0 0.195724 0.396382 0.095395 0.052632
0 0.111020 0.486020 0.060855 0.057566
0 0.550987 0.349507 0.039474 0.027961
0 0.782895 0.171053 0.055921 0.065789
0 0.950658 0.327303 0.082237 0.069079
0 0.251645 0.030428 0.078947 0.044408
0 0.392270 0.861020 0.067434 0.037829
0 0.958882 0.874178 0.072368 0.044408
0 0.930099 0.026316 0.097039 0.049342
0 0.412007 0.166941 0.064145 0.064145
0 0.655428 0.043586 0.047697 0.047697
0 0.639803 0.184211 0.042763 0.042763
0 0.523849 0.802632 0.041118 0.039474
0 0.213816 0.914474 0.039474 0.039474
0 0.027961 0.184211 0.036184 0.072368
