0 0.398849 0.137336 0.060855 0.083882
0 0.624178 0.630757 0.074013 0.080592
0 0.892270 0.726974 0.047697 0.052632
0 0.972862 0.260691 0.054276 0.070724
0 0.655428 0.896382 0.064145 0.085526
0 0.798520 0.461349 0.057566 0.054276
0 0.332237 0.177632 0.032895 0.039474
0 0.787007 0.249178 0.054276 0.064145
0 0.633224 0.682566 0.055921 0.029605
0 0.418586 0.275493 0.054276 0.050987
0 0.267270 0.365132 0.037829 0.032895
0 0.097862 0.255757 0.037829 0.057566
0 0.189145 0.126645 0.029605 0.036184
0 0.277961 0.068257 0.046053 0.041118
0 0.414474 0.660362 0.039474 0.054276
0 0.231086 0.773849 0.041118 0.047697
0 0.184211 0.885691 0.029605 0.031250
