0 0.677632 0.517270 0.085526 0.100329
0 0.329770 0.914474 0.110197 0.134868
0 0.396382 0.630757 0.078947 0.083882
0 0.443257 0.320724 0.074013 0.062500
0 0.923520 0.133224 0.060855 0.108553
0 0.822368 0.082237 0.026316 0.032895
0 0.541118 0.142270 0.062500 0.136513
0 0.601974 0.073191 0.039474 0.047697
0 0.323191 0.231086 0.074013 0.083882
0 0.332237 0.164474 0.029605 0.029605
0 0.378289 0.155428 0.023026 0.031250
0 0.287007 0.296053 0.047697 0.059211
0 0.523849 0.440789 0.067434 0.085526
0 0.617599 0.452303 0.077303 0.082237
0 0.148849 0.553454 0.047697 0.031250
0 0.251645 0.968750 0.026316 0.032895
0 0.899671 0.023849 0.082237 0.044408
