0 0.7598684210526315 0.6044407894736842 0.07894736842105263 0.11019736842105263
0 0.8166118421052632 0.631578947368421 0.06085526315789474 0.08552631578947369
0 0.6907894736842105 0.7129934210526315 0.08881578947368421 0.14309210526315788
0 0.6241776315789473 0.4342105263157895 0.09046052631578948 0.0625
0 0.6488486842105263 0.5731907894736842 0.10032894736842106 0.10032894736842106
0 0.5608552631578947 0.765625 0.06578947368421052 0.07072368421052631
0 0.5542763157894737 0.9185855263157895 0.04276315789473684 0.07401315789473684
0 0.584703947368421 0.8453947368421053 0.03125 0.046052631578947366
0 0.6324013157894737 0.8634868421052632 0.06743421052631579 0.09210526315789473
0 0.6924342105263158 0.8404605263157895 0.10526315789473684 0.12171052631578948
0 0.7697368421052632 0.7845394736842105 0.039473684210526314 0.05921052631578947
0 0.5740131578947368 0.5493421052631579 0.03618421052631579 0.04276315789473684
