0 0.070724 0.665296 0.062500 0.080592
0 0.126645 0.742599 0.042763 0.054276
0 0.175164 0.571546 0.041118 0.057566
0 0.260691 0.493421 0.031250 0.046053
0 0.314967 0.524671 0.044408 0.059211
0 0.361020 0.452303 0.050987 0.059211
0 0.356086 0.389803 0.057566 0.092105
0 0.393092 0.319079 0.069079 0.105263
0 0.318257 0.251645 0.067434 0.065789
0 0.435033 0.492599 0.054276 0.083882
0 0.484375 0.569079 0.060855 0.078947
0 0.492599 0.740132 0.031250 0.039474
0 0.680099 0.340461 0.054276 0.059211
0 0.730263 0.133224 0.072368 0.052632
