0 0.46957236842105265 0.28289473684210525 0.03782894736842105 0.04276315789473684
0 0.5197368421052632 0.3026315789473684 0.0625 0.11513157894736842
0 0.5896381578947368 0.31332236842105265 0.06414473684210527 0.08388157894736842
0 0.5444078947368421 0.3930921052631579 0.08552631578947369 0.0625
0 0.5509868421052632 0.45394736842105265 0.0756578947368421 0.09868421052631579
0 0.5411184210526315 0.546875 0.03618421052631579 0.06414473684210527
0 0.45805921052631576 0.4276315789473684 0.06743421052631579 0.09210526315789473
0 0.375 0.3939144736842105 0.049342105263157895 0.06085526315789474
0 0.3470394736842105 0.48273026315789475 0.03618421052631579 0.03782894736842105
0 0.4136513157894737 0.5008223684210527 0.047697368421052634 0.06085526315789474
0 0.30180921052631576 0.4243421052631579 0.024671052631578948 0.04276315789473684
