0 0.824013 0.069901 0.062500 0.083882
0 0.786184 0.207237 0.059211 0.039474
0 0.465461 0.182566 0.059211 0.042763
0 0.425987 0.066612 0.049342 0.060855
0 0.354441 0.077303 0.054276 0.111842
0 0.756579 0.560855 0.062500 0.082237
0 0.936678 0.788651 0.077303 0.110197
0 0.520559 0.157895 0.050987 0.069079
0 0.626645 0.148026 0.055921 0.046053
0 0.621711 0.028783 0.049342 0.054276
0 0.747533 0.049342 0.047697 0.052632
0 0.959704 0.028783 0.064145 0.044408
0 0.802632 0.268914 0.052632 0.060855
0 0.842105 0.180099 0.049342 0.067434
0 0.701480 0.689967 0.050987 0.054276
