0 0.49588815789473684 0.8042763157894737 0.04111842105263158 0.0625
0 0.4095394736842105 0.6998355263157895 0.046052631578947366 0.05756578947368421
0 0.4769736842105263 0.6381578947368421 0.05921052631578947 0.08223684210526316
0 0.28042763157894735 0.6800986842105263 0.06743421052631579 0.08717105263157894
0 0.38980263157894735 0.8651315789473685 0.039473684210526314 0.08223684210526316
0 0.6611842105263158 0.7072368421052632 0.07894736842105263 0.06578947368421052
0 0.7730263157894737 0.587171052631579 0.05921052631578947 0.07894736842105263
0 0.8939144736842105 0.7458881578947368 0.047697368421052634 0.06085526315789474
0 0.8585526315789473 0.8626644736842105 0.049342105263157895 0.1069078947368421
0 0.8174342105263158 0.9629934210526315 0.05592105263157895 0.07072368421052631
