0 0.846217 0.401316 0.050987 0.069079
0 0.759046 0.328947 0.050987 0.072368
0 0.773849 0.536184 0.044408 0.052632
0 0.589638 0.412007 0.037829 0.034539
0 0.375822 0.413651 0.067434 0.070724
0 0.474507 0.218750 0.034539 0.072368
0 0.759046 0.036184 0.034539 0.049342
0 0.787007 0.097862 0.057566 0.077303
0 0.911184 0.072368 0.046053 0.075658
0 0.279605 0.229441 0.078947 0.103618
0 0.252467 0.308388 0.037829 0.070724
0 0.111020 0.395559 0.044408 0.080592
0 0.073191 0.537829 0.041118 0.059211
0 0.139803 0.117599 0.078947 0.077303
0 0.133224 0.032072 0.042763 0.050987
0 0.289474 0.675164 0.052632 0.064145
0 0.472862 0.782895 0.044408 0.049342
0 0.141447 0.755757 0.046053 0.074013
0 0.170230 0.794408 0.044408 0.078947
0 0.499178 0.046875 0.097039 0.090461
0 0.451480 0.084704 0.057566 0.060855
0 0.043586 0.185033 0.083882 0.110197
0 0.141447 0.244243 0.055921 0.064145
0 0.256579 0.391447 0.088816 0.088816
0 0.453125 0.283717 0.090461 0.083882
0 0.578125 0.124178 0.060855 0.057566
0 0.551809 0.206414 0.126645 0.116776
0 0.935855 0.351974 0.065789 0.078947
0 0.627467 0.371711 0.057566 0.059211
0 0.202303 0.848684 0.029605 0.039474
0 0.077303 0.459704 0.072368 0.064145
0 0.342928 0.277138 0.074013 0.087171
0 0.356908 0.196546 0.046053 0.080592
0 0.429276 0.159539 0.075658 0.088816
0 0.371711 0.075658 0.059211 0.082237
0 0.274671 0.108553 0.049342 0.075658
0 0.197368 0.339638 0.052632 0.057566
