0 0.910362 0.395559 0.044408 0.080592
0 0.872533 0.537829 0.041118 0.059211
0 0.780428 0.502467 0.044408 0.074013
0 0.743421 0.393092 0.059211 0.082237
0 0.800987 0.336349 0.039474 0.057566
0 0.571546 0.453125 0.034539 0.050987
0 0.605263 0.198191 0.046053 0.060855
0 0.804276 0.198191 0.069079 0.100329
0 0.939145 0.117599 0.078947 0.077303
0 0.932566 0.032072 0.042763 0.050987
0 0.743421 0.050164 0.082237 0.097039
0 0.942434 0.755757 0.046053 0.074013
0 0.526316 0.458059 0.042763 0.060855
0 0.547697 0.382401 0.062500 0.050987
0 0.639803 0.567434 0.046053 0.046053
0 0.696546 0.318257 0.047697 0.070724
0 0.939967 0.243421 0.041118 0.075658
0 0.862664 0.166118 0.067434 0.111842
0 0.741776 0.180921 0.046053 0.049342
0 0.876645 0.463816 0.085526 0.062500
