0 0.494243 0.139803 0.074013 0.098684
0 0.488487 0.276316 0.039474 0.062500
0 0.586349 0.334704 0.031250 0.067434
0 0.656250 0.383224 0.062500 0.069079
0 0.425164 0.508224 0.060855 0.075658
0 0.361842 0.599507 0.049342 0.050987
0 0.316612 0.665296 0.034539 0.041118
0 0.046875 0.401316 0.050987 0.069079
0 0.111842 0.072368 0.046053 0.075658
0 0.226974 0.231908 0.075658 0.095395
0 0.320724 0.150493 0.029605 0.047697
0 0.379112 0.075658 0.054276 0.069079
0 0.436678 0.038651 0.057566 0.070724
0 0.342105 0.254934 0.046053 0.046053
0 0.430921 0.274671 0.062500 0.059211
0 0.433388 0.169408 0.050987 0.065789
0 0.134046 0.361020 0.057566 0.060855
0 0.600329 0.395559 0.046053 0.050987
0 0.247533 0.587993 0.047697 0.057566
0 0.152961 0.096217 0.036184 0.054276
