0 0.7598684210526315 0.8355263157894737 0.03289473684210526 0.049342105263157895
0 0.787828947368421 0.897203947368421 0.05921052631578947 0.07730263157894737
0 0.8791118421052632 0.7368421052631579 0.03125 0.06907894736842106
0 0.9350328947368421 0.7368421052631579 0.054276315789473686 0.07894736842105263
0 0.7870065789473685 0.6998355263157895 0.05098684210526316 0.06743421052631579
0 0.9111842105263158 0.8717105263157895 0.046052631578947366 0.0756578947368421
0 0.13980263157894737 0.9169407894736842 0.07894736842105263 0.07730263157894737
0 0.13322368421052633 0.8322368421052632 0.04276315789473684 0.049342105263157895
0 0.21134868421052633 0.7828947368421053 0.03782894736842105 0.046052631578947366
0 0.2713815789473684 0.6800986842105263 0.05921052631578947 0.08388157894736842
0 0.41694078947368424 0.4745065789473684 0.05756578947368421 0.07730263157894737
