0 0.530428 0.856086 0.097039 0.113487
0 0.282895 0.048520 0.085526 0.077303
0 0.492599 0.198191 0.057566 0.064145
0 0.561678 0.347862 0.100329 0.113487
0 0.592928 0.461349 0.110197 0.097039
0 0.617599 0.601974 0.077303 0.092105
0 0.543586 0.124178 0.126645 0.054276
0 0.430099 0.039474 0.152961 0.062500
0 0.481908 0.282895 0.069079 0.072368
0 0.193257 0.056743 0.060855 0.060855
0 0.673520 0.496711 0.064145 0.078947
0 0.646382 0.363487 0.078947 0.092105
0 0.216283 0.789474 0.067434 0.042763
0 0.220395 0.876645 0.085526 0.082237
