0 0.642270 0.802632 0.057566 0.088816
0 0.715461 0.751645 0.059211 0.075658
0 0.736020 0.836349 0.097039 0.093750
0 0.851974 0.539474 0.082237 0.128289
0 0.592928 0.501645 0.047697 0.059211
0 0.662829 0.689145 0.075658 0.042763
0 0.762336 0.166941 0.047697 0.054276
0 0.958882 0.519737 0.075658 0.098684
0 0.117599 0.833882 0.090461 0.059211
0 0.478618 0.556743 0.092105 0.100329
0 0.869243 0.204770 0.074013 0.090461
0 0.789474 0.246711 0.075658 0.078947
0 0.510691 0.906250 0.060855 0.062500
0 0.405428 0.889803 0.054276 0.062500
0 0.329770 0.921053 0.083882 0.148026
0 0.184211 0.869243 0.072368 0.064145
0 0.309211 0.233553 0.059211 0.046053
0 0.177632 0.065789 0.059211 0.088816
0 0.298520 0.041941 0.133224 0.074013
0 0.287829 0.129112 0.055921 0.054276
0 0.535362 0.174342 0.041118 0.036184
