0 0.836349 0.820724 0.060855 0.101974
0 0.162007 0.367599 0.070724 0.090461
0 0.318257 0.405428 0.060855 0.159539
0 0.517270 0.435033 0.080592 0.100329
0 0.495066 0.177632 0.049342 0.065789
0 0.249178 0.820724 0.070724 0.078947
0 0.387336 0.454770 0.044408 0.054276
0 0.787007 0.892270 0.034539 0.050987
0 0.861020 0.896382 0.070724 0.065789
0 0.648849 0.280428 0.067434 0.077303
0 0.867599 0.255757 0.093750 0.093750
0 0.370066 0.387336 0.075658 0.057566
0 0.249178 0.495066 0.060855 0.069079
0 0.392270 0.552632 0.067434 0.078947
0 0.758224 0.952303 0.069079 0.088816
