0 0.342928 0.204770 0.064145 0.123355
0 0.398849 0.267270 0.080592 0.100329
0 0.280428 0.396382 0.057566 0.072368
0 0.267270 0.251645 0.037829 0.049342
0 0.478618 0.320724 0.069079 0.062500
0 0.702303 0.030428 0.164474 0.047697
0 0.111020 0.043586 0.110197 0.083882
0 0.184211 0.063322 0.075658 0.074013
0 0.300987 0.023849 0.062500 0.027961
0 0.280428 0.189145 0.064145 0.065789
0 0.407895 0.095395 0.072368 0.055921
0 0.327303 0.100329 0.062500 0.069079
0 0.496711 0.101974 0.065789 0.055921
0 0.472039 0.237664 0.075658 0.080592
0 0.340461 0.302632 0.042763 0.052632
0 0.967928 0.220395 0.060855 0.052632
