0 0.276316 0.443257 0.180921 0.179276
0 0.217928 0.626645 0.070724 0.131579
0 0.383224 0.630757 0.075658 0.077303
0 0.437500 0.704770 0.062500 0.044408
0 0.467928 0.595395 0.067434 0.085526
0 0.579770 0.586349 0.087171 0.156250
0 0.716283 0.516447 0.169408 0.082237
0 0.794408 0.434211 0.062500 0.065789
0 0.939145 0.517270 0.036184 0.077303
0 0.090461 0.371711 0.177632 0.177632
0 0.376645 0.055099 0.078947 0.103618
0 0.454770 0.043586 0.047697 0.070724
0 0.662007 0.430099 0.054276 0.067434
0 0.961349 0.459704 0.057566 0.080592
0 0.974507 0.356086 0.047697 0.047697
0 0.383224 0.255757 0.062500 0.064145
0 0.449836 0.137336 0.087171 0.110197
0 0.673520 0.037007 0.064145 0.070724
