0 0.543586 0.460526 0.070724 0.055921
0 0.606086 0.423520 0.060855 0.070724
0 0.358553 0.226974 0.065789 0.062500
0 0.514803 0.152961 0.062500 0.065789
0 0.624178 0.177632 0.087171 0.078947
0 0.733553 0.070724 0.059211 0.078947
0 0.311678 0.410362 0.050987 0.050987
0 0.249178 0.497533 0.054276 0.050987
0 0.148849 0.583882 0.060855 0.049342
0 0.871711 0.544408 0.052632 0.075658
0 0.773849 0.347862 0.057566 0.054276
0 0.431743 0.841283 0.037829 0.074013
0 0.619243 0.780428 0.044408 0.064145
0 0.642270 0.894737 0.047697 0.049342
0 0.499178 0.300164 0.034539 0.060855
0 0.454770 0.505757 0.070724 0.047697
0 0.678454 0.402138 0.060855 0.037829
0 0.761513 0.231086 0.049342 0.044408
