0 0.318257 0.829770 0.041118 0.047697
0 0.367599 0.905428 0.064145 0.097039
0 0.421053 0.925987 0.052632 0.082237
0 0.488487 0.854441 0.042763 0.060855
0 0.461349 0.787007 0.050987 0.050987
0 0.689145 0.694901 0.065789 0.087171
0 0.798520 0.550987 0.034539 0.062500
0 0.829770 0.599507 0.037829 0.034539
0 0.592928 0.267270 0.041118 0.044408
0 0.639803 0.358553 0.052632 0.085526
0 0.630757 0.128289 0.044408 0.032895
0 0.331414 0.224507 0.047697 0.054276
0 0.177632 0.476974 0.039474 0.049342
0 0.615132 0.508224 0.036184 0.095395
0 0.709704 0.401316 0.037829 0.032895
0 0.558388 0.184211 0.060855 0.032895
0 0.800987 0.491776 0.055921 0.046053
0 0.445724 0.574013 0.029605 0.042763
0 0.886513 0.537829 0.046053 0.046053
