0 0.43914473684210525 0.28125 0.03289473684210526 0.03618421052631579
0 0.890625 0.2730263157894737 0.0805921052631579 0.0756578947368421
0 0.9539473684210527 0.4786184210526316 0.029605263157894735 0.029605263157894735
0 0.17023026315789475 0.7179276315789473 0.04111842105263158 0.05756578947368421
0 0.828125 0.8511513157894737 0.04111842105263158 0.03782894736842105
0 0.7006578947368421 0.6677631578947368 0.06578947368421052 0.08552631578947369
0 0.6282894736842105 0.8930921052631579 0.06578947368421052 0.07236842105263158
0 0.915296052631579 0.9054276315789473 0.04111842105263158 0.054276315789473686
0 0.328125 0.4769736842105263 0.03125 0.02631578947368421
0 0.3503289473684211 0.13322368421052633 0.04276315789473684 0.05263157894736842
