0 0.7516447368421053 0.8363486842105263 0.05263157894736842 0.06743421052631579
0 0.6759868421052632 0.712171052631579 0.08552631578947369 0.09868421052631579
0 0.6011513157894737 0.7138157894736842 0.07072368421052631 0.06907894736842106
0 0.6151315789473685 0.5912828947368421 0.0756578947368421 0.08717105263157894
0 0.5427631578947368 0.5074013157894737 0.11513157894736842 0.09375
0 0.515625 0.453125 0.05098684210526316 0.06085526315789474
0 0.3782894736842105 0.506578947368421 0.039473684210526314 0.05592105263157895
0 0.3182565789473684 0.49917763157894735 0.05098684210526316 0.06085526315789474
0 0.2524671052631579 0.3815789473684211 0.08388157894736842 0.08223684210526316
0 0.6324013157894737 0.46875 0.09046052631578948 0.05592105263157895
0 0.5764802631578947 0.21710526315789475 0.07072368421052631 0.08223684210526316
0 0.7072368421052632 0.6570723684210527 0.07894736842105263 0.07730263157894737
0 0.6998355263157895 0.5921052631578947 0.04111842105263158 0.03618421052631579
0 0.8412828947368421 0.8388157894736842 0.044407894736842105 0.08223684210526316
0 0.20641447368421054 0.14638157894736842 0.044407894736842105 0.05592105263157895
