0 0.58203125 0.388671875 0.0625 0.01953125
0 0.580078125 0.408203125 0.05859375 0.01953125
0 0.578125 0.44921875 0.0625 0.0234375
0 0.583984375 0.498046875 0.03125 0.01953125
0 0.5830078125 0.5302734375 0.064453125 0.021484375
0 0.583984375 0.5517578125 0.06640625 0.021484375
0 0.5849609375 0.5732421875 0.068359375 0.021484375
0 0.734375 0.5126953125 0.03125 0.041015625
0 0.7626953125 0.5185546875 0.025390625 0.029296875
0 0.7802734375 0.5205078125 0.033203125 0.037109375
0 0.8046875 0.51953125 0.03515625 0.0390625
0 0.83203125 0.5087890625 0.03515625 0.033203125
0 0.853515625 0.5107421875 0.03515625 0.029296875
0 0.8740234375 0.5146484375 0.033203125 0.033203125
0 0.8935546875 0.5263671875 0.037109375 0.033203125
0 0.921875 0.533203125 0.015625 0.0390625
0 0.9462890625 0.533203125 0.017578125 0.04296875
0 0.966796875 0.533203125 0.0234375 0.04296875
0 0.9892578125 0.5322265625 0.021484375 0.041015625
0 0.796875 0.5576171875 0.01953125 0.037109375
0 0.8623046875 0.556640625 0.021484375 0.04296875
0 0.78515625 0.5908203125 0.05078125 0.029296875
0 0.71875 0.43359375 0.0390625 0.02734375
0 0.8291015625 0.4697265625 0.037109375 0.021484375
0 0.857421875 0.462890625 0.0234375 0.01953125
0 0.9462890625 0.81640625 0.037109375 0.01953125
0 0.943359375 0.7978515625 0.04296875 0.017578125
0 0.939453125 0.7763671875 0.03515625 0.025390625
0 0.9462890625 0.857421875 0.041015625 0.0234375
0 0.9384765625 0.9013671875 0.037109375 0.021484375
0 0.94921875 0.9423828125 0.04296875 0.021484375
0 0.9443359375 0.9599609375 0.041015625 0.017578125
0 0.9462890625 0.978515625 0.044921875 0.01953125
0 0.5947265625 0.833984375 0.060546875 0.02734375
0 0.6025390625 0.857421875 0.044921875 0.01953125
0 0.6044921875 0.89453125 0.060546875 0.0234375
0 0.6025390625 0.9169921875 0.044921875 0.021484375
0 0.6015625 0.9384765625 0.04296875 0.021484375
0 0.6015625 0.958984375 0.04296875 0.01953125
0 0.6015625 0.982421875 0.0625 0.02734375
0 0.65625 0.8076171875 0.01953125 0.037109375
0 0.6884765625 0.8037109375 0.017578125 0.037109375
0 0.671875 0.9169921875 0.01953125 0.037109375
0 0.060546875 0.787109375 0.0234375 0.03515625
0 0.0615234375 0.75 0.021484375 0.0390625
0 0.0576171875 0.65625 0.017578125 0.03515625
0 0.078125 0.8466796875 0.0234375 0.041015625
0 0.0810546875 0.7900390625 0.017578125 0.033203125
0 0.0947265625 0.7548828125 0.013671875 0.033203125
0 0.908203125 0.1435546875 0.04296875 0.013671875
0 0.908203125 0.1220703125 0.04296875 0.021484375
0 0.9013671875 0.0986328125 0.033203125 0.025390625
0 0.90234375 0.0771484375 0.03125 0.017578125
0 0.8994140625 0.0146484375 0.041015625 0.017578125
0 0.9033203125 0.03515625 0.041015625 0.0234375
0 0.5703125 0.013671875 0.03515625 0.0234375
0 0.5625 0.037109375 0.04296875 0.015625
0 0.56640625 0.0537109375 0.0390625 0.017578125
0 0.5625 0.0791015625 0.04296875 0.021484375
0 0.57421875 0.09765625 0.03515625 0.015625
0 0.572265625 0.119140625 0.04296875 0.01953125
0 0.5732421875 0.1396484375 0.044921875 0.021484375
0 0.6611328125 0.150390625 0.021484375 0.0390625
0 0.46875 0.2119140625 0.01953125 0.037109375
0 0.490234375 0.208984375 0.01953125 0.03515625
0 0.513671875 0.2060546875 0.015625 0.033203125
0 0.5947265625 0.2763671875 0.033203125 0.017578125
0 0.0537109375 0.1748046875 0.037109375 0.021484375
0 0.2158203125 0.2373046875 0.037109375 0.021484375
0 0.9736328125 0.6826171875 0.029296875 0.041015625
0 0.5966796875 0.67578125 0.044921875 0.0234375
0 0.599609375 0.697265625 0.03515625 0.01953125
0 0.59375 0.6376953125 0.03515625 0.021484375
0 0.052734375 0.568359375 0.015625 0.03515625
0 0.08984375 0.583984375 0.01953125 0.03515625
0 0.0869140625 0.533203125 0.017578125 0.03125
0 0.0556640625 0.69921875 0.017578125 0.03125
0 0.0927734375 0.6689453125 0.017578125 0.033203125
