0 0.033203125 0.640625 0.046875 0.02734375
0 0.0400390625 0.6572265625 0.037109375 0.021484375
0 0.04296875 0.6806640625 0.04296875 0.025390625
0 0.115234375 0.486328125 0.04296875 0.02734375
0 0.158203125 0.470703125 0.046875 0.02734375
0 0.2216796875 0.5185546875 0.021484375 0.041015625
0 0.2373046875 0.5068359375 0.029296875 0.041015625
0 0.3447265625 0.5771484375 0.021484375 0.044921875
0 0.14453125 0.1904296875 0.03125 0.041015625
0 0.1201171875 0.1962890625 0.033203125 0.044921875
0 0.09375 0.19921875 0.03515625 0.0390625
0 0.072265625 0.2138671875 0.02734375 0.048828125
