0 0.1376953125 0.1201171875 0.037109375 0.021484375
0 0.197265625 0.978515625 0.03515625 0.01953125
0 0.380859375 0.7373046875 0.01171875 0.025390625
0 0.3818359375 0.7998046875 0.013671875 0.037109375
0 0.443359375 0.8388671875 0.01953125 0.029296875
0 0.580078125 0.8271484375 0.01171875 0.025390625
0 0.615234375 0.0126953125 0.04296875 0.017578125
0 0.6123046875 0.03125 0.037109375 0.01953125
0 0.1376953125 0.1201171875 0.044921875 0.025390625
0 0.2021484375 0.5751953125 0.033203125 0.033203125
