0 0.6201171875 0.1708984375 0.037109375 0.025390625
0 0.6552734375 0.1572265625 0.017578125 0.041015625
0 0.69921875 0.17578125 0.01953125 0.04296875
0 0.7353515625 0.1953125 0.017578125 0.0390625
0 0.6162109375 0.2109375 0.033203125 0.01953125
0 0.6201171875 0.2314453125 0.041015625 0.021484375
0 0.6201171875 0.251953125 0.041015625 0.01953125
0 0.6181640625 0.2939453125 0.041015625 0.017578125
0 0.62109375 0.3564453125 0.03515625 0.017578125
0 0.6240234375 0.3740234375 0.041015625 0.017578125
0 0.625 0.3935546875 0.04296875 0.021484375
0 0.6787109375 0.419921875 0.017578125 0.03125
0 0.7197265625 0.4150390625 0.013671875 0.025390625
0 0.7431640625 0.419921875 0.013671875 0.0234375
0 0.78515625 0.26953125 0.0234375 0.01953125
0 0.7880859375 0.294921875 0.021484375 0.015625
0 0.791015625 0.3154296875 0.03515625 0.017578125
