0 0.265625 0.9765625 0.0234375 0.04296875
0 0.3037109375 0.97265625 0.021484375 0.04296875
0 0.0947265625 0.873046875 0.041015625 0.0390625
0 0.1162109375 0.759765625 0.044921875 0.02734375
0 0.1123046875 0.6923828125 0.048828125 0.029296875
0 0.1142578125 0.634765625 0.044921875 0.0234375
0 0.099609375 0.5888671875 0.04296875 0.021484375
0 0.099609375 0.5205078125 0.0390625 0.021484375
0 0.09765625 0.4951171875 0.04296875 0.017578125
0 0.099609375 0.4765625 0.0390625 0.01953125
0 0.095703125 0.4560546875 0.03515625 0.021484375
0 0.0927734375 0.435546875 0.041015625 0.01953125
0 0.095703125 0.408203125 0.03515625 0.01953125
0 0.09375 0.38671875 0.0390625 0.0234375
0 0.0458984375 0.3642578125 0.021484375 0.033203125
0 0.02734375 0.4423828125 0.02734375 0.037109375
0 0.0146484375 0.2607421875 0.021484375 0.041015625
0 0.0361328125 0.10546875 0.021484375 0.046875
0 0.0419921875 0.1767578125 0.017578125 0.037109375
0 0.078125 0.1015625 0.04296875 0.0234375
0 0.0810546875 0.0810546875 0.037109375 0.017578125
0 0.078125 0.0458984375 0.03515625 0.021484375
0 0.07421875 0.02734375 0.04296875 0.015625
0 0.0771484375 0.009765625 0.037109375 0.01953125
0 0.6494140625 0.0078125 0.041015625 0.015625
1 0.6416015625 0.08203125 0.056640625 0.01953125
0 0.6552734375 0.0654296875 0.029296875 0.013671875
0 0.654296875 0.048828125 0.03515625 0.015625
0 0.76171875 0.009765625 0.04296875 0.01953125
0 0.7646484375 0.0302734375 0.037109375 0.021484375
0 0.765625 0.0517578125 0.0390625 0.021484375
0 0.76953125 0.0751953125 0.0390625 0.017578125
0 0.767578125 0.095703125 0.03515625 0.0234375
0 0.7578125 0.1162109375 0.03125 0.013671875
0 0.76953125 0.15234375 0.03125 0.015625
0 0.7666015625 0.173828125 0.044921875 0.015625
0 0.771484375 0.193359375 0.03125 0.015625
0 0.767578125 0.21484375 0.0390625 0.01953125
0 0.6650390625 0.1826171875 0.041015625 0.021484375
0 0.7158203125 0.244140625 0.017578125 0.03125
0 0.6650390625 0.3544921875 0.037109375 0.017578125
0 0.6669921875 0.375 0.041015625 0.0234375
0 0.66015625 0.41015625 0.04296875 0.01953125
0 0.6630859375 0.43359375 0.041015625 0.01953125
0 0.6689453125 0.4853515625 0.037109375 0.017578125
0 0.671875 0.5048828125 0.04296875 0.021484375
0 0.671875 0.5419921875 0.0390625 0.017578125
0 0.5771484375 0.1337890625 0.017578125 0.033203125
0 0.5556640625 0.130859375 0.017578125 0.0390625
0 0.5380859375 0.1298828125 0.017578125 0.029296875
0 0.515625 0.1318359375 0.015625 0.037109375
0 0.494140625 0.12890625 0.015625 0.03125
0 0.4755859375 0.130859375 0.017578125 0.03125
0 0.455078125 0.1357421875 0.015625 0.033203125
0 0.4296875 0.1328125 0.015625 0.03125
0 0.4140625 0.134765625 0.015625 0.02734375
0 0.3916015625 0.1337890625 0.017578125 0.033203125
0 0.3466796875 0.1298828125 0.021484375 0.044921875
0 0.3310546875 0.13671875 0.017578125 0.03125
0 0.3076171875 0.130859375 0.017578125 0.0390625
0 0.2900390625 0.140625 0.013671875 0.02734375
0 0.2705078125 0.1396484375 0.013671875 0.025390625
1 0.24609375 0.1357421875 0.0234375 0.048828125
1 0.2265625 0.1396484375 0.02734375 0.052734375
0 0.20703125 0.1376953125 0.01953125 0.041015625
0 0.185546875 0.140625 0.015625 0.03515625
0 0.1650390625 0.1396484375 0.021484375 0.037109375
0 0.142578125 0.142578125 0.01953125 0.0390625
0 0.67578125 0.560546875 0.046875 0.01953125
0 0.6728515625 0.5810546875 0.041015625 0.021484375
0 0.6767578125 0.6171875 0.041015625 0.01953125
0 0.6826171875 0.638671875 0.033203125 0.0234375
0 0.6728515625 0.6748046875 0.037109375 0.025390625
0 0.6826171875 0.708984375 0.041015625 0.01953125
0 0.677734375 0.7314453125 0.04296875 0.021484375
0 0.71875 0.8203125 0.0234375 0.0390625
0 0.4951171875 0.8583984375 0.021484375 0.041015625
0 0.5146484375 0.85546875 0.017578125 0.03515625
0 0.55078125 0.853515625 0.01953125 0.03125
0 0.5703125 0.853515625 0.01953125 0.03125
0 0.5908203125 0.8564453125 0.021484375 0.037109375
0 0.6376953125 0.9140625 0.041015625 0.02734375
0 0.375 0.5615234375 0.0234375 0.037109375
0 0.416015625 0.69921875 0.03515625 0.0234375
0 0.4169921875 0.7353515625 0.033203125 0.021484375
0 0.4208984375 0.7724609375 0.033203125 0.017578125
0 0.912109375 0.7939453125 0.0234375 0.044921875
0 0.837890625 0.560546875 0.04296875 0.0234375
