0 0.0224609375 0.4697265625 0.041015625 0.021484375
0 0.06640625 0.4609375 0.03125 0.01953125
0 0.0146484375 0.27734375 0.013671875 0.03515625
0 0.033203125 0.2783203125 0.015625 0.037109375
0 0.0517578125 0.2744140625 0.013671875 0.033203125
0 0.0673828125 0.2734375 0.017578125 0.03125
0 0.0869140625 0.2744140625 0.021484375 0.033203125
0 0.189453125 0.34375 0.03515625 0.0390625
0 0.0107421875 0.41015625 0.017578125 0.0390625
0 0.0244140625 0.3642578125 0.017578125 0.033203125
0 0.046875 0.3671875 0.015625 0.03515625
0 0.029296875 0.408203125 0.01953125 0.03515625
0 0.048828125 0.41015625 0.01953125 0.0390625
0 0.064453125 0.3681640625 0.01953125 0.037109375
0 0.0810546875 0.3603515625 0.013671875 0.037109375
0 0.1005859375 0.359375 0.017578125 0.03515625
0 0.06640625 0.40625 0.015625 0.03125
0 0.0849609375 0.4072265625 0.021484375 0.041015625
0 0.1044921875 0.4013671875 0.017578125 0.037109375
0 0.0380859375 0.1171875 0.029296875 0.0390625
0 0.2978515625 0.310546875 0.037109375 0.0234375
0 0.345703125 0.2265625 0.04296875 0.0234375
0 0.3427734375 0.16796875 0.048828125 0.01953125
0 0.3388671875 0.1279296875 0.044921875 0.017578125
0 0.337890625 0.1474609375 0.03515625 0.021484375
0 0.3857421875 0.154296875 0.021484375 0.02734375
0 0.3330078125 0.0390625 0.041015625 0.01953125
0 0.3330078125 0.017578125 0.041015625 0.0234375
0 0.3369140625 0.0908203125 0.037109375 0.021484375
0 0.5703125 0.2607421875 0.0234375 0.041015625
0 0.607421875 0.2568359375 0.01953125 0.037109375
0 0.396484375 0.421875 0.01953125 0.04296875
0 0.4345703125 0.4716796875 0.021484375 0.041015625
0 0.44140625 0.525390625 0.04296875 0.0234375
0 0.2578125 0.529296875 0.0390625 0.0234375
0 0.1513671875 0.513671875 0.037109375 0.03125
0 0.6494140625 0.5986328125 0.048828125 0.021484375
0 0.021484375 0.78515625 0.0390625 0.015625
0 0.021484375 0.9765625 0.03125 0.015625
1 0.1845703125 0.8720703125 0.021484375 0.056640625
1 0.1884765625 0.9423828125 0.025390625 0.060546875
1 0.255859375 0.900390625 0.02734375 0.05859375
0 0.2470703125 0.73828125 0.017578125 0.0390625
0 0.2509765625 0.7744140625 0.017578125 0.033203125
0 0.841796875 0.59375 0.0390625 0.01953125
0 0.876953125 0.478515625 0.04296875 0.01953125
0 0.70703125 0.3837890625 0.01953125 0.037109375
0 0.7275390625 0.3828125 0.021484375 0.03515625
0 0.74609375 0.38671875 0.01953125 0.0390625
0 0.765625 0.380859375 0.0234375 0.0390625
0 0.783203125 0.3837890625 0.0234375 0.041015625
0 0.802734375 0.3837890625 0.01953125 0.041015625
0 0.822265625 0.3798828125 0.015625 0.033203125
0 0.8408203125 0.3818359375 0.017578125 0.041015625
0 0.7392578125 0.3349609375 0.017578125 0.037109375
0 0.7578125 0.33203125 0.01953125 0.0390625
0 0.796875 0.3349609375 0.01953125 0.041015625
0 0.8173828125 0.3349609375 0.021484375 0.037109375
0 0.8544921875 0.33203125 0.017578125 0.03515625
0 0.875 0.3369140625 0.01953125 0.044921875
0 0.8955078125 0.333984375 0.021484375 0.0390625
0 0.912109375 0.330078125 0.01953125 0.0390625
0 0.951171875 0.33203125 0.0234375 0.04296875
0 0.8984375 0.375 0.01953125 0.0390625
0 0.9345703125 0.3701171875 0.017578125 0.033203125
0 0.9541015625 0.37890625 0.017578125 0.03125
0 0.970703125 0.369140625 0.0234375 0.04296875
0 0.662109375 0.255859375 0.01953125 0.03515625
0 0.68359375 0.2548828125 0.01953125 0.041015625
0 0.720703125 0.255859375 0.01953125 0.04296875
0 0.740234375 0.25390625 0.01171875 0.03515625
0 0.7578125 0.2509765625 0.015625 0.033203125
0 0.775390625 0.2490234375 0.015625 0.037109375
0 0.8173828125 0.2509765625 0.017578125 0.033203125
0 0.8515625 0.2529296875 0.015625 0.037109375
0 0.9443359375 0.166015625 0.037109375 0.01953125
0 0.94921875 0.2001953125 0.0390625 0.025390625
0 0.953125 0.0947265625 0.0390625 0.025390625
0 0.94921875 0.0537109375 0.0390625 0.017578125
0 0.947265625 0.0283203125 0.046875 0.017578125
