0 0.0390625 0.2646484375 0.03515625 0.021484375
0 0.1630859375 0.1376953125 0.037109375 0.029296875
0 0.1591796875 0.06640625 0.033203125 0.02734375
0 0.1689453125 0.208984375 0.041015625 0.01953125
0 0.1962890625 0.3447265625 0.025390625 0.041015625
0 0.2822265625 0.56640625 0.021484375 0.046875
0 0.3349609375 0.5673828125 0.021484375 0.037109375
0 0.4609375 0.5625 0.0234375 0.04296875
0 0.4833984375 0.5302734375 0.025390625 0.044921875
0 0.671875 0.5517578125 0.0234375 0.041015625
0 0.8330078125 0.5517578125 0.021484375 0.044921875
0 0.513671875 0.66796875 0.0234375 0.04296875
0 0.5341796875 0.7041015625 0.017578125 0.041015625
0 0.6806640625 0.6552734375 0.025390625 0.037109375
0 0.7607421875 0.5380859375 0.021484375 0.037109375
0 0.9697265625 0.5361328125 0.021484375 0.041015625
0 0.4833984375 0.453125 0.041015625 0.03125
0 0.587890625 0.439453125 0.0390625 0.03125
0 0.65625 0.439453125 0.02734375 0.0234375
0 0.6572265625 0.46484375 0.029296875 0.03125
0 0.7119140625 0.248046875 0.037109375 0.0234375
0 0.703125 0.1796875 0.02734375 0.0390625
