0 0.01953125 0.5546875 0.03515625 0.03125
0 0.10546875 0.4091796875 0.03125 0.025390625
0 0.1494140625 0.3837890625 0.037109375 0.033203125
0 0.3125 0.2880859375 0.03515625 0.029296875
0 0.05078125 0.576171875 0.0234375 0.0234375
0 0.0869140625 0.552734375 0.025390625 0.02734375
0 0.1044921875 0.5400390625 0.025390625 0.025390625
0 0.216796875 0.4775390625 0.0234375 0.041015625
0 0.1416015625 0.5224609375 0.025390625 0.021484375
0 0.0693359375 0.5625 0.021484375 0.0234375
0 0.30859375 0.423828125 0.0234375 0.0234375
0 0.3837890625 0.2685546875 0.033203125 0.025390625
