0 0.052734375 0.71484375 0.046875 0.02734375
1 0.13671875 0.2236328125 0.05859375 0.021484375
1 0.13671875 0.2431640625 0.05859375 0.017578125
1 0.1376953125 0.3251953125 0.060546875 0.021484375
1 0.140625 0.3466796875 0.06640625 0.021484375
1 0.1416015625 0.3671875 0.068359375 0.01953125
1 0.1435546875 0.38671875 0.060546875 0.01953125
1 0.142578125 0.4052734375 0.05859375 0.017578125
1 0.14453125 0.423828125 0.0625 0.01953125
1 0.1455078125 0.443359375 0.064453125 0.01953125
1 0.1494140625 0.4619140625 0.056640625 0.017578125
1 0.1513671875 0.48046875 0.060546875 0.01953125
0 0.2001953125 0.46875 0.044921875 0.01953125
0 0.220703125 0.5419921875 0.01953125 0.037109375
0 0.158203125 0.5732421875 0.03515625 0.017578125
0 0.16796875 0.599609375 0.03515625 0.015625
0 0.171875 0.619140625 0.04296875 0.0234375
0 0.6123046875 0.5615234375 0.025390625 0.044921875
0 0.591796875 0.583984375 0.01953125 0.03515625
0 0.5361328125 0.607421875 0.017578125 0.0390625
0 0.5166015625 0.609375 0.021484375 0.03515625
0 0.447265625 0.6142578125 0.01953125 0.041015625
0 0.400390625 0.6171875 0.01953125 0.03515625
0 0.421875 0.615234375 0.01953125 0.0390625
0 0.3818359375 0.6142578125 0.017578125 0.033203125
0 0.3115234375 0.650390625 0.041015625 0.0234375
0 0.3876953125 0.677734375 0.041015625 0.01953125
0 0.671875 0.76953125 0.01953125 0.0390625
0 0.650390625 0.7685546875 0.0234375 0.041015625
0 0.5810546875 0.7822265625 0.021484375 0.041015625
0 0.490234375 0.7763671875 0.01953125 0.041015625
0 0.5087890625 0.8154296875 0.017578125 0.037109375
0 0.5107421875 0.7666015625 0.017578125 0.037109375
0 0.4677734375 0.7783203125 0.025390625 0.037109375
0 0.451171875 0.77734375 0.0234375 0.0390625
0 0.0703125 0.7861328125 0.01953125 0.044921875
0 0.0908203125 0.783203125 0.021484375 0.0390625
0 0.1123046875 0.7802734375 0.021484375 0.033203125
0 0.1318359375 0.7734375 0.017578125 0.03515625
1 0.2177734375 0.7646484375 0.021484375 0.060546875
0 0.2177734375 0.865234375 0.029296875 0.0234375
0 0.162109375 0.95703125 0.04296875 0.01953125
0 0.1611328125 0.9755859375 0.041015625 0.017578125
0 0.5673828125 0.8515625 0.041015625 0.01953125
0 0.8779296875 0.9384765625 0.021484375 0.041015625
0 0.904296875 0.9404296875 0.015625 0.041015625
0 0.8720703125 0.8193359375 0.029296875 0.041015625
0 0.7880859375 0.7998046875 0.021484375 0.033203125
0 0.73828125 0.7666015625 0.015625 0.037109375
