0 0.0927734375 0.140625 0.033203125 0.03515625
0 0.3603515625 0.3544921875 0.033203125 0.033203125
0 0.455078125 0.51171875 0.03125 0.02734375
0 0.50390625 0.5419921875 0.03515625 0.033203125
0 0.583984375 0.5791015625 0.03125 0.029296875
0 0.595703125 0.5927734375 0.0390625 0.033203125
0 0.62890625 0.626953125 0.01953125 0.0234375
0 0.6494140625 0.6611328125 0.029296875 0.029296875
0 0.705078125 0.69140625 0.03125 0.03125
0 0.7314453125 0.669921875 0.033203125 0.03125
0 0.8095703125 0.732421875 0.033203125 0.03515625
0 0.822265625 0.7470703125 0.03125 0.033203125
0 0.951171875 0.7041015625 0.03125 0.033203125
0 0.869140625 0.78125 0.02734375 0.03125
0 0.88671875 0.796875 0.03515625 0.03125
0 0.9150390625 0.8212890625 0.033203125 0.033203125
0 0.921875 0.9189453125 0.0234375 0.025390625
0 0.8486328125 0.86328125 0.021484375 0.0234375
0 0.8642578125 0.875 0.025390625 0.0234375
0 0.71875 0.7509765625 0.02734375 0.025390625
0 0.4453125 0.666015625 0.03125 0.03125
0 0.9755859375 0.7158203125 0.033203125 0.037109375
0 0.96484375 0.859375 0.03515625 0.03515625
0 0.9794921875 0.884765625 0.033203125 0.03515625
0 0.919921875 0.916015625 0.03125 0.03125
