0 0.158203125 0.0244140625 0.0390625 0.021484375
0 0.0654296875 0.0888671875 0.037109375 0.017578125
0 0.068359375 0.140625 0.03515625 0.015625
0 0.0693359375 0.1572265625 0.037109375 0.017578125
0 0.2109375 0.099609375 0.04296875 0.01953125
0 0.0283203125 0.2451171875 0.017578125 0.037109375
0 0.287109375 0.2177734375 0.01953125 0.033203125
0 0.3486328125 0.23046875 0.017578125 0.03515625
0 0.3740234375 0.2294921875 0.017578125 0.037109375
0 0.4208984375 0.228515625 0.017578125 0.03515625
0 0.4853515625 0.0205078125 0.033203125 0.013671875
0 0.482421875 0.05859375 0.03125 0.015625
0 0.4833984375 0.078125 0.029296875 0.01171875
0 0.4833984375 0.09765625 0.037109375 0.015625
0 0.482421875 0.115234375 0.03125 0.015625
0 0.484375 0.134765625 0.03125 0.015625
0 0.486328125 0.1513671875 0.03515625 0.017578125
0 0.4892578125 0.17578125 0.037109375 0.01953125
0 0.5126953125 0.1123046875 0.021484375 0.037109375
0 0.0205078125 0.5 0.021484375 0.0390625
0 0.064453125 0.4990234375 0.01953125 0.029296875
0 0.138671875 0.494140625 0.01953125 0.0390625
0 0.1787109375 0.4853515625 0.021484375 0.029296875
0 0.224609375 0.4853515625 0.015625 0.029296875
0 0.236328125 0.5185546875 0.046875 0.025390625
0 0.2705078125 0.4833984375 0.017578125 0.037109375
0 0.3359375 0.48046875 0.015625 0.03515625
0 0.359375 0.48046875 0.01953125 0.03515625
0 0.404296875 0.4794921875 0.015625 0.029296875
0 0.423828125 0.4765625 0.01953125 0.03125
0 0.587890625 0.4931640625 0.03125 0.033203125
0 0.775390625 0.0810546875 0.03515625 0.013671875
0 0.775390625 0.095703125 0.03515625 0.015625
0 0.7783203125 0.1298828125 0.037109375 0.017578125
0 0.775390625 0.18359375 0.0390625 0.01953125
0 0.78125 0.2314453125 0.03515625 0.013671875
0 0.787109375 0.25390625 0.04296875 0.0234375
0 0.7841796875 0.3076171875 0.037109375 0.013671875
0 0.7880859375 0.32421875 0.037109375 0.01953125
0 0.7890625 0.3427734375 0.0390625 0.017578125
0 0.826171875 0.4091796875 0.0234375 0.037109375
0 0.9228515625 0.408203125 0.025390625 0.04296875
0 0.8798828125 0.267578125 0.037109375 0.015625
0 0.8779296875 0.2197265625 0.037109375 0.017578125
0 0.875 0.1845703125 0.0390625 0.013671875
0 0.875 0.1494140625 0.0390625 0.021484375
0 0.8720703125 0.1181640625 0.041015625 0.017578125
0 0.873046875 0.1005859375 0.0390625 0.017578125
0 0.94921875 0.05859375 0.03515625 0.01953125
0 0.9501953125 0.1279296875 0.037109375 0.017578125
0 0.09765625 0.771484375 0.01953125 0.03515625
0 0.1396484375 0.7744140625 0.021484375 0.037109375
0 0.216796875 0.7646484375 0.0234375 0.041015625
0 0.2978515625 0.75390625 0.021484375 0.03515625
0 0.3408203125 0.751953125 0.017578125 0.03515625
0 0.3798828125 0.7509765625 0.017578125 0.033203125
0 0.58203125 0.7509765625 0.015625 0.037109375
0 0.6064453125 0.7451171875 0.013671875 0.025390625
0 0.740234375 0.7421875 0.01953125 0.03125
0 0.7900390625 0.630859375 0.017578125 0.0390625
0 0.80859375 0.6259765625 0.01953125 0.029296875
0 0.8134765625 0.66796875 0.017578125 0.03515625
0 0.8583984375 0.65625 0.017578125 0.0390625
0 0.4697265625 0.83203125 0.037109375 0.01953125
0 0.0380859375 0.8955078125 0.017578125 0.033203125
0 0.056640625 0.89453125 0.015625 0.03515625
0 0.1025390625 0.890625 0.025390625 0.0390625
0 0.2158203125 0.8837890625 0.017578125 0.037109375
0 0.2373046875 0.8837890625 0.017578125 0.037109375
0 0.3369140625 0.8818359375 0.021484375 0.037109375
0 0.3740234375 0.8798828125 0.017578125 0.033203125
0 0.529296875 0.8701171875 0.015625 0.037109375
0 0.603515625 0.8701171875 0.015625 0.033203125
0 0.6611328125 0.8603515625 0.013671875 0.033203125
0 0.7578125 0.865234375 0.015625 0.03515625
0 0.7763671875 0.865234375 0.017578125 0.03125
0 0.91796875 0.853515625 0.02734375 0.01953125
0 0.916015625 0.9091796875 0.01953125 0.037109375
1 0.833984375 0.94921875 0.0546875 0.01171875
1 0.837890625 0.9677734375 0.0546875 0.013671875
1 0.8349609375 0.986328125 0.052734375 0.01171875
