0 0.8857421875 0.4111328125 0.041015625 0.021484375
0 0.7119140625 0.34375 0.017578125 0.0390625
0 0.94140625 0.3017578125 0.046875 0.025390625
0 0.693359375 0.240234375 0.01953125 0.0390625
0 0.7138671875 0.2265625 0.021484375 0.0390625
0 0.736328125 0.2412109375 0.015625 0.037109375
0 0.70703125 0.0283203125 0.04296875 0.021484375
0 0.7119140625 0.052734375 0.041015625 0.015625
0 0.7197265625 0.0751953125 0.037109375 0.021484375
0 0.7138671875 0.095703125 0.037109375 0.01171875
0 0.70703125 0.1142578125 0.04296875 0.017578125
