1 0.59375 0.0693359375 0.0546875 0.025390625
1 0.5947265625 0.1328125 0.048828125 0.0234375
0 0.6005859375 0.15625 0.041015625 0.01953125
1 0.951171875 0.1865234375 0.0234375 0.060546875
0 0.0517578125 0.0869140625 0.037109375 0.017578125
0 0.091796875 0.2197265625 0.01953125 0.033203125
0 0.203125 0.2412109375 0.01953125 0.037109375
0 0.234375 0.234375 0.0234375 0.03515625
0 0.25390625 0.23828125 0.015625 0.02734375
0 0.2744140625 0.23828125 0.017578125 0.03125
0 0.29296875 0.2353515625 0.01953125 0.037109375
0 0.3388671875 0.232421875 0.017578125 0.03515625
0 0.376953125 0.232421875 0.01953125 0.03515625
0 0.5283203125 0.2783203125 0.044921875 0.021484375
0 0.7041015625 0.203125 0.017578125 0.03515625
0 0.7451171875 0.197265625 0.017578125 0.03125
0 0.794921875 0.197265625 0.0234375 0.05078125
0 0.83984375 0.189453125 0.015625 0.03125
0 0.865234375 0.1962890625 0.015625 0.037109375
0 0.8896484375 0.1943359375 0.017578125 0.037109375
0 0.9130859375 0.197265625 0.017578125 0.0390625
0 0.501953125 0.4599609375 0.0234375 0.041015625
0 0.5 0.5029296875 0.015625 0.033203125
0 0.5048828125 0.55078125 0.017578125 0.0390625
0 0.5087890625 0.666015625 0.021484375 0.0390625
0 0.517578125 0.798828125 0.01953125 0.0390625
0 0.6064453125 0.8203125 0.017578125 0.03515625
0 0.5400390625 0.8916015625 0.021484375 0.041015625
0 0.6015625 0.888671875 0.01953125 0.0390625
0 0.4619140625 0.080078125 0.037109375 0.01953125
0 0.46484375 0.1181640625 0.03125 0.017578125
