0 0.4677734375 0.4453125 0.021484375 0.0390625
0 0.41796875 0.41015625 0.03125 0.0390625
0 0.400390625 0.3583984375 0.0390625 0.021484375
0 0.400390625 0.3818359375 0.0390625 0.025390625
0 0.474609375 0.318359375 0.03515625 0.01953125
0 0.658203125 0.966796875 0.015625 0.02734375
0 0.63671875 0.955078125 0.01953125 0.03125
0 0.57421875 0.9580078125 0.0234375 0.041015625
0 0.5 0.9609375 0.01953125 0.03515625
0 0.9482421875 0.2998046875 0.017578125 0.041015625
0 0.41015625 0.5205078125 0.01953125 0.033203125
0 0.4541015625 0.5185546875 0.017578125 0.037109375
0 0.4931640625 0.623046875 0.029296875 0.01953125
0 0.4814453125 0.6484375 0.037109375 0.0234375
0 0.49609375 0.669921875 0.03515625 0.01953125
0 0.4970703125 0.689453125 0.037109375 0.01953125
0 0.419921875 0.7060546875 0.03515625 0.021484375
0 0.5 0.75390625 0.03125 0.01953125
0 0.5 0.7734375 0.03125 0.01953125
0 0.5009765625 0.796875 0.033203125 0.01953125
0 0.5009765625 0.8173828125 0.033203125 0.021484375
