1 0.1865234375 0.7431640625 0.037109375 0.048828125
1 0.2236328125 0.7333984375 0.064453125 0.068359375
1 0.2841796875 0.736328125 0.044921875 0.0546875
1 0.3232421875 0.728515625 0.060546875 0.07421875
1 0.3603515625 0.728515625 0.044921875 0.05078125
1 0.3935546875 0.7265625 0.044921875 0.046875
1 0.4169921875 0.73046875 0.044921875 0.046875
1 0.4482421875 0.7255859375 0.048828125 0.048828125
1 0.4814453125 0.7216796875 0.048828125 0.052734375
1 0.5146484375 0.724609375 0.044921875 0.05078125
1 0.5419921875 0.7236328125 0.044921875 0.048828125
1 0.609375 0.705078125 0.06640625 0.0625
1 0.642578125 0.712890625 0.06640625 0.0625
1 0.6875 0.7109375 0.0703125 0.0625
1 0.740234375 0.7041015625 0.06640625 0.064453125
1 0.7880859375 0.69921875 0.068359375 0.06640625
1 0.828125 0.701171875 0.06640625 0.0625
1 0.87109375 0.70703125 0.04296875 0.046875
1 0.912109375 0.7001953125 0.04296875 0.041015625
1 0.953125 0.69921875 0.0703125 0.05859375
1 0.2392578125 0.849609375 0.083984375 0.05078125
1 0.3447265625 0.8486328125 0.076171875 0.060546875
1 0.4521484375 0.8505859375 0.068359375 0.060546875
1 0.5009765625 0.8486328125 0.076171875 0.068359375
1 0.5634765625 0.8388671875 0.068359375 0.064453125
1 0.66015625 0.8330078125 0.0859375 0.068359375
1 0.7431640625 0.8232421875 0.076171875 0.064453125
1 0.40625 0.84375 0.07421875 0.05859375
1 0.8310546875 0.8212890625 0.076171875 0.068359375
1 0.8876953125 0.8154296875 0.076171875 0.060546875
1 0.4638671875 0.9267578125 0.095703125 0.029296875
1 0.5771484375 0.91796875 0.095703125 0.02734375
1 0.802734375 0.904296875 0.0546875 0.015625
