0 0.7353515625 0.908203125 0.041015625 0.01953125
0 0.7578125 0.8212890625 0.03515625 0.021484375
0 0.763671875 0.7255859375 0.04296875 0.021484375
0 0.697265625 0.7294921875 0.0234375 0.029296875
0 0.6103515625 0.7216796875 0.017578125 0.041015625
0 0.6171875 0.59765625 0.01953125 0.03125
0 0.7177734375 0.58203125 0.041015625 0.01953125
0 0.759765625 0.580078125 0.04296875 0.015625
0 0.7529296875 0.6416015625 0.044921875 0.025390625
0 0.5703125 0.5439453125 0.0390625 0.017578125
0 0.546875 0.56640625 0.04296875 0.015625
0 0.4912109375 0.55859375 0.037109375 0.015625
0 0.4912109375 0.5771484375 0.037109375 0.021484375
0 0.4248046875 0.634765625 0.033203125 0.03515625
0 0.5400390625 0.431640625 0.044921875 0.01953125
0 0.5478515625 0.40625 0.041015625 0.015625
0 0.517578125 0.142578125 0.0390625 0.01953125
0 0.8291015625 0.0673828125 0.025390625 0.044921875
0 0.9228515625 0.0205078125 0.044921875 0.017578125
0 0.9267578125 0.0595703125 0.048828125 0.017578125
0 0.9169921875 0.08984375 0.048828125 0.01171875
0 0.9306640625 0.109375 0.044921875 0.015625
0 0.9345703125 0.12890625 0.041015625 0.0234375
