0 0.0947265625 0.35546875 0.017578125 0.03125
0 0.1220703125 0.349609375 0.025390625 0.03515625
0 0.126953125 0.8994140625 0.03515625 0.021484375
0 0.1796875 0.9326171875 0.04296875 0.029296875
0 0.287109375 0.9541015625 0.04296875 0.021484375
0 0.337890625 0.9541015625 0.0390625 0.025390625
0 0.28125 0.9794921875 0.04296875 0.021484375
0 0.33203125 0.798828125 0.046875 0.01953125
0 0.3291015625 0.7783203125 0.044921875 0.017578125
0 0.6259765625 0.3701171875 0.037109375 0.017578125
0 0.6640625 0.412109375 0.0234375 0.04296875
0 0.71875 0.4619140625 0.0390625 0.021484375
0 0.568359375 0.8271484375 0.03515625 0.017578125
0 0.55859375 0.806640625 0.0390625 0.02734375
0 0.546875 0.7587890625 0.03125 0.041015625
0 0.5673828125 0.78515625 0.041015625 0.02734375
0 0.7109375 0.81640625 0.0390625 0.0234375
0 0.70703125 0.837890625 0.0390625 0.01953125
0 0.572265625 0.8916015625 0.0234375 0.037109375
0 0.6025390625 0.8857421875 0.021484375 0.037109375
0 0.623046875 0.8857421875 0.0234375 0.037109375
0 0.517578125 0.94140625 0.04296875 0.0234375
0 0.5673828125 0.94140625 0.048828125 0.0234375
0 0.6689453125 0.9345703125 0.033203125 0.041015625
0 0.9765625 0.982421875 0.04296875 0.01953125
