0 0.9462890625 0.015625 0.037109375 0.01953125
0 0.9462890625 0.056640625 0.041015625 0.0234375
0 0.9384765625 0.1005859375 0.037109375 0.021484375
0 0.94921875 0.1416015625 0.04296875 0.021484375
0 0.9443359375 0.1591796875 0.041015625 0.017578125
0 0.9462890625 0.177734375 0.044921875 0.01953125
0 0.947265625 0.197265625 0.046875 0.01953125
0 0.953125 0.2158203125 0.0390625 0.017578125
0 0.953125 0.234375 0.0390625 0.01953125
0 0.953125 0.2529296875 0.0390625 0.017578125
0 0.953125 0.2724609375 0.0390625 0.021484375
0 0.5947265625 0.033203125 0.060546875 0.02734375
0 0.6025390625 0.056640625 0.044921875 0.01953125
0 0.6044921875 0.09375 0.060546875 0.0234375
0 0.6025390625 0.1162109375 0.044921875 0.021484375
0 0.6015625 0.1376953125 0.04296875 0.021484375
0 0.6015625 0.158203125 0.04296875 0.01953125
0 0.6015625 0.181640625 0.0625 0.02734375
0 0.671875 0.1162109375 0.01953125 0.037109375
0 0.078125 0.0458984375 0.0234375 0.041015625
0 0.3173828125 0.9365234375 0.041015625 0.021484375
0 0.322265625 0.982421875 0.04296875 0.01953125
0 0.3173828125 0.9140625 0.033203125 0.0234375
0 0.31640625 0.8916015625 0.03515625 0.021484375
0 0.3154296875 0.87109375 0.029296875 0.01953125
0 0.3125 0.8515625 0.03515625 0.01953125
0 0.3115234375 0.8271484375 0.037109375 0.017578125
0 0.3076171875 0.8095703125 0.044921875 0.017578125
0 0.427734375 0.818359375 0.0234375 0.015625
0 0.4287109375 0.83984375 0.029296875 0.01953125
0 0.3828125 0.82421875 0.01953125 0.02734375
0 0.66796875 0.9677734375 0.04296875 0.021484375
0 0.7587890625 0.8828125 0.021484375 0.0390625
0 0.65234375 0.986328125 0.03515625 0.01953125
0 0.978515625 0.7705078125 0.03125 0.013671875
0 0.9775390625 0.7548828125 0.041015625 0.017578125
0 0.974609375 0.73046875 0.03515625 0.015625
0 0.9775390625 0.6552734375 0.041015625 0.021484375
0 0.9677734375 0.5947265625 0.037109375 0.017578125
0 0.96875 0.576171875 0.03515625 0.01953125
0 0.9697265625 0.556640625 0.033203125 0.01953125
0 0.97265625 0.5390625 0.02734375 0.015625
0 0.96484375 0.50390625 0.03515625 0.015625
0 0.96484375 0.4853515625 0.03515625 0.021484375
0 0.96484375 0.443359375 0.0390625 0.01953125
0 0.96484375 0.41015625 0.04296875 0.01953125
0 0.962890625 0.4287109375 0.03125 0.017578125
0 0.95703125 0.3720703125 0.03515625 0.021484375
0 0.9873046875 0.34375 0.021484375 0.04296875
0 0.689453125 0.521484375 0.01953125 0.0390625
0 0.7412109375 0.6689453125 0.021484375 0.041015625
0 0.3486328125 0.33203125 0.033203125 0.01953125
0 0.30078125 0.58984375 0.0390625 0.01953125
0 0.3095703125 0.6328125 0.037109375 0.01953125
0 0.3095703125 0.69921875 0.033203125 0.01953125
0 0.30859375 0.677734375 0.02734375 0.015625
0 0.3115234375 0.7216796875 0.033203125 0.017578125
0 0.3173828125 0.7587890625 0.033203125 0.017578125
0 0.7880859375 0.9375 0.017578125 0.0390625
0 0.388671875 0.8681640625 0.015625 0.029296875
0 0.6318359375 0.630859375 0.037109375 0.015625
0 0.630859375 0.6474609375 0.03515625 0.017578125
