0 0.03125 0.13671875 0.01953125 0.03125
0 0.0556640625 0.140625 0.017578125 0.0390625
0 0.3056640625 0.0380859375 0.037109375 0.029296875
0 0.322265625 0.138671875 0.03515625 0.01953125
0 0.333984375 0.185546875 0.03515625 0.015625
0 0.3388671875 0.2236328125 0.037109375 0.017578125
0 0.3388671875 0.244140625 0.037109375 0.0234375
0 0.373046875 0.0576171875 0.01953125 0.041015625
0 0.3984375 0.0537109375 0.0234375 0.029296875
0 0.3955078125 0.2509765625 0.025390625 0.041015625
0 0.4326171875 0.26171875 0.029296875 0.03515625
0 0.5400390625 0.2587890625 0.037109375 0.041015625
0 0.638671875 0.2607421875 0.02734375 0.037109375
0 0.6640625 0.267578125 0.0234375 0.03125
0 0.3330078125 0.365234375 0.033203125 0.01953125
0 0.34765625 0.3857421875 0.0390625 0.021484375
0 0.3369140625 0.4267578125 0.041015625 0.021484375
0 0.73828125 0.26171875 0.02734375 0.03125
0 0.763671875 0.2607421875 0.03125 0.029296875
0 0.1865234375 0.83984375 0.037109375 0.0234375
