0 0.0302734375 0.4921875 0.021484375 0.04296875
0 0.0498046875 0.4892578125 0.021484375 0.037109375
0 0.0732421875 0.4794921875 0.029296875 0.041015625
0 0.0908203125 0.4677734375 0.025390625 0.033203125
0 0.11328125 0.486328125 0.01953125 0.04296875
0 0.1494140625 0.4892578125 0.037109375 0.037109375
0 0.171875 0.521484375 0.03515625 0.0390625
0 0.1533203125 0.390625 0.041015625 0.03515625
0 0.1669921875 0.44921875 0.025390625 0.0390625
0 0.1416015625 0.4482421875 0.025390625 0.041015625
0 0.19921875 0.47265625 0.0390625 0.03515625
0 0.19140625 0.501953125 0.03125 0.03125
0 0.1328125 0.5712890625 0.03515625 0.021484375
0 0.0380859375 0.6572265625 0.021484375 0.037109375
1 0.0595703125 0.658203125 0.017578125 0.0546875
0 0.115234375 0.6630859375 0.0234375 0.041015625
0 0.1533203125 0.62890625 0.033203125 0.015625
0 0.15625 0.662109375 0.0234375 0.0390625
0 0.1943359375 0.66015625 0.013671875 0.0390625
0 0.2529296875 0.6572265625 0.017578125 0.037109375
0 0.2705078125 0.650390625 0.021484375 0.0390625
0 0.23046875 0.658203125 0.01953125 0.0390625
0 0.21484375 0.533203125 0.0390625 0.01953125
0 0.26171875 0.5322265625 0.0390625 0.017578125
0 0.3134765625 0.5283203125 0.037109375 0.021484375
0 0.3125 0.56640625 0.0390625 0.01953125
0 0.2470703125 0.4736328125 0.017578125 0.033203125
0 0.24609375 0.43359375 0.015625 0.03515625
0 0.2646484375 0.4326171875 0.021484375 0.033203125
0 0.2666015625 0.4755859375 0.021484375 0.037109375
0 0.2861328125 0.4736328125 0.017578125 0.033203125
0 0.2841796875 0.431640625 0.017578125 0.03125
0 0.30078125 0.4306640625 0.015625 0.029296875
0 0.3037109375 0.47265625 0.017578125 0.0390625
0 0.1201171875 0.36328125 0.013671875 0.03125
0 0.138671875 0.353515625 0.01953125 0.0390625
0 0.16015625 0.349609375 0.015625 0.0390625
0 0.1787109375 0.3486328125 0.021484375 0.037109375
0 0.1982421875 0.349609375 0.017578125 0.0390625
0 0.21484375 0.345703125 0.01953125 0.0390625
0 0.232421875 0.34375 0.01953125 0.03515625
0 0.2548828125 0.345703125 0.021484375 0.046875
0 0.271484375 0.341796875 0.0234375 0.0390625
0 0.263671875 0.3779296875 0.03125 0.017578125
0 0.2919921875 0.34375 0.017578125 0.04296875
0 0.310546875 0.3427734375 0.01953125 0.041015625
0 0.3291015625 0.3427734375 0.017578125 0.041015625
0 0.34765625 0.341796875 0.01953125 0.0390625
0 0.3662109375 0.3369140625 0.017578125 0.041015625
0 0.3876953125 0.3359375 0.017578125 0.046875
0 0.3232421875 0.3984375 0.041015625 0.01953125
0 0.3203125 0.4306640625 0.015625 0.037109375
0 0.337890625 0.4287109375 0.01953125 0.033203125
0 0.357421875 0.4287109375 0.01953125 0.033203125
0 0.3759765625 0.4287109375 0.013671875 0.033203125
0 0.3935546875 0.42578125 0.013671875 0.02734375
0 0.4111328125 0.4267578125 0.013671875 0.029296875
0 0.431640625 0.4267578125 0.015625 0.029296875
0 0.451171875 0.423828125 0.015625 0.03515625
0 0.4716796875 0.4228515625 0.013671875 0.029296875
0 0.48828125 0.4189453125 0.01171875 0.033203125
0 0.5068359375 0.41796875 0.013671875 0.03515625
0 0.322265625 0.4716796875 0.01953125 0.033203125
0 0.341796875 0.4677734375 0.015625 0.033203125
0 0.3583984375 0.4697265625 0.017578125 0.037109375
0 0.380859375 0.470703125 0.015625 0.03515625
0 0.396484375 0.470703125 0.015625 0.03515625
0 0.4150390625 0.4677734375 0.017578125 0.037109375
0 0.43359375 0.4658203125 0.01953125 0.033203125
0 0.4541015625 0.4638671875 0.017578125 0.033203125
0 0.47265625 0.462890625 0.015625 0.03515625
0 0.4921875 0.4638671875 0.015625 0.037109375
0 0.3740234375 0.5107421875 0.041015625 0.017578125
0 0.2548828125 0.509765625 0.037109375 0.015625
0 0.3193359375 0.5009765625 0.033203125 0.017578125
0 0.36328125 0.5302734375 0.03125 0.013671875
0 0.40625 0.5224609375 0.03125 0.017578125
0 0.4677734375 0.5224609375 0.037109375 0.017578125
0 0.51171875 0.5185546875 0.03515625 0.017578125
0 0.5556640625 0.513671875 0.029296875 0.01953125
0 0.603515625 0.513671875 0.03515625 0.01953125
0 0.6455078125 0.51171875 0.025390625 0.015625
0 0.509765625 0.462890625 0.01953125 0.03515625
0 0.5283203125 0.4638671875 0.017578125 0.037109375
0 0.5458984375 0.4638671875 0.017578125 0.037109375
0 0.564453125 0.4619140625 0.01953125 0.033203125
0 0.58203125 0.462890625 0.01953125 0.03515625
0 0.6025390625 0.458984375 0.021484375 0.0390625
0 0.6220703125 0.4599609375 0.017578125 0.041015625
0 0.640625 0.4619140625 0.01953125 0.037109375
0 0.6591796875 0.45703125 0.017578125 0.0390625
0 0.677734375 0.4609375 0.01953125 0.03515625
0 0.697265625 0.4541015625 0.01953125 0.037109375
0 0.716796875 0.455078125 0.01953125 0.0390625
0 0.7333984375 0.451171875 0.021484375 0.04296875
0 0.7529296875 0.4501953125 0.017578125 0.041015625
0 0.7724609375 0.447265625 0.013671875 0.03125
0 0.52734375 0.4169921875 0.01953125 0.041015625
0 0.544921875 0.4150390625 0.015625 0.037109375
0 0.5615234375 0.423828125 0.017578125 0.03125
0 0.58203125 0.4169921875 0.015625 0.029296875
0 0.6015625 0.41796875 0.015625 0.03125
0 0.6181640625 0.4169921875 0.017578125 0.029296875
0 0.638671875 0.416015625 0.0234375 0.04296875
0 0.6591796875 0.4169921875 0.017578125 0.033203125
0 0.67578125 0.4111328125 0.015625 0.033203125
0 0.63671875 0.3740234375 0.03515625 0.021484375
0 0.6953125 0.412109375 0.015625 0.03125
0 0.7158203125 0.412109375 0.013671875 0.03515625
0 0.73046875 0.4111328125 0.01953125 0.033203125
0 0.75 0.4111328125 0.015625 0.029296875
0 0.76953125 0.4091796875 0.015625 0.033203125
0 0.7890625 0.40625 0.015625 0.03515625
0 0.806640625 0.4052734375 0.01953125 0.033203125
0 0.8251953125 0.40625 0.017578125 0.0390625
0 0.7900390625 0.4482421875 0.013671875 0.033203125
0 0.8115234375 0.44921875 0.013671875 0.03515625
0 0.4052734375 0.3369140625 0.017578125 0.033203125
0 0.423828125 0.33203125 0.015625 0.03125
0 0.4384765625 0.33984375 0.013671875 0.03125
0 0.462890625 0.3330078125 0.01953125 0.033203125
0 0.484375 0.3359375 0.015625 0.03125
0 0.5 0.3330078125 0.015625 0.025390625
0 0.51953125 0.333984375 0.01171875 0.02734375
0 0.5419921875 0.333984375 0.013671875 0.0390625
0 0.5595703125 0.33203125 0.021484375 0.03515625
0 0.6396484375 0.33203125 0.017578125 0.03125
0 0.6611328125 0.3291015625 0.017578125 0.041015625
0 0.6796875 0.3251953125 0.01953125 0.033203125
0 0.69921875 0.3271484375 0.01953125 0.037109375
0 0.71875 0.3212890625 0.01953125 0.033203125
0 0.7373046875 0.3291015625 0.017578125 0.041015625
0 0.755859375 0.326171875 0.01953125 0.03515625
0 0.775390625 0.32421875 0.01953125 0.03125
0 0.8095703125 0.3203125 0.017578125 0.0390625
0 0.828125 0.3173828125 0.01953125 0.033203125
0 0.84765625 0.3193359375 0.01953125 0.037109375
0 0.8671875 0.3193359375 0.01953125 0.044921875
0 0.8857421875 0.314453125 0.017578125 0.03515625
0 0.9052734375 0.314453125 0.021484375 0.03515625
0 0.923828125 0.314453125 0.015625 0.03515625
0 0.9404296875 0.31640625 0.017578125 0.0390625
0 0.84375 0.40625 0.01953125 0.03515625
0 0.8623046875 0.4013671875 0.013671875 0.037109375
0 0.880859375 0.4033203125 0.015625 0.037109375
0 0.8466796875 0.4453125 0.017578125 0.03125
0 0.8662109375 0.4453125 0.021484375 0.03125
0 0.9033203125 0.447265625 0.017578125 0.0390625
0 0.8994140625 0.400390625 0.017578125 0.03515625
0 0.7353515625 0.5107421875 0.041015625 0.017578125
0 0.783203125 0.5048828125 0.03125 0.021484375
0 0.8388671875 0.5048828125 0.041015625 0.017578125
0 0.9169921875 0.400390625 0.017578125 0.03515625
0 0.9228515625 0.4482421875 0.021484375 0.041015625
0 0.935546875 0.3994140625 0.01953125 0.033203125
0 0.955078125 0.3994140625 0.01953125 0.033203125
0 0.974609375 0.400390625 0.01953125 0.03515625
0 0.94140625 0.443359375 0.015625 0.03125
0 0.9619140625 0.44140625 0.013671875 0.03515625
0 0.9775390625 0.439453125 0.017578125 0.03125
0 0.8876953125 0.5009765625 0.033203125 0.021484375
0 0.9482421875 0.4951171875 0.029296875 0.021484375
0 0.2744140625 0.615234375 0.037109375 0.01953125
0 0.310546875 0.6357421875 0.01953125 0.033203125
0 0.2880859375 0.654296875 0.013671875 0.03125
0 0.330078125 0.6494140625 0.01953125 0.033203125
0 0.353515625 0.6435546875 0.015625 0.029296875
0 0.3876953125 0.6328125 0.041015625 0.01953125
0 0.39453125 0.6552734375 0.0390625 0.025390625
0 0.40234375 0.6787109375 0.0390625 0.021484375
0 0.39453125 0.7001953125 0.04296875 0.021484375
0 0.404296875 0.7197265625 0.0390625 0.017578125
0 0.4169921875 0.7392578125 0.037109375 0.021484375
0 0.4130859375 0.7607421875 0.041015625 0.021484375
0 0.4140625 0.7822265625 0.03125 0.021484375
0 0.3974609375 0.802734375 0.037109375 0.0234375
0 0.3916015625 0.8310546875 0.033203125 0.017578125
0 0.3974609375 0.8505859375 0.037109375 0.021484375
0 0.3974609375 0.8876953125 0.037109375 0.021484375
0 0.3955078125 0.9296875 0.021484375 0.05078125
0 0.404296875 0.9736328125 0.04296875 0.017578125
0 0.455078125 0.9150390625 0.01953125 0.037109375
0 0.4541015625 0.87890625 0.021484375 0.03515625
0 0.50390625 0.9248046875 0.0390625 0.037109375
0 0.9697265625 0.6279296875 0.021484375 0.041015625
0 0.9462890625 0.630859375 0.017578125 0.03515625
0 0.919921875 0.625 0.015625 0.0390625
0 0.8955078125 0.6240234375 0.017578125 0.037109375
0 0.876953125 0.630859375 0.01953125 0.0390625
0 0.693359375 0.6083984375 0.04296875 0.021484375
0 0.77734375 0.640625 0.015625 0.02734375
0 0.75390625 0.63671875 0.01953125 0.03515625
0 0.7314453125 0.6328125 0.017578125 0.0390625
0 0.7109375 0.638671875 0.015625 0.03125
0 0.69140625 0.6396484375 0.01953125 0.033203125
0 0.66796875 0.638671875 0.01953125 0.0390625
0 0.447265625 0.59375 0.0390625 0.0234375
0 0.6328125 0.8330078125 0.03515625 0.021484375
0 0.580078125 0.8369140625 0.01953125 0.037109375
0 0.58203125 0.890625 0.0234375 0.03125
0 0.6376953125 0.8544921875 0.037109375 0.021484375
0 0.6357421875 0.87890625 0.041015625 0.01953125
0 0.640625 0.912109375 0.04296875 0.01953125
0 0.58203125 0.9267578125 0.0234375 0.041015625
0 0.6435546875 0.9326171875 0.041015625 0.021484375
0 0.64453125 0.9521484375 0.04296875 0.017578125
0 0.642578125 0.97265625 0.0390625 0.0234375
0 0.5869140625 0.9736328125 0.021484375 0.029296875
0 0.6474609375 0.9921875 0.041015625 0.015625
