0 0.0234375 0.9833984375 0.03515625 0.017578125
0 0.1923828125 0.5615234375 0.037109375 0.017578125
0 0.1943359375 0.5810546875 0.033203125 0.013671875
0 0.19140625 0.603515625 0.03515625 0.015625
0 0.19921875 0.6455078125 0.0390625 0.017578125
0 0.197265625 0.6875 0.0390625 0.01953125
0 0.1982421875 0.748046875 0.029296875 0.01953125
0 0.201171875 0.76953125 0.03515625 0.015625
0 0.20703125 0.890625 0.03515625 0.015625
0 0.2099609375 0.912109375 0.033203125 0.015625
0 0.2099609375 0.96875 0.033203125 0.015625
0 0.4755859375 0.591796875 0.037109375 0.015625
0 0.5673828125 0.58203125 0.033203125 0.015625
0 0.4765625 0.609375 0.03515625 0.01953125
0 0.4833984375 0.6953125 0.033203125 0.01953125
0 0.57421875 0.720703125 0.0390625 0.01953125
0 0.5830078125 0.7021484375 0.033203125 0.013671875
0 0.6240234375 0.69921875 0.037109375 0.015625
0 0.4873046875 0.798828125 0.037109375 0.015625
0 0.486328125 0.81640625 0.03515625 0.015625
0 0.48828125 0.8486328125 0.0390625 0.017578125
0 0.6044921875 0.86328125 0.041015625 0.015625
0 0.5791015625 0.6474609375 0.037109375 0.021484375
0 0.6201171875 0.666015625 0.044921875 0.015625
0 0.5712890625 0.6123046875 0.033203125 0.017578125
0 0.6201171875 0.578125 0.044921875 0.01953125
0 0.380859375 0.9326171875 0.015625 0.033203125
0 0.404296875 0.93359375 0.015625 0.03515625
0 0.42578125 0.93359375 0.01953125 0.03515625
0 0.451171875 0.9326171875 0.01953125 0.037109375
0 0.900390625 0.5791015625 0.0390625 0.017578125
0 0.8984375 0.55859375 0.0390625 0.015625
0 0.900390625 0.6005859375 0.03515625 0.013671875
0 0.9013671875 0.6220703125 0.037109375 0.013671875
0 0.9052734375 0.640625 0.037109375 0.015625
0 0.904296875 0.6630859375 0.0390625 0.013671875
0 0.900390625 0.6826171875 0.0390625 0.017578125
0 0.900390625 0.705078125 0.03515625 0.015625
0 0.9599609375 0.669921875 0.021484375 0.04296875
0 0.9052734375 0.7451171875 0.037109375 0.017578125
0 0.912109375 0.78125 0.03125 0.01953125
0 0.9072265625 0.8017578125 0.037109375 0.017578125
0 0.9072265625 0.8193359375 0.033203125 0.017578125
0 0.9091796875 0.8564453125 0.037109375 0.013671875
0 0.90625 0.8798828125 0.02734375 0.017578125
0 0.6669921875 0.9208984375 0.017578125 0.029296875
0 0.689453125 0.9248046875 0.01953125 0.037109375
0 0.708984375 0.919921875 0.01953125 0.03515625
0 0.7734375 0.9189453125 0.01953125 0.037109375
0 0.8017578125 0.9208984375 0.017578125 0.037109375
0 0.8427734375 0.9208984375 0.021484375 0.037109375
0 0.19140625 0.541015625 0.03515625 0.01953125
0 0.1884765625 0.521484375 0.033203125 0.01953125
0 0.193359375 0.5009765625 0.04296875 0.017578125
0 0.18359375 0.4765625 0.04296875 0.01953125
0 0.23828125 0.4462890625 0.01953125 0.041015625
0 0.2421875 0.5 0.0234375 0.0390625
0 0.1865234375 0.4150390625 0.041015625 0.021484375
0 0.1796875 0.3935546875 0.04296875 0.021484375
0 0.18359375 0.3740234375 0.03515625 0.017578125
0 0.1806640625 0.35546875 0.041015625 0.01953125
0 0.1806640625 0.3359375 0.041015625 0.01953125
0 0.1796875 0.3154296875 0.04296875 0.021484375
0 0.1767578125 0.287109375 0.044921875 0.01953125
0 0.1748046875 0.2685546875 0.029296875 0.017578125
0 0.2236328125 0.2109375 0.017578125 0.03125
0 0.16796875 0.142578125 0.04296875 0.0234375
0 0.16796875 0.0849609375 0.046875 0.017578125
0 0.166015625 0.060546875 0.04296875 0.015625
0 0.1640625 0.0185546875 0.04296875 0.017578125
0 0.8974609375 0.6015625 0.044921875 0.01953125
0 0.8974609375 0.5810546875 0.044921875 0.021484375
0 0.8984375 0.5595703125 0.04296875 0.021484375
0 0.8974609375 0.537109375 0.044921875 0.0234375
0 0.8916015625 0.498046875 0.041015625 0.01953125
0 0.8916015625 0.4765625 0.041015625 0.0234375
0 0.8916015625 0.435546875 0.044921875 0.0234375
0 0.8896484375 0.39453125 0.052734375 0.01953125
0 0.8896484375 0.37109375 0.033203125 0.015625
0 0.88671875 0.3505859375 0.04296875 0.017578125
0 0.890625 0.33203125 0.046875 0.01953125
0 0.8828125 0.3056640625 0.046875 0.021484375
0 0.8828125 0.28515625 0.0390625 0.01953125
0 0.8828125 0.2666015625 0.0390625 0.017578125
0 0.884765625 0.24609375 0.03515625 0.0234375
0 0.8818359375 0.2099609375 0.060546875 0.029296875
0 0.873046875 0.18359375 0.046875 0.0234375
0 0.87109375 0.140625 0.046875 0.01953125
0 0.876953125 0.107421875 0.05859375 0.03125
0 0.43359375 0.0546875 0.015625 0.03515625
0 0.455078125 0.0556640625 0.01953125 0.041015625
0 0.48046875 0.0546875 0.01953125 0.046875
0 0.5361328125 0.115234375 0.021484375 0.04296875
0 0.55859375 0.1064453125 0.015625 0.041015625
0 0.4609375 0.2744140625 0.0390625 0.025390625
0 0.4755859375 0.3115234375 0.056640625 0.029296875
0 0.55859375 0.2939453125 0.0390625 0.021484375
0 0.6123046875 0.2958984375 0.037109375 0.025390625
0 0.5595703125 0.314453125 0.041015625 0.01953125
0 0.60546875 0.314453125 0.03515625 0.01171875
0 0.46875 0.39453125 0.0390625 0.015625
0 0.4697265625 0.4150390625 0.041015625 0.013671875
0 0.4697265625 0.4287109375 0.037109375 0.013671875
0 0.470703125 0.4462890625 0.04296875 0.013671875
0 0.4775390625 0.5205078125 0.041015625 0.017578125
0 0.4775390625 0.541015625 0.041015625 0.015625
0 0.619140625 0.54296875 0.0390625 0.01953125
0 0.5712890625 0.52734375 0.044921875 0.01953125
0 0.615234375 0.486328125 0.04296875 0.0234375
0 0.5654296875 0.490234375 0.041015625 0.015625
0 0.56640625 0.4736328125 0.0390625 0.017578125
0 0.5673828125 0.4541015625 0.048828125 0.013671875
0 0.5673828125 0.4384765625 0.044921875 0.017578125
0 0.6162109375 0.4326171875 0.041015625 0.021484375
0 0.56640625 0.4189453125 0.046875 0.021484375
0 0.5634765625 0.396484375 0.048828125 0.015625
0 0.560546875 0.3798828125 0.0390625 0.017578125
0 0.609375 0.3671875 0.05078125 0.02734375
0 0.5595703125 0.3486328125 0.037109375 0.017578125
0 0.5595703125 0.33203125 0.041015625 0.015625
0 0.603515625 0.33203125 0.04296875 0.015625
0 0.4599609375 0.1865234375 0.044921875 0.021484375
