0 0.076171875 0.58984375 0.03515625 0.01953125
0 0.07421875 0.6494140625 0.04296875 0.021484375
0 0.0732421875 0.6796875 0.041015625 0.0234375
0 0.0654296875 0.72265625 0.041015625 0.0234375
0 0.0712890625 0.74609375 0.041015625 0.0234375
0 0.0732421875 0.7880859375 0.037109375 0.021484375
0 0.0810546875 0.810546875 0.041015625 0.0234375
0 0.1201171875 0.3916015625 0.025390625 0.037109375
0 0.14453125 0.39453125 0.0234375 0.04296875
0 0.1943359375 0.396484375 0.025390625 0.04296875
0 0.2490234375 0.3935546875 0.021484375 0.033203125
0 0.3408203125 0.3896484375 0.021484375 0.041015625
0 0.3759765625 0.380859375 0.021484375 0.0390625
0 0.76171875 0.9228515625 0.01953125 0.041015625
