0 0.021484375 0.4912109375 0.0390625 0.021484375
0 0.041015625 0.533203125 0.04296875 0.0234375
0 0.0400390625 0.5751953125 0.037109375 0.029296875
0 0.2216796875 0.9501953125 0.033203125 0.025390625
1 0.349609375 0.32421875 0.05859375 0.015625
0 0.353515625 0.1806640625 0.0390625 0.021484375
0 0.3564453125 0.2880859375 0.037109375 0.021484375
0 0.337890625 0.0478515625 0.04296875 0.029296875
0 0.505859375 0.513671875 0.05078125 0.02734375
0 0.2294921875 0.7705078125 0.041015625 0.025390625
0 0.232421875 0.818359375 0.0390625 0.01953125
0 0.232421875 0.8388671875 0.0390625 0.021484375
