0 0.8447265625 0.0361328125 0.025390625 0.041015625
0 0.9306640625 0.0263671875 0.041015625 0.021484375
0 0.9326171875 0.0595703125 0.041015625 0.017578125
0 0.93359375 0.0791015625 0.04296875 0.021484375
0 0.931640625 0.099609375 0.0390625 0.01953125
0 0.8515625 0.115234375 0.0234375 0.03515625
0 0.931640625 0.13671875 0.04296875 0.01953125
0 0.9326171875 0.15625 0.037109375 0.01953125
0 0.9345703125 0.2158203125 0.044921875 0.021484375
0 0.94921875 0.24609375 0.02734375 0.0390625
0 0.9873046875 0.234375 0.021484375 0.04296875
