1 0.884765625 0.640625 0.01953125 0.0546875
1 0.9052734375 0.6416015625 0.017578125 0.052734375
1 0.9296875 0.6552734375 0.01953125 0.076171875
1 0.953125 0.66015625 0.01953125 0.078125
1 0.9775390625 0.6630859375 0.021484375 0.076171875
1 0.8740234375 0.7744140625 0.017578125 0.052734375
1 0.8935546875 0.767578125 0.025390625 0.05859375
1 0.9189453125 0.7744140625 0.017578125 0.052734375
1 0.9384765625 0.7724609375 0.021484375 0.056640625
1 0.9580078125 0.767578125 0.021484375 0.0546875
1 0.984375 0.76953125 0.0234375 0.05859375
1 0.8740234375 0.8671875 0.021484375 0.0546875
1 0.89453125 0.8818359375 0.015625 0.052734375
1 0.9169921875 0.8818359375 0.021484375 0.060546875
1 0.9404296875 0.8818359375 0.021484375 0.056640625
1 0.9658203125 0.8759765625 0.021484375 0.076171875
0 0.7001953125 0.6318359375 0.017578125 0.041015625
0 0.8037109375 0.62890625 0.060546875 0.03125
0 0.0322265625 0.4140625 0.021484375 0.04296875
0 0.201171875 0.40625 0.01953125 0.04296875
0 0.2353515625 0.4052734375 0.021484375 0.041015625
0 0.255859375 0.404296875 0.01953125 0.04296875
0 0.2958984375 0.404296875 0.021484375 0.04296875
0 0.3173828125 0.4072265625 0.021484375 0.037109375
0 0.3525390625 0.404296875 0.021484375 0.0390625
0 0.48046875 0.3955078125 0.01953125 0.037109375
0 0.5009765625 0.3955078125 0.017578125 0.037109375
0 0.5185546875 0.3955078125 0.017578125 0.037109375
0 0.07421875 0.19921875 0.04296875 0.0234375
0 0.076171875 0.1455078125 0.04296875 0.021484375
0 0.0732421875 0.11328125 0.048828125 0.0234375
0 0.0703125 0.09375 0.04296875 0.015625
0 0.197265625 0.2431640625 0.04296875 0.021484375
0 0.20703125 0.2783203125 0.02734375 0.048828125
0 0.2314453125 0.291015625 0.021484375 0.03515625
0 0.3017578125 0.275390625 0.025390625 0.046875
0 0.3232421875 0.275390625 0.025390625 0.046875
0 0.36328125 0.2763671875 0.0234375 0.048828125
0 0.4443359375 0.2685546875 0.021484375 0.041015625
0 0.470703125 0.2724609375 0.01953125 0.037109375
0 0.5263671875 0.26171875 0.017578125 0.0390625
0 0.587890625 0.26171875 0.01953125 0.0390625
0 0.8037109375 0.158203125 0.041015625 0.01953125
0 0.8046875 0.1796875 0.04296875 0.0234375
0 0.80078125 0.1376953125 0.03515625 0.021484375
0 0.80078125 0.12109375 0.03515625 0.01953125
0 0.802734375 0.1044921875 0.03125 0.013671875
0 0.7978515625 0.0859375 0.041015625 0.0234375
0 0.80078125 0.0654296875 0.03515625 0.017578125
0 0.7548828125 0.0546875 0.017578125 0.03515625
0 0.8515625 0.26953125 0.01953125 0.0390625
0 0.9111328125 0.265625 0.021484375 0.04296875
0 0.93359375 0.2646484375 0.015625 0.037109375
0 0.9521484375 0.2646484375 0.021484375 0.037109375
0 0.9755859375 0.2646484375 0.021484375 0.041015625
0 0.6689453125 0.017578125 0.029296875 0.01953125
0 0.0703125 0.0498046875 0.04296875 0.021484375
0 0.0712890625 0.02734375 0.041015625 0.01953125
0 0.0654296875 0.0107421875 0.037109375 0.017578125
0 0.37890625 0.0107421875 0.04296875 0.017578125
0 0.9833984375 0.4560546875 0.021484375 0.037109375
0 0.9619140625 0.455078125 0.013671875 0.03125
0 0.9404296875 0.4521484375 0.021484375 0.041015625
0 0.8701171875 0.392578125 0.017578125 0.03515625
0 0.892578125 0.39453125 0.015625 0.03125
0 0.826171875 0.423828125 0.03515625 0.0234375
0 0.6953125 0.1845703125 0.04296875 0.017578125
0 0.6962890625 0.2021484375 0.037109375 0.017578125
0 0.5693359375 0.2626953125 0.017578125 0.037109375
