0 0.7119140625 0.9541015625 0.048828125 0.021484375
0 0.4873046875 0.833984375 0.044921875 0.015625
0 0.486328125 0.81640625 0.046875 0.01953125
0 0.48828125 0.7138671875 0.046875 0.021484375
0 0.4287109375 0.720703125 0.021484375 0.0390625
0 0.4287109375 0.6796875 0.021484375 0.04296875
0 0.435546875 0.81640625 0.0234375 0.046875
0 0.71875 0.5302734375 0.0234375 0.037109375
0 0.38671875 0.3759765625 0.05078125 0.029296875
0 0.8466796875 0.8642578125 0.041015625 0.021484375
0 0.837890625 0.8193359375 0.04296875 0.021484375
0 0.798828125 0.8583984375 0.03125 0.041015625
