0 0.1396484375 0.505859375 0.021484375 0.04296875
0 0.1640625 0.5126953125 0.01953125 0.037109375
0 0.111328125 0.7861328125 0.03515625 0.017578125
0 0.1767578125 0.8046875 0.041015625 0.01953125
0 0.2802734375 0.798828125 0.041015625 0.0234375
0 0.30859375 0.751953125 0.0390625 0.01953125
0 0.3388671875 0.771484375 0.044921875 0.01953125
0 0.4072265625 0.6201171875 0.041015625 0.017578125
0 0.4306640625 0.685546875 0.048828125 0.0234375
0 0.46484375 0.73828125 0.046875 0.0234375
0 0.6962890625 0.6142578125 0.041015625 0.021484375
0 0.689453125 0.73046875 0.04296875 0.01953125
0 0.7412109375 0.7529296875 0.037109375 0.021484375
