0 0.310546875 0.0224609375 0.04296875 0.021484375
0 0.3251953125 0.1201171875 0.033203125 0.017578125
0 0.328125 0.1552734375 0.03515625 0.017578125
0 0.322265625 0.1953125 0.0390625 0.01953125
0 0.5576171875 0.3232421875 0.017578125 0.033203125
0 0.568359375 0.361328125 0.01953125 0.04296875
0 0.62890625 0.2294921875 0.046875 0.021484375
0 0.673828125 0.2724609375 0.03515625 0.017578125
0 0.7587890625 0.2685546875 0.021484375 0.033203125
0 0.8486328125 0.380859375 0.037109375 0.01953125
0 0.783203125 0.404296875 0.0390625 0.01953125
