0 0.0263671875 0.427734375 0.017578125 0.03125
0 0.046875 0.7587890625 0.015625 0.037109375
0 0.7099609375 0.9111328125 0.041015625 0.029296875
0 0.970703125 0.67578125 0.0390625 0.01953125
0 0.8173828125 0.5693359375 0.033203125 0.017578125
0 0.958984375 0.4404296875 0.03515625 0.017578125
0 0.947265625 0.3544921875 0.0390625 0.017578125
0 0.9443359375 0.3251953125 0.041015625 0.021484375
0 0.9443359375 0.3046875 0.041015625 0.01953125
0 0.9873046875 0.20703125 0.017578125 0.03515625
0 0.923828125 0.130859375 0.0390625 0.01953125
0 0.8056640625 0.125 0.033203125 0.03125
