0 0.0791015625 0.642578125 0.041015625 0.01953125
0 0.0859375 0.66015625 0.03125 0.015625
0 0.087890625 0.6767578125 0.03515625 0.017578125
0 0.0859375 0.7392578125 0.04296875 0.017578125
0 0.0908203125 0.8037109375 0.029296875 0.017578125
0 0.08984375 0.8408203125 0.03125 0.017578125
0 0.0869140625 0.86328125 0.029296875 0.01953125
0 0.205078125 0.9228515625 0.0390625 0.021484375
0 0.087890625 0.96875 0.04296875 0.01953125
0 0.08984375 0.98828125 0.03515625 0.01953125
0 0.068359375 0.5556640625 0.04296875 0.017578125
0 0.365234375 0.6162109375 0.03515625 0.017578125
0 0.369140625 0.654296875 0.03515625 0.01953125
0 0.3671875 0.67578125 0.0390625 0.01953125
0 0.369140625 0.6953125 0.03515625 0.01953125
0 0.384765625 0.8515625 0.03515625 0.01953125
0 0.373046875 0.9296875 0.0390625 0.01953125
0 0.3798828125 0.951171875 0.037109375 0.0234375
0 0.2734375 0.93359375 0.01953125 0.03125
0 0.2890625 0.9296875 0.01953125 0.03515625
0 0.7138671875 0.580078125 0.041015625 0.015625
0 0.7119140625 0.6005859375 0.037109375 0.013671875
0 0.744140625 0.640625 0.015625 0.03515625
0 0.7119140625 0.69140625 0.033203125 0.01953125
0 0.7294921875 0.826171875 0.041015625 0.0234375
0 0.7236328125 0.8642578125 0.041015625 0.021484375
0 0.724609375 0.927734375 0.03515625 0.01953125
0 0.7265625 0.984375 0.04296875 0.0234375
0 0.3388671875 0.08984375 0.033203125 0.01953125
0 0.33984375 0.111328125 0.03125 0.0234375
0 0.3779296875 0.140625 0.021484375 0.0390625
0 0.3515625 0.1767578125 0.03515625 0.021484375
0 0.0625 0.2802734375 0.0390625 0.021484375
0 0.0595703125 0.30078125 0.041015625 0.015625
0 0.0634765625 0.318359375 0.037109375 0.01953125
0 0.0625 0.3388671875 0.03515625 0.021484375
0 0.0625 0.3642578125 0.04296875 0.021484375
0 0.0693359375 0.4677734375 0.037109375 0.017578125
0 0.0703125 0.486328125 0.03515625 0.01953125
0 0.0732421875 0.5068359375 0.033203125 0.021484375
0 0.068359375 0.5732421875 0.03125 0.017578125
0 0.3505859375 0.2177734375 0.037109375 0.017578125
0 0.34765625 0.2626953125 0.0390625 0.017578125
0 0.3857421875 0.2734375 0.017578125 0.0390625
0 0.353515625 0.3046875 0.03515625 0.015625
0 0.35546875 0.32421875 0.03125 0.015625
0 0.3564453125 0.3466796875 0.029296875 0.013671875
0 0.3603515625 0.40625 0.044921875 0.01953125
0 0.3603515625 0.4296875 0.041015625 0.015625
0 0.3642578125 0.451171875 0.041015625 0.015625
0 0.3671875 0.4736328125 0.0390625 0.017578125
0 0.361328125 0.4931640625 0.0390625 0.021484375
0 0.3642578125 0.5146484375 0.044921875 0.021484375
0 0.3642578125 0.59765625 0.037109375 0.015625
0 0.677734375 0.01171875 0.03515625 0.015625
0 0.685546875 0.0302734375 0.0390625 0.021484375
0 0.6904296875 0.0556640625 0.033203125 0.013671875
0 0.685546875 0.095703125 0.0390625 0.0234375
0 0.6884765625 0.173828125 0.044921875 0.0234375
0 0.6953125 0.197265625 0.0390625 0.0234375
0 0.6923828125 0.2548828125 0.037109375 0.021484375
0 0.6962890625 0.287109375 0.041015625 0.0234375
0 0.703125 0.318359375 0.03515625 0.015625
0 0.701171875 0.3388671875 0.04296875 0.013671875
0 0.701171875 0.3564453125 0.03515625 0.021484375
0 0.7001953125 0.3779296875 0.033203125 0.021484375
0 0.7021484375 0.3984375 0.037109375 0.01953125
0 0.7080078125 0.4375 0.041015625 0.01953125
0 0.7060546875 0.498046875 0.037109375 0.0234375
0 0.4462890625 0.4375 0.021484375 0.03125
0 0.80859375 0.33203125 0.01953125 0.04296875
