0 0.25390625 0.8134765625 0.0390625 0.017578125
0 0.3896484375 0.7587890625 0.033203125 0.017578125
0 0.23046875 0.6533203125 0.03515625 0.021484375
0 0.380859375 0.6982421875 0.0390625 0.021484375
0 0.4580078125 0.689453125 0.033203125 0.0234375
0 0.498046875 0.6865234375 0.04296875 0.021484375
0 0.5078125 0.7333984375 0.03125 0.017578125
0 0.5634765625 0.6875 0.033203125 0.015625
0 0.5673828125 0.7109375 0.033203125 0.015625
0 0.5703125 0.73046875 0.03125 0.015625
0 0.576171875 0.75390625 0.03125 0.01953125
0 0.65234375 0.724609375 0.03125 0.01953125
