1 0.1279296875 0.9365234375 0.025390625 0.060546875
1 0.2216796875 0.9033203125 0.021484375 0.044921875
1 0.2294921875 0.9580078125 0.021484375 0.064453125
1 0.064453125 0.908203125 0.0234375 0.04296875
1 0.1240234375 0.8203125 0.021484375 0.0625
1 0.1201171875 0.6923828125 0.025390625 0.060546875
1 0.1142578125 0.62109375 0.025390625 0.0625
0 0.009765625 0.6044921875 0.015625 0.037109375
0 0.0634765625 0.24609375 0.021484375 0.03515625
0 0.1904296875 0.2919921875 0.044921875 0.021484375
