0 0.2685546875 0.1025390625 0.029296875 0.025390625
0 0.0361328125 0.107421875 0.033203125 0.02734375
0 0.1171875 0.1083984375 0.03125 0.017578125
0 0.1552734375 0.966796875 0.044921875 0.01953125
0 0.12109375 0.9833984375 0.03515625 0.017578125
0 0.720703125 0.4169921875 0.04296875 0.021484375
0 0.7294921875 0.4404296875 0.041015625 0.021484375
0 0.697265625 0.5927734375 0.0390625 0.017578125
0 0.7109375 0.6171875 0.03515625 0.015625
0 0.7021484375 0.63671875 0.033203125 0.015625
0 0.716796875 0.740234375 0.04296875 0.02734375
0 0.6533203125 0.6689453125 0.037109375 0.017578125
0 0.7529296875 0.8115234375 0.037109375 0.017578125
0 0.705078125 0.8125 0.0390625 0.01953125
0 0.66015625 0.8125 0.04296875 0.01953125
0 0.685546875 0.890625 0.03125 0.04296875
0 0.763671875 0.859375 0.04296875 0.01953125
0 0.7275390625 0.9189453125 0.041015625 0.017578125
1 0.4453125 0.115234375 0.109375 0.05078125
