0 0.06640625 0.7021484375 0.0390625 0.029296875
0 0.4765625 0.2763671875 0.01953125 0.041015625
0 0.501953125 0.267578125 0.01953125 0.0390625
0 0.52734375 0.3447265625 0.015625 0.037109375
0 0.48046875 0.3408203125 0.01953125 0.037109375
0 0.603515625 0.3359375 0.01953125 0.046875
0 0.6103515625 0.07421875 0.044921875 0.01953125
0 0.60546875 0.0517578125 0.04296875 0.025390625
0 0.6025390625 0.0146484375 0.048828125 0.021484375
0 0.7568359375 0.0166015625 0.044921875 0.021484375
0 0.759765625 0.0537109375 0.04296875 0.017578125
0 0.7578125 0.0712890625 0.0390625 0.017578125
0 0.7587890625 0.095703125 0.041015625 0.01953125
0 0.7568359375 0.162109375 0.041015625 0.015625
0 0.7666015625 0.181640625 0.041015625 0.0234375
0 0.76171875 0.2236328125 0.03515625 0.017578125
0 0.765625 0.2685546875 0.04296875 0.021484375
