0 0.0712890625 0.234375 0.017578125 0.03125
0 0.0439453125 0.1474609375 0.021484375 0.037109375
0 0.14453125 0.1328125 0.04296875 0.01953125
0 0.0791015625 0.517578125 0.017578125 0.0390625
0 0.0517578125 0.5869140625 0.025390625 0.033203125
0 0.1787109375 0.623046875 0.041015625 0.03125
0 0.2783203125 0.337890625 0.044921875 0.02734375
0 0.1552734375 0.51953125 0.033203125 0.015625
0 0.4326171875 0.8466796875 0.021484375 0.013671875
0 0.9560546875 0.166015625 0.044921875 0.01953125
0 0.921875 0.1826171875 0.03515625 0.017578125
0 0.962890625 0.19921875 0.03515625 0.015625
0 0.9765625 0.265625 0.01171875 0.02734375
0 0.9580078125 0.267578125 0.021484375 0.0390625
0 0.91015625 0.25390625 0.02734375 0.046875
0 0.7626953125 0.2705078125 0.021484375 0.033203125
0 0.7392578125 0.2705078125 0.017578125 0.033203125
0 0.716796875 0.265625 0.01953125 0.03125
0 0.1669921875 0.4951171875 0.048828125 0.025390625
