0 0.1650390625 0.1748046875 0.021484375 0.037109375
0 0.2099609375 0.1552734375 0.017578125 0.037109375
0 0.2529296875 0.154296875 0.021484375 0.0390625
0 0.2314453125 0.154296875 0.017578125 0.03515625
0 0.27734375 0.1591796875 0.01953125 0.041015625
0 0.4091796875 0.1455078125 0.017578125 0.033203125
0 0.5224609375 0.142578125 0.017578125 0.03515625
0 0.5703125 0.1376953125 0.015625 0.037109375
0 0.6640625 0.13671875 0.01953125 0.03515625
0 0.7041015625 0.1357421875 0.013671875 0.033203125
0 0.771484375 0.1357421875 0.015625 0.037109375
0 0.7958984375 0.146484375 0.017578125 0.04296875
0 0.640625 0.19140625 0.03515625 0.015625
0 0.734375 0.1962890625 0.0390625 0.017578125
0 0.734375 0.22265625 0.0390625 0.015625
1 0.8642578125 0.0185546875 0.048828125 0.017578125
0 0.6044921875 0.2744140625 0.013671875 0.033203125
0 0.626953125 0.2734375 0.015625 0.03125
0 0.734375 0.2734375 0.01953125 0.03515625
0 0.759765625 0.2783203125 0.015625 0.037109375
0 0.7783203125 0.2734375 0.017578125 0.04296875
