0 0.208984375 0.2197265625 0.01171875 0.029296875
0 0.3349609375 0.21875 0.013671875 0.03125
0 0.3974609375 0.2216796875 0.017578125 0.033203125
0 0.4658203125 0.220703125 0.017578125 0.0390625
0 0.693359375 0.2216796875 0.03125 0.013671875
0 0.7392578125 0.19921875 0.037109375 0.0234375
0 0.8662109375 0.2001953125 0.017578125 0.033203125
0 0.849609375 0.8779296875 0.03515625 0.017578125
0 0.82421875 0.916015625 0.03515625 0.0234375
0 0.822265625 0.974609375 0.0390625 0.0234375
0 0.859375 0.7998046875 0.0390625 0.021484375
0 0.8818359375 0.763671875 0.033203125 0.01953125
0 0.8662109375 0.5908203125 0.041015625 0.021484375
0 0.2890625 0.677734375 0.0390625 0.015625
