0 0.9228515625 0.3125 0.041015625 0.0234375
0 0.9638671875 0.3369140625 0.021484375 0.041015625
0 0.8037109375 0.390625 0.021484375 0.0390625
0 0.9208984375 0.4033203125 0.044921875 0.025390625
0 0.9501953125 0.2216796875 0.033203125 0.021484375
0 0.9521484375 0.255859375 0.037109375 0.0234375
0 0.9404296875 0.1201171875 0.037109375 0.017578125
0 0.9482421875 0.142578125 0.033203125 0.015625
0 0.9541015625 0.16015625 0.037109375 0.01953125
0 0.953125 0.1796875 0.03515625 0.01953125
0 0.94921875 0.203125 0.03515625 0.01953125
0 0.955078125 0.2421875 0.03125 0.01953125
