0 0.8173828125 0.986328125 0.041015625 0.01953125
0 0.8173828125 0.9638671875 0.041015625 0.025390625
0 0.71484375 0.9765625 0.04296875 0.015625
0 0.6943359375 0.9423828125 0.056640625 0.017578125
0 0.7099609375 0.921875 0.037109375 0.015625
0 0.7109375 0.896484375 0.04296875 0.015625
0 0.71875 0.876953125 0.04296875 0.015625
0 0.6787109375 0.873046875 0.037109375 0.015625
0 0.7119140625 0.859375 0.029296875 0.01953125
0 0.822265625 0.8095703125 0.0390625 0.021484375
0 0.822265625 0.791015625 0.0390625 0.015625
0 0.8212890625 0.7724609375 0.041015625 0.021484375
