1 0.0419921875 0.513671875 0.029296875 0.0625
0 0.0732421875 0.3603515625 0.064453125 0.025390625
0 0.337890625 0.33203125 0.0234375 0.0390625
0 0.4970703125 0.501953125 0.025390625 0.0390625
0 0.513671875 0.5888671875 0.0234375 0.041015625
1 0.353515625 0.5732421875 0.0390625 0.091796875
0 0.087890625 0.669921875 0.01953125 0.04296875
0 0.1123046875 0.673828125 0.017578125 0.04296875
0 0.0244140625 0.6728515625 0.021484375 0.037109375
0 0.0673828125 0.671875 0.021484375 0.0390625
0 0.029296875 0.720703125 0.02734375 0.0390625
0 0.1796875 0.7880859375 0.03125 0.048828125
0 0.5380859375 0.3916015625 0.021484375 0.041015625
0 0.3408203125 0.181640625 0.021484375 0.0390625
0 0.56640625 0.9111328125 0.01953125 0.033203125
