0 0.4697265625 0.03125 0.037109375 0.01953125
0 0.0380859375 0.0947265625 0.017578125 0.033203125
0 0.056640625 0.09375 0.015625 0.03515625
0 0.1025390625 0.08984375 0.025390625 0.0390625
0 0.2158203125 0.0830078125 0.017578125 0.037109375
0 0.2373046875 0.0830078125 0.017578125 0.037109375
0 0.3369140625 0.0810546875 0.021484375 0.037109375
0 0.3740234375 0.0791015625 0.017578125 0.033203125
0 0.529296875 0.0693359375 0.015625 0.037109375
0 0.603515625 0.0693359375 0.015625 0.033203125
0 0.6611328125 0.0595703125 0.013671875 0.033203125
0 0.7578125 0.064453125 0.015625 0.03515625
0 0.7763671875 0.064453125 0.017578125 0.03125
0 0.91796875 0.052734375 0.02734375 0.01953125
0 0.916015625 0.1083984375 0.01953125 0.037109375
0 0.1650390625 0.9755859375 0.021484375 0.037109375
0 0.2099609375 0.9560546875 0.017578125 0.037109375
0 0.2529296875 0.955078125 0.021484375 0.0390625
0 0.2314453125 0.955078125 0.017578125 0.03515625
0 0.27734375 0.9599609375 0.01953125 0.041015625
0 0.4091796875 0.9462890625 0.017578125 0.033203125
0 0.5224609375 0.943359375 0.017578125 0.03515625
0 0.5703125 0.9384765625 0.015625 0.037109375
0 0.6640625 0.9375 0.01953125 0.03515625
0 0.7041015625 0.9365234375 0.013671875 0.033203125
0 0.771484375 0.9365234375 0.015625 0.037109375
0 0.7958984375 0.947265625 0.017578125 0.04296875
0 0.640625 0.9921875 0.03515625 0.015625
0 0.8466796875 0.205078125 0.037109375 0.015625
0 0.84765625 0.2587890625 0.0390625 0.017578125
0 0.94140625 0.29296875 0.0390625 0.015625
0 0.9384765625 0.2578125 0.033203125 0.015625
0 0.9375 0.2373046875 0.03515625 0.013671875
0 0.947265625 0.33984375 0.03125 0.01953125
0 0.9482421875 0.5966796875 0.033203125 0.013671875
0 0.955078125 0.6474609375 0.03515625 0.013671875
0 0.94921875 0.6318359375 0.0390625 0.017578125
0 0.8583984375 0.6845703125 0.033203125 0.013671875
1 0.833984375 0.1484375 0.0546875 0.01171875
1 0.837890625 0.1669921875 0.0546875 0.013671875
1 0.8349609375 0.185546875 0.052734375 0.01171875
1 0.837890625 0.2353515625 0.0546875 0.017578125
1 0.8408203125 0.30078125 0.056640625 0.015625
1 0.8408203125 0.3203125 0.056640625 0.015625
1 0.841796875 0.33984375 0.05078125 0.015625
1 0.8427734375 0.369140625 0.052734375 0.015625
1 0.845703125 0.388671875 0.04296875 0.015625
1 0.8447265625 0.4189453125 0.048828125 0.013671875
1 0.8466796875 0.4375 0.056640625 0.01171875
1 0.845703125 0.455078125 0.0546875 0.01171875
1 0.94921875 0.474609375 0.046875 0.015625
1 0.849609375 0.5439453125 0.0546875 0.013671875
1 0.951171875 0.5205078125 0.05078125 0.017578125
1 0.9521484375 0.5576171875 0.052734375 0.017578125
1 0.853515625 0.5771484375 0.0546875 0.013671875
1 0.853515625 0.5947265625 0.05078125 0.013671875
1 0.8544921875 0.64453125 0.048828125 0.015625
1 0.85546875 0.6640625 0.0546875 0.015625
1 0.857421875 0.6982421875 0.0546875 0.013671875
1 0.8583984375 0.716796875 0.056640625 0.015625
1 0.9560546875 0.6787109375 0.052734375 0.017578125
1 0.9609375 0.7294921875 0.0546875 0.017578125
1 0.859375 0.7333984375 0.05078125 0.013671875
1 0.861328125 0.75 0.05859375 0.015625
1 0.8603515625 0.7666015625 0.056640625 0.013671875
1 0.8623046875 0.7841796875 0.056640625 0.013671875
1 0.8642578125 0.8193359375 0.048828125 0.017578125
