0 0.5966796875 0.9775390625 0.041015625 0.017578125
0 0.5966796875 0.958984375 0.041015625 0.01953125
0 0.58984375 0.9013671875 0.03125 0.017578125
0 0.587890625 0.888671875 0.03515625 0.01953125
0 0.5869140625 0.869140625 0.037109375 0.01953125
0 0.5888671875 0.919921875 0.037109375 0.015625
0 0.59375 0.9384765625 0.0390625 0.021484375
0 0.65625 0.7900390625 0.02734375 0.044921875
0 0.544921875 0.666015625 0.01953125 0.0390625
0 0.4970703125 0.591796875 0.048828125 0.02734375
0 0.544921875 0.53125 0.01953125 0.0390625
1 0.34765625 0.5322265625 0.0234375 0.056640625
1 0.3916015625 0.5302734375 0.025390625 0.056640625
1 0.4375 0.5263671875 0.01953125 0.056640625
1 0.48046875 0.5263671875 0.0234375 0.064453125
1 0.5009765625 0.5263671875 0.025390625 0.064453125
1 0.5224609375 0.525390625 0.025390625 0.0625
1 0.5654296875 0.529296875 0.025390625 0.05859375
1 0.5908203125 0.5234375 0.025390625 0.0625
1 0.681640625 0.5185546875 0.0234375 0.060546875
1 0.70703125 0.5166015625 0.02734375 0.052734375
1 0.7314453125 0.5146484375 0.021484375 0.056640625
1 0.775390625 0.513671875 0.02734375 0.0625
1 0.7978515625 0.517578125 0.025390625 0.06640625
1 0.8427734375 0.513671875 0.029296875 0.0625
0 0.8740234375 0.3603515625 0.064453125 0.025390625
0 0.888671875 0.669921875 0.01953125 0.04296875
0 0.9130859375 0.673828125 0.017578125 0.04296875
0 0.8251953125 0.6728515625 0.021484375 0.037109375
0 0.8681640625 0.671875 0.021484375 0.0390625
0 0.7880859375 0.720703125 0.021484375 0.0390625
0 0.8076171875 0.7197265625 0.017578125 0.037109375
0 0.830078125 0.720703125 0.02734375 0.0390625
1 0.3623046875 0.3603515625 0.056640625 0.068359375
1 0.232421875 0.3740234375 0.0234375 0.068359375
1 0.13671875 0.36328125 0.02734375 0.06640625
1 0.1328125 0.212890625 0.0234375 0.0625
1 0.134765625 0.2978515625 0.03125 0.064453125
1 0.23046875 0.2607421875 0.0234375 0.064453125
1 0.240234375 0.3291015625 0.0234375 0.044921875
1 0.1279296875 0.1357421875 0.025390625 0.060546875
1 0.2216796875 0.1025390625 0.021484375 0.044921875
1 0.2294921875 0.1572265625 0.021484375 0.064453125
1 0.064453125 0.107421875 0.0234375 0.04296875
0 0.98046875 0.7880859375 0.03125 0.048828125
