0 0.017578125 0.818359375 0.03515625 0.01953125
0 0.041015625 0.6669921875 0.05078125 0.048828125
0 0.0927734375 0.6611328125 0.021484375 0.044921875
0 0.0673828125 0.71875 0.017578125 0.03125
0 0.072265625 0.8447265625 0.0234375 0.041015625
0 0.0751953125 0.9775390625 0.021484375 0.037109375
0 0.1513671875 0.9482421875 0.052734375 0.029296875
0 0.2314453125 0.943359375 0.048828125 0.0234375
0 0.189453125 0.9013671875 0.02734375 0.037109375
0 0.2216796875 0.892578125 0.017578125 0.0390625
0 0.2685546875 0.892578125 0.025390625 0.0390625
0 0.310546875 0.8916015625 0.0234375 0.044921875
0 0.28125 0.8271484375 0.046875 0.021484375
0 0.23046875 0.828125 0.03515625 0.01953125
0 0.296875 0.9462890625 0.0390625 0.021484375
0 0.3603515625 0.927734375 0.041015625 0.0390625
0 0.396484375 0.837890625 0.02734375 0.04296875
0 0.4375 0.767578125 0.01953125 0.04296875
0 0.3427734375 0.765625 0.041015625 0.01953125
0 0.3466796875 0.748046875 0.033203125 0.015625
0 0.3466796875 0.73046875 0.033203125 0.01953125
0 0.34765625 0.7109375 0.03125 0.01953125
0 0.34765625 0.6923828125 0.03125 0.017578125
0 0.3427734375 0.673828125 0.033203125 0.01953125
0 0.34375 0.6552734375 0.03125 0.017578125
0 0.341796875 0.6220703125 0.046875 0.017578125
0 0.341796875 0.6025390625 0.046875 0.021484375
0 0.3359375 0.58203125 0.04296875 0.01953125
0 0.337890625 0.5625 0.0390625 0.01953125
0 0.3369140625 0.54296875 0.041015625 0.01953125
0 0.3349609375 0.4560546875 0.037109375 0.017578125
0 0.3330078125 0.4375 0.041015625 0.01953125
0 0.326171875 0.4169921875 0.04296875 0.021484375
0 0.3310546875 0.39453125 0.033203125 0.0234375
0 0.3310546875 0.3515625 0.044921875 0.01953125
0 0.373046875 0.3642578125 0.015625 0.033203125
0 0.328125 0.2900390625 0.0390625 0.017578125
0 0.3349609375 0.271484375 0.041015625 0.01953125
0 0.3193359375 0.2060546875 0.033203125 0.013671875
0 0.3193359375 0.1884765625 0.033203125 0.021484375
0 0.31640625 0.169921875 0.0390625 0.015625
0 0.3173828125 0.1474609375 0.044921875 0.013671875
0 0.3154296875 0.1259765625 0.044921875 0.017578125
0 0.3154296875 0.099609375 0.037109375 0.015625
0 0.306640625 0.0830078125 0.0390625 0.017578125
0 0.306640625 0.041015625 0.046875 0.01953125
0 0.259765625 0.0419921875 0.03125 0.017578125
0 0.3134765625 0.0146484375 0.041015625 0.021484375
0 0.2509765625 0.021484375 0.037109375 0.0234375
0 0.3740234375 0.0439453125 0.025390625 0.048828125
0 0.470703125 0.8798828125 0.01953125 0.041015625
0 0.4990234375 0.8876953125 0.013671875 0.033203125
0 0.5595703125 0.8212890625 0.021484375 0.025390625
0 0.5302734375 0.8291015625 0.021484375 0.013671875
0 0.54296875 0.8115234375 0.01171875 0.017578125
0 0.595703125 0.890625 0.01953125 0.03515625
0 0.7314453125 0.888671875 0.017578125 0.03125
0 0.7548828125 0.8876953125 0.017578125 0.033203125
0 0.7783203125 0.888671875 0.017578125 0.03515625
0 0.8017578125 0.8896484375 0.017578125 0.037109375
0 0.8232421875 0.8828125 0.017578125 0.03515625
0 0.9130859375 0.8798828125 0.017578125 0.037109375
0 0.9580078125 0.87890625 0.017578125 0.03515625
0 0.4873046875 0.5712890625 0.013671875 0.025390625
0 0.509765625 0.568359375 0.015625 0.0234375
0 0.5302734375 0.5673828125 0.013671875 0.025390625
0 0.5537109375 0.5673828125 0.017578125 0.021484375
0 0.5791015625 0.5693359375 0.017578125 0.021484375
0 0.609375 0.4384765625 0.03515625 0.017578125
0 0.59375 0.365234375 0.03125 0.015625
0 0.5986328125 0.3251953125 0.033203125 0.017578125
0 0.5986328125 0.29296875 0.037109375 0.01953125
0 0.59375 0.2568359375 0.02734375 0.017578125
0 0.6982421875 0.2783203125 0.044921875 0.025390625
0 0.697265625 0.3505859375 0.03515625 0.013671875
1 0.6845703125 0.37109375 0.064453125 0.0234375
0 0.705078125 0.416015625 0.04296875 0.0234375
0 0.755859375 0.3046875 0.0390625 0.01953125
0 0.7568359375 0.3427734375 0.037109375 0.021484375
0 0.759765625 0.3916015625 0.05078125 0.021484375
0 0.7587890625 0.412109375 0.048828125 0.01953125
0 0.7685546875 0.4638671875 0.033203125 0.017578125
0 0.751953125 0.5390625 0.01953125 0.01953125
0 0.916015625 0.5625 0.0234375 0.03515625
0 0.978515625 0.5576171875 0.01953125 0.037109375
0 0.53125 0.9921875 0.03125 0.015625
0 0.6279296875 0.98828125 0.021484375 0.0234375
0 0.8720703125 0.9765625 0.017578125 0.02734375
0 0.8974609375 0.98046875 0.017578125 0.03125
0 0.9658203125 0.98046875 0.017578125 0.03515625
0 0.9853515625 0.9814453125 0.017578125 0.033203125
0 0.1103515625 0.3603515625 0.025390625 0.041015625
0 0.1162109375 0.4609375 0.021484375 0.03515625
