0 0.3916015625 0.0810546875 0.029296875 0.044921875
0 0.4384765625 0.064453125 0.029296875 0.04296875
0 0.5126953125 0.0537109375 0.025390625 0.048828125
0 0.5947265625 0.3935546875 0.025390625 0.037109375
0 0.4970703125 0.3466796875 0.017578125 0.041015625
0 0.5810546875 0.486328125 0.029296875 0.04296875
0 0.109375 0.826171875 0.01953125 0.04296875
0 0.13671875 0.8232421875 0.01953125 0.041015625
0 0.833984375 0.640625 0.02734375 0.0390625
0 0.8193359375 0.1337890625 0.025390625 0.037109375
