0 0.775390625 0.0166015625 0.015625 0.033203125
0 0.75390625 0.0185546875 0.015625 0.037109375
0 0.73046875 0.01953125 0.01953125 0.03515625
0 0.708984375 0.0205078125 0.015625 0.037109375
0 0.6845703125 0.0244140625 0.017578125 0.037109375
0 0.6640625 0.0244140625 0.0234375 0.033203125
0 0.63671875 0.0205078125 0.015625 0.029296875
0 0.6669921875 0.1162109375 0.017578125 0.033203125
0 0.7119140625 0.1123046875 0.017578125 0.033203125
0 0.783203125 0.107421875 0.015625 0.0390625
0 0.48828125 0.146484375 0.04296875 0.0234375
0 0.4873046875 0.1689453125 0.041015625 0.021484375
0 0.490234375 0.23046875 0.0390625 0.015625
0 0.4892578125 0.26171875 0.041015625 0.01953125
0 0.4951171875 0.2939453125 0.041015625 0.017578125
0 0.4921875 0.3134765625 0.03515625 0.021484375
0 0.4912109375 0.337890625 0.037109375 0.01171875
0 0.4931640625 0.3544921875 0.041015625 0.021484375
0 0.4990234375 0.3740234375 0.033203125 0.017578125
0 0.6240234375 0.169921875 0.013671875 0.03515625
0 0.6484375 0.166015625 0.015625 0.03515625
0 0.6669921875 0.16796875 0.021484375 0.0390625
0 0.7353515625 0.162109375 0.013671875 0.0390625
0 0.7626953125 0.1650390625 0.009765625 0.029296875
0 0.64453125 0.1181640625 0.01171875 0.029296875
0 0.802734375 0.162109375 0.01953125 0.03515625
0 0.830078125 0.1611328125 0.015625 0.041015625
0 0.6513671875 0.2607421875 0.017578125 0.033203125
0 0.6728515625 0.263671875 0.013671875 0.03515625
0 0.6962890625 0.2578125 0.013671875 0.03515625
0 0.720703125 0.255859375 0.01953125 0.03515625
0 0.744140625 0.2568359375 0.01171875 0.041015625
0 0.767578125 0.25390625 0.015625 0.03515625
0 0.7939453125 0.2548828125 0.009765625 0.033203125
0 0.8134765625 0.251953125 0.013671875 0.0390625
0 0.8349609375 0.251953125 0.009765625 0.03125
0 0.8564453125 0.25390625 0.013671875 0.03125
0 0.65234375 0.3115234375 0.015625 0.033203125
0 0.677734375 0.3173828125 0.015625 0.044921875
0 0.697265625 0.3154296875 0.01171875 0.037109375
0 0.744140625 0.3125 0.01953125 0.04296875
0 0.7685546875 0.310546875 0.017578125 0.0390625
0 0.7939453125 0.3154296875 0.013671875 0.037109375
0 0.814453125 0.3125 0.015625 0.03515625
0 0.8369140625 0.3115234375 0.013671875 0.037109375
0 0.8603515625 0.3076171875 0.013671875 0.041015625
0 0.9453125 0.2607421875 0.01953125 0.025390625
0 0.927734375 0.3916015625 0.01953125 0.033203125
0 0.94921875 0.39453125 0.0234375 0.0390625
0 0.8955078125 0.8291015625 0.013671875 0.037109375
0 0.875 0.8291015625 0.01171875 0.037109375
0 0.8544921875 0.833984375 0.013671875 0.03125
0 0.83984375 0.83203125 0.015625 0.03515625
0 0.8173828125 0.83203125 0.013671875 0.0390625
0 0.7763671875 0.83203125 0.017578125 0.0390625
0 0.9736328125 0.912109375 0.013671875 0.03515625
0 0.9521484375 0.9140625 0.013671875 0.0390625
0 0.9384765625 0.9169921875 0.013671875 0.033203125
0 0.9169921875 0.9150390625 0.013671875 0.037109375
0 0.8974609375 0.9150390625 0.013671875 0.037109375
0 0.8828125 0.9150390625 0.015625 0.037109375
0 0.861328125 0.9140625 0.01171875 0.03515625
0 0.8427734375 0.9130859375 0.013671875 0.033203125
0 0.8232421875 0.9140625 0.013671875 0.0390625
0 0.8046875 0.919921875 0.015625 0.03515625
0 0.78515625 0.9208984375 0.015625 0.037109375
0 0.7646484375 0.9169921875 0.017578125 0.033203125
0 0.7490234375 0.9189453125 0.013671875 0.029296875
0 0.7275390625 0.919921875 0.017578125 0.03515625
0 0.6220703125 0.923828125 0.029296875 0.02734375
0 0.5966796875 0.939453125 0.017578125 0.02734375
0 0.4208984375 0.9404296875 0.021484375 0.044921875
0 0.869140625 0.9775390625 0.01171875 0.033203125
0 0.8896484375 0.9775390625 0.013671875 0.041015625
0 0.912109375 0.9755859375 0.015625 0.033203125
0 0.935546875 0.978515625 0.015625 0.0390625
0 0.98046875 0.9755859375 0.015625 0.037109375
0 0.3515625 0.279296875 0.03125 0.046875
