0 0.0283203125 0.890625 0.044921875 0.0234375
0 0.0205078125 0.83984375 0.041015625 0.01953125
0 0.4189453125 0.7001953125 0.037109375 0.029296875
0 0.365234375 0.759765625 0.0390625 0.03515625
0 0.337890625 0.78125 0.0390625 0.03125
0 0.3203125 0.798828125 0.0390625 0.03125
0 0.298828125 0.8232421875 0.03515625 0.033203125
0 0.2666015625 0.4111328125 0.017578125 0.037109375
0 0.291015625 0.4052734375 0.01953125 0.033203125
0 0.3740234375 0.2255859375 0.017578125 0.037109375
0 0.3955078125 0.224609375 0.013671875 0.02734375
0 0.3974609375 0.265625 0.017578125 0.0390625
0 0.3564453125 0.2734375 0.021484375 0.0390625
0 0.8193359375 0.484375 0.037109375 0.01953125
0 0.8955078125 0.21875 0.013671875 0.03515625
0 0.861328125 0.3525390625 0.015625 0.033203125
0 0.8408203125 0.3603515625 0.017578125 0.037109375
