0 0.3544921875 0.0859375 0.017578125 0.04296875
0 0.44140625 0.2724609375 0.01953125 0.041015625
0 0.4521484375 0.09765625 0.021484375 0.0390625
0 0.0517578125 0.76953125 0.033203125 0.03125
0 0.1689453125 0.6767578125 0.017578125 0.037109375
0 0.1923828125 0.6953125 0.017578125 0.03515625
0 0.2119140625 0.6943359375 0.013671875 0.037109375
0 0.2353515625 0.6904296875 0.013671875 0.033203125
0 0.2548828125 0.681640625 0.017578125 0.03515625
0 0.2744140625 0.7001953125 0.013671875 0.037109375
0 0.3544921875 0.6474609375 0.041015625 0.017578125
0 0.2587890625 0.82421875 0.021484375 0.0390625
0 0.1484375 0.75390625 0.0390625 0.01953125
0 0.19140625 0.7705078125 0.03125 0.017578125
0 0.0146484375 0.7666015625 0.029296875 0.037109375
0 0.1962890625 0.83203125 0.021484375 0.0390625
0 0.3720703125 0.7197265625 0.029296875 0.017578125
