0 0.2216796875 0.048828125 0.041015625 0.01953125
0 0.333984375 0.0302734375 0.0390625 0.025390625
0 0.5439453125 0.0654296875 0.037109375 0.017578125
0 0.7353515625 0.2578125 0.017578125 0.03515625
0 0.7587890625 0.3515625 0.029296875 0.03125
0 0.3984375 0.6533203125 0.01953125 0.044921875
0 0.4111328125 0.7421875 0.025390625 0.04296875
0 0.4189453125 0.9716796875 0.025390625 0.041015625
0 0.494140625 0.7421875 0.0234375 0.03125
0 0.537109375 0.701171875 0.03515625 0.03515625
0 0.580078125 0.740234375 0.02734375 0.03515625
0 0.560546875 0.7373046875 0.02734375 0.033203125
0 0.5576171875 0.7001953125 0.029296875 0.037109375
0 0.517578125 0.7900390625 0.03515625 0.021484375
0 0.5615234375 0.7919921875 0.037109375 0.021484375
0 0.52734375 0.8447265625 0.02734375 0.037109375
0 0.5498046875 0.841796875 0.029296875 0.03515625
0 0.5517578125 0.876953125 0.025390625 0.03125
0 0.587890625 0.873046875 0.0234375 0.03515625
0 0.5302734375 0.93359375 0.025390625 0.03515625
0 0.5498046875 0.9306640625 0.033203125 0.041015625
0 0.59375 0.927734375 0.02734375 0.0390625
0 0.490234375 0.935546875 0.02734375 0.0390625
