0 0.06640625 0.0478515625 0.03125 0.025390625
0 0.0361328125 0.3251953125 0.017578125 0.033203125
0 0.0576171875 0.3212890625 0.021484375 0.033203125
0 0.0888671875 0.314453125 0.021484375 0.0390625
0 0.5068359375 0.162109375 0.021484375 0.0390625
0 0.7724609375 0.1396484375 0.025390625 0.029296875
0 0.701171875 0.201171875 0.03515625 0.02734375
0 0.830078125 0.2998046875 0.04296875 0.021484375
0 0.6572265625 0.2841796875 0.041015625 0.021484375
0 0.6708984375 0.33203125 0.041015625 0.01953125
0 0.71484375 0.3310546875 0.0390625 0.021484375
0 0.6162109375 0.4296875 0.021484375 0.0390625
0 0.767578125 0.4296875 0.01953125 0.0390625
0 0.0712890625 0.9736328125 0.021484375 0.041015625
0 0.087890625 0.9716796875 0.015625 0.037109375
