0 0.0791015625 0.095703125 0.017578125 0.03125
0 0.1044921875 0.0927734375 0.013671875 0.033203125
0 0.126953125 0.0947265625 0.015625 0.033203125
0 0.1787109375 0.03515625 0.037109375 0.015625
0 0.150390625 0.09375 0.01171875 0.03515625
0 0.2158203125 0.087890625 0.013671875 0.03515625
0 0.2392578125 0.0849609375 0.017578125 0.037109375
0 0.26171875 0.0810546875 0.015625 0.025390625
0 0.28515625 0.0859375 0.01953125 0.03515625
0 0.306640625 0.0869140625 0.0234375 0.037109375
0 0.330078125 0.0322265625 0.0390625 0.013671875
0 0.4326171875 0.1611328125 0.037109375 0.017578125
0 0.4248046875 0.0830078125 0.013671875 0.033203125
0 0.4697265625 0.0791015625 0.013671875 0.033203125
0 0.4931640625 0.0810546875 0.013671875 0.033203125
0 0.513671875 0.0830078125 0.01171875 0.033203125
0 0.5341796875 0.080078125 0.017578125 0.02734375
0 0.5576171875 0.08203125 0.017578125 0.03515625
0 0.58203125 0.078125 0.015625 0.03125
0 0.6025390625 0.078125 0.017578125 0.0390625
0 0.671875 0.0166015625 0.03515625 0.021484375
0 0.7265625 0.076171875 0.01953125 0.03515625
0 0.7470703125 0.07421875 0.013671875 0.03125
0 0.7705078125 0.0751953125 0.017578125 0.029296875
0 0.794921875 0.0703125 0.01171875 0.03125
0 0.81640625 0.068359375 0.015625 0.03125
0 0.8388671875 0.068359375 0.017578125 0.03515625
0 0.8603515625 0.072265625 0.017578125 0.03515625
0 0.880859375 0.0654296875 0.015625 0.029296875
0 0.9052734375 0.068359375 0.017578125 0.03515625
0 0.9248046875 0.0673828125 0.017578125 0.037109375
0 0.947265625 0.0615234375 0.015625 0.029296875
0 0.9736328125 0.0625 0.013671875 0.02734375
0 0.88671875 0.123046875 0.015625 0.03125
0 0.9091796875 0.119140625 0.017578125 0.03515625
0 0.95703125 0.119140625 0.01953125 0.03125
0 0.8623046875 0.1962890625 0.017578125 0.041015625
0 0.94140625 0.1943359375 0.015625 0.033203125
0 0.9609375 0.193359375 0.015625 0.03125
0 0.98828125 0.197265625 0.015625 0.02734375
0 0.9306640625 0.2490234375 0.029296875 0.017578125
0 0.935546875 0.26953125 0.0390625 0.015625
0 0.9287109375 0.2939453125 0.037109375 0.017578125
0 0.0439453125 0.7822265625 0.013671875 0.037109375
0 0.068359375 0.7802734375 0.015625 0.029296875
0 0.0888671875 0.78125 0.017578125 0.03515625
0 0.1123046875 0.7783203125 0.013671875 0.033203125
0 0.134765625 0.779296875 0.015625 0.03515625
0 0.08203125 0.837890625 0.03515625 0.015625
0 0.1337890625 0.837890625 0.037109375 0.01953125
0 0.2275390625 0.775390625 0.017578125 0.03125
0 0.2490234375 0.7783203125 0.017578125 0.037109375
0 0.271484375 0.7783203125 0.015625 0.033203125
0 0.291015625 0.78125 0.015625 0.03515625
0 0.306640625 0.7783203125 0.015625 0.033203125
0 0.32421875 0.7734375 0.015625 0.0390625
0 0.3876953125 0.767578125 0.021484375 0.0390625
0 0.451171875 0.763671875 0.015625 0.03515625
0 0.4755859375 0.759765625 0.017578125 0.03515625
0 0.50390625 0.767578125 0.01953125 0.03515625
0 0.5302734375 0.7646484375 0.017578125 0.037109375
0 0.546875 0.7626953125 0.015625 0.033203125
0 0.568359375 0.763671875 0.015625 0.03125
0 0.59375 0.7646484375 0.015625 0.037109375
0 0.615234375 0.7646484375 0.015625 0.037109375
0 0.6396484375 0.759765625 0.013671875 0.03515625
0 0.681640625 0.7568359375 0.015625 0.037109375
0 0.7080078125 0.7578125 0.013671875 0.03515625
0 0.728515625 0.7587890625 0.015625 0.033203125
0 0.7490234375 0.759765625 0.017578125 0.0390625
0 0.779296875 0.7568359375 0.03125 0.037109375
0 0.81640625 0.748046875 0.0234375 0.03515625
0 0.958984375 0.490234375 0.03515625 0.02734375
0 0.875 0.5146484375 0.03515625 0.017578125
0 0.875 0.533203125 0.03125 0.01953125
0 0.880859375 0.5556640625 0.03125 0.013671875
0 0.8818359375 0.5810546875 0.033203125 0.013671875
0 0.873046875 0.6005859375 0.0390625 0.013671875
0 0.875 0.6259765625 0.03515625 0.017578125
0 0.873046875 0.64453125 0.03515625 0.015625
0 0.8671875 0.7021484375 0.0234375 0.033203125
0 0.91015625 0.7529296875 0.015625 0.033203125
0 0.9345703125 0.7509765625 0.017578125 0.033203125
0 0.958984375 0.75 0.01953125 0.03515625
0 0.9775390625 0.74609375 0.017578125 0.03125
0 0.98828125 0.7001953125 0.01171875 0.029296875
0 0.8251953125 0.810546875 0.037109375 0.01953125
0 0.873046875 0.8076171875 0.03125 0.017578125
0 0.93359375 0.806640625 0.03515625 0.015625
0 0.96484375 0.5478515625 0.0390625 0.017578125
0 0.974609375 0.658203125 0.03125 0.03515625
1 0.111328125 0.03125 0.08203125 0.01953125
1 0.1923828125 0.0859375 0.017578125 0.046875
1 0.392578125 0.0205078125 0.0859375 0.029296875
1 0.498046875 0.0185546875 0.08203125 0.025390625
1 0.595703125 0.0146484375 0.0859375 0.025390625
1 0.9033203125 0.4580078125 0.080078125 0.021484375
1 0.921875 0.6630859375 0.05859375 0.076171875
1 0.7314453125 0.8125 0.056640625 0.015625
1 0.5419921875 0.8173828125 0.083984375 0.021484375
1 0.4228515625 0.8193359375 0.080078125 0.021484375
1 0.66015625 0.07421875 0.08203125 0.0234375
0 0.0341796875 0.919921875 0.037109375 0.015625
0 0.025390625 0.9697265625 0.03125 0.029296875
