0 0.0244140625 0.0673828125 0.044921875 0.025390625
0 0.0712890625 0.0439453125 0.021484375 0.048828125
0 0.09375 0.2041015625 0.015625 0.037109375
0 0.0478515625 0.20703125 0.017578125 0.03125
0 0.3095703125 0.2041015625 0.044921875 0.017578125
0 0.0908203125 0.65625 0.021484375 0.04296875
0 0.1337890625 0.65625 0.029296875 0.04296875
0 0.1962890625 0.6591796875 0.021484375 0.041015625
0 0.2197265625 0.658203125 0.025390625 0.0390625
0 0.2763671875 0.6572265625 0.025390625 0.048828125
0 0.30078125 0.6552734375 0.0234375 0.044921875
0 0.603515625 0.1552734375 0.02734375 0.048828125
