0 0.0185546875 0.0478515625 0.037109375 0.017578125
0 0.0166015625 0.1083984375 0.033203125 0.017578125
0 0.025390625 0.150390625 0.03515625 0.015625
0 0.0244140625 0.1708984375 0.037109375 0.013671875
0 0.0244140625 0.19140625 0.033203125 0.015625
0 0.0263671875 0.23046875 0.033203125 0.015625
0 0.0283203125 0.2529296875 0.037109375 0.017578125
0 0.029296875 0.294921875 0.03515625 0.015625
0 0.0322265625 0.353515625 0.041015625 0.01953125
0 0.0322265625 0.376953125 0.033203125 0.015625
0 0.03515625 0.3984375 0.0390625 0.015625
0 0.0380859375 0.4599609375 0.029296875 0.017578125
0 0.0361328125 0.5 0.029296875 0.015625
0 0.0458984375 0.580078125 0.044921875 0.01953125
0 0.0419921875 0.619140625 0.041015625 0.015625
0 0.0458984375 0.638671875 0.037109375 0.015625
0 0.052734375 0.6611328125 0.04296875 0.017578125
0 0.048828125 0.6806640625 0.0390625 0.013671875
0 0.0478515625 0.7021484375 0.041015625 0.017578125
0 0.056640625 0.7421875 0.0390625 0.015625
0 0.0546875 0.7626953125 0.04296875 0.017578125
0 0.0556640625 0.8046875 0.029296875 0.01953125
0 0.052734375 0.783203125 0.0390625 0.01953125
0 0.0615234375 0.8623046875 0.029296875 0.017578125
0 0.0615234375 0.9013671875 0.033203125 0.013671875
0 0.0625 0.9228515625 0.0390625 0.017578125
0 0.3056640625 0.029296875 0.037109375 0.015625
1 0.400390625 0.087890625 0.01953125 0.0546875
0 0.46484375 0.0908203125 0.0234375 0.037109375
0 0.30859375 0.2197265625 0.0390625 0.017578125
0 0.3740234375 0.2421875 0.025390625 0.03125
0 0.4228515625 0.2216796875 0.021484375 0.037109375
0 0.4423828125 0.2060546875 0.025390625 0.041015625
0 0.4775390625 0.2177734375 0.021484375 0.033203125
0 0.31640625 0.3916015625 0.02734375 0.041015625
0 0.357421875 0.5693359375 0.015625 0.041015625
0 0.3779296875 0.564453125 0.017578125 0.0390625
0 0.4169921875 0.568359375 0.017578125 0.0390625
0 0.439453125 0.56640625 0.015625 0.0390625
0 0.47265625 0.595703125 0.03515625 0.01953125
0 0.4755859375 0.5380859375 0.037109375 0.029296875
0 0.48828125 0.4755859375 0.01953125 0.041015625
0 0.5087890625 0.4736328125 0.021484375 0.037109375
0 0.529296875 0.474609375 0.01953125 0.0390625
0 0.4697265625 0.6318359375 0.041015625 0.021484375
0 0.4775390625 0.65234375 0.044921875 0.01953125
0 0.4111328125 0.7041015625 0.021484375 0.041015625
0 0.388671875 0.70703125 0.0234375 0.03515625
0 0.3486328125 0.708984375 0.021484375 0.03125
0 0.2890625 0.7080078125 0.01953125 0.033203125
0 0.267578125 0.708984375 0.015625 0.03125
0 0.2421875 0.7119140625 0.015625 0.029296875
0 0.69140625 0.943359375 0.03125 0.01953125
0 0.705078125 0.69140625 0.01953125 0.03515625
0 0.7509765625 0.6103515625 0.037109375 0.017578125
0 0.7451171875 0.5654296875 0.033203125 0.017578125
0 0.7431640625 0.4833984375 0.037109375 0.017578125
0 0.7412109375 0.421875 0.037109375 0.01953125
0 0.73828125 0.40234375 0.04296875 0.01953125
0 0.740234375 0.361328125 0.03515625 0.0234375
0 0.7353515625 0.3232421875 0.033203125 0.017578125
0 0.7333984375 0.3037109375 0.037109375 0.021484375
0 0.73828125 0.2822265625 0.0390625 0.017578125
0 0.736328125 0.2626953125 0.04296875 0.021484375
0 0.7373046875 0.2421875 0.041015625 0.01953125
0 0.7265625 0.18359375 0.0390625 0.015625
0 0.7275390625 0.16015625 0.041015625 0.015625
0 0.73046875 0.142578125 0.03515625 0.01953125
0 0.7314453125 0.1201171875 0.041015625 0.017578125
0 0.7275390625 0.0986328125 0.037109375 0.021484375
0 0.724609375 0.080078125 0.03515625 0.015625
0 0.7265625 0.0625 0.0390625 0.01953125
0 0.72265625 0.0380859375 0.03515625 0.017578125
0 0.72265625 0.01953125 0.03515625 0.01953125
0 0.87109375 0.953125 0.0234375 0.0390625
