0 0.0810546875 0.3173828125 0.017578125 0.033203125
0 0.1123046875 0.3154296875 0.021484375 0.037109375
0 0.1318359375 0.3681640625 0.044921875 0.021484375
0 0.146484375 0.3447265625 0.04296875 0.021484375
0 0.1923828125 0.34765625 0.041015625 0.01953125
0 0.189453125 0.38671875 0.03515625 0.01953125
0 0.18359375 0.1572265625 0.03515625 0.017578125
0 0.18359375 0.1796875 0.03125 0.015625
0 0.1884765625 0.201171875 0.041015625 0.01953125
0 0.1884765625 0.22265625 0.033203125 0.015625
0 0.4716796875 0.0283203125 0.037109375 0.017578125
0 0.4716796875 0.0478515625 0.044921875 0.017578125
0 0.890625 0.0400390625 0.03125 0.017578125
0 0.8876953125 0.0625 0.029296875 0.01953125
0 0.888671875 0.16796875 0.04296875 0.01953125
0 0.890625 0.1875 0.03515625 0.01953125
0 0.8876953125 0.208984375 0.037109375 0.01953125
0 0.4697265625 0.1474609375 0.037109375 0.021484375
0 0.4677734375 0.181640625 0.033203125 0.01953125
0 0.4755859375 0.25 0.037109375 0.01953125
0 0.3671875 0.3056640625 0.0234375 0.037109375
0 0.43359375 0.302734375 0.01953125 0.03515625
0 0.55859375 0.0244140625 0.03125 0.017578125
0 0.6083984375 0.0244140625 0.037109375 0.021484375
0 0.6103515625 0.091796875 0.037109375 0.01953125
0 0.607421875 0.111328125 0.04296875 0.015625
0 0.6015625 0.1279296875 0.0390625 0.017578125
0 0.740234375 0.2978515625 0.01953125 0.029296875
0 0.697265625 0.3017578125 0.01953125 0.029296875
0 0.1962890625 0.4482421875 0.029296875 0.017578125
0 0.2001953125 0.4716796875 0.041015625 0.021484375
0 0.2041015625 0.5322265625 0.033203125 0.021484375
0 0.205078125 0.5732421875 0.0390625 0.021484375
0 0.20703125 0.5947265625 0.03515625 0.021484375
0 0.375 0.5537109375 0.01953125 0.033203125
0 0.396484375 0.5537109375 0.015625 0.033203125
0 0.46484375 0.552734375 0.0234375 0.03125
0 0.48828125 0.5498046875 0.01953125 0.037109375
0 0.53125 0.5498046875 0.01953125 0.033203125
0 0.5537109375 0.5537109375 0.021484375 0.033203125
0 0.57421875 0.548828125 0.01953125 0.03515625
0 0.595703125 0.55078125 0.01953125 0.03515625
0 0.615234375 0.5537109375 0.015625 0.029296875
0 0.6416015625 0.5517578125 0.017578125 0.033203125
0 0.74609375 0.5380859375 0.01953125 0.033203125
0 0.79296875 0.54296875 0.01953125 0.03125
0 0.83203125 0.541015625 0.015625 0.03515625
0 0.8544921875 0.5400390625 0.017578125 0.033203125
0 0.90234375 0.4140625 0.0390625 0.01953125
0 0.90234375 0.455078125 0.0390625 0.01953125
0 0.9111328125 0.4970703125 0.041015625 0.021484375
0 0.11328125 0.84765625 0.01953125 0.03515625
0 0.134765625 0.8505859375 0.0234375 0.037109375
0 0.158203125 0.845703125 0.01953125 0.0390625
0 0.181640625 0.8525390625 0.015625 0.037109375
0 0.1962890625 0.845703125 0.017578125 0.0390625
0 0.1689453125 0.9541015625 0.041015625 0.021484375
0 0.21875 0.849609375 0.01953125 0.0390625
0 0.2421875 0.845703125 0.015625 0.0390625
0 0.2587890625 0.84375 0.017578125 0.03515625
0 0.27734375 0.8388671875 0.01953125 0.037109375
0 0.296875 0.83984375 0.015625 0.03515625
0 0.3173828125 0.8408203125 0.017578125 0.033203125
0 0.3857421875 0.8388671875 0.021484375 0.033203125
0 0.3408203125 0.8388671875 0.017578125 0.033203125
0 0.3603515625 0.8388671875 0.017578125 0.033203125
0 0.447265625 0.833984375 0.01171875 0.02734375
0 0.4658203125 0.8369140625 0.017578125 0.033203125
1 0.556640625 0.9140625 0.06640625 0.0234375
0 0.1845703125 0.9853515625 0.013671875 0.029296875
0 0.2578125 0.978515625 0.01953125 0.0390625
0 0.396484375 0.9794921875 0.015625 0.041015625
0 0.41796875 0.9775390625 0.015625 0.037109375
0 0.4658203125 0.9716796875 0.017578125 0.029296875
0 0.4853515625 0.96484375 0.017578125 0.0390625
0 0.6015625 0.7998046875 0.015625 0.037109375
0 0.4580078125 0.6357421875 0.017578125 0.029296875
0 0.794921875 0.822265625 0.015625 0.03515625
0 0.8798828125 0.822265625 0.021484375 0.0390625
0 0.9794921875 0.80859375 0.017578125 0.03515625
0 0.732421875 0.9140625 0.0390625 0.01953125
0 0.7822265625 0.9697265625 0.017578125 0.033203125
0 0.8486328125 0.9423828125 0.017578125 0.033203125
0 0.8720703125 0.943359375 0.017578125 0.0390625
0 0.9375 0.9462890625 0.01953125 0.033203125
