0 0.6162109375 0.0390625 0.041015625 0.0390625
0 0.6025390625 0.109375 0.044921875 0.0234375
0 0.7373046875 0.109375 0.044921875 0.0234375
0 0.1904296875 0.0654296875 0.021484375 0.041015625
0 0.41796875 0.05859375 0.0234375 0.0390625
0 0.4580078125 0.076171875 0.021484375 0.0390625
0 0.265625 0.201171875 0.04296875 0.0234375
0 0.203125 0.2294921875 0.01953125 0.037109375
0 0.203125 0.26953125 0.01953125 0.04296875
0 0.435546875 0.2255859375 0.0234375 0.048828125
0 0.4140625 0.267578125 0.015625 0.0390625
