0 0.169921875 0.1591796875 0.0390625 0.013671875
0 0.0869140625 0.060546875 0.041015625 0.01953125
0 0.265625 0.0927734375 0.04296875 0.021484375
0 0.3330078125 0.0869140625 0.021484375 0.041015625
0 0.34375 0.287109375 0.0234375 0.03515625
0 0.39453125 0.1455078125 0.015625 0.025390625
0 0.412109375 0.0791015625 0.02734375 0.021484375
0 0.03125 0.537109375 0.015625 0.03515625
0 0.0625 0.44921875 0.015625 0.03515625
0 0.103515625 0.44140625 0.01953125 0.03125
0 0.0390625 0.6162109375 0.0234375 0.021484375
0 0.169921875 0.640625 0.03515625 0.01171875
0 0.236328125 0.689453125 0.03515625 0.015625
0 0.3017578125 0.8037109375 0.041015625 0.017578125
0 0.3017578125 0.8232421875 0.037109375 0.013671875
0 0.3095703125 0.8447265625 0.029296875 0.013671875
0 0.302734375 0.86328125 0.03515625 0.01171875
0 0.3134765625 0.884765625 0.025390625 0.01171875
0 0.3037109375 0.92578125 0.021484375 0.01171875
0 0.4736328125 0.8671875 0.017578125 0.03125
0 0.4833984375 0.7392578125 0.017578125 0.029296875
0 0.52734375 0.7392578125 0.015625 0.033203125
0 0.5576171875 0.740234375 0.017578125 0.03515625
0 0.5625 0.6533203125 0.015625 0.033203125
0 0.580078125 0.732421875 0.015625 0.03125
0 0.6015625 0.732421875 0.015625 0.03125
0 0.6435546875 0.7353515625 0.017578125 0.033203125
0 0.48828125 0.646484375 0.015625 0.03125
0 0.8642578125 0.7041015625 0.013671875 0.029296875
0 0.884765625 0.7041015625 0.015625 0.029296875
0 0.9208984375 0.701171875 0.017578125 0.03515625
0 0.98046875 0.5693359375 0.0390625 0.017578125
1 0.85546875 0.6484375 0.05859375 0.01953125
0 0.8564453125 0.4130859375 0.017578125 0.037109375
0 0.90234375 0.4140625 0.01953125 0.0390625
0 0.9423828125 0.4111328125 0.013671875 0.033203125
0 0.9658203125 0.4130859375 0.017578125 0.037109375
0 0.9853515625 0.408203125 0.013671875 0.03125
0 0.8798828125 0.4111328125 0.017578125 0.033203125
0 0.609375 0.15234375 0.03515625 0.015625
0 0.609375 0.1728515625 0.0390625 0.013671875
0 0.611328125 0.1904296875 0.0390625 0.013671875
0 0.6162109375 0.2119140625 0.025390625 0.013671875
0 0.615234375 0.287109375 0.03515625 0.015625
0 0.6181640625 0.2685546875 0.033203125 0.013671875
0 0.615234375 0.25 0.03125 0.01171875
0 0.6220703125 0.3203125 0.037109375 0.01953125
0 0.6142578125 0.232421875 0.033203125 0.015625
0 0.607421875 0.0830078125 0.0390625 0.017578125
0 0.6064453125 0.0263671875 0.041015625 0.017578125
0 0.8935546875 0.0185546875 0.029296875 0.013671875
0 0.9541015625 0.1337890625 0.013671875 0.029296875
0 0.8388671875 0.140625 0.017578125 0.0390625
0 0.8583984375 0.1416015625 0.013671875 0.021484375
0 0.79296875 0.1494140625 0.01171875 0.025390625
0 0.376953125 0.515625 0.01171875 0.03125
0 0.05078125 0.53125 0.015625 0.02734375
0 0.3017578125 0.9443359375 0.041015625 0.029296875
