0 0.2587890625 0.8798828125 0.021484375 0.037109375
0 0.169921875 0.67578125 0.0390625 0.01953125
0 0.0166015625 0.5693359375 0.033203125 0.017578125
0 0.158203125 0.4404296875 0.03515625 0.017578125
0 0.146484375 0.3544921875 0.0390625 0.017578125
0 0.1435546875 0.3251953125 0.041015625 0.021484375
0 0.1435546875 0.3046875 0.041015625 0.01953125
0 0.1865234375 0.20703125 0.017578125 0.03515625
0 0.123046875 0.130859375 0.0390625 0.01953125
0 0.435546875 0.013671875 0.0390625 0.015625
