0 0.2021484375 0.052734375 0.044921875 0.0234375
0 0.4521484375 0.0673828125 0.048828125 0.025390625
0 0.421875 0.04296875 0.0390625 0.0234375
1 0.15234375 0.150390625 0.0625 0.0234375
1 0.21484375 0.1494140625 0.0625 0.021484375
1 0.296875 0.14453125 0.0625 0.0234375
0 0.5 0.1357421875 0.03125 0.033203125
0 0.5263671875 0.134765625 0.029296875 0.03125
0 0.630859375 0.1318359375 0.03515625 0.041015625
0 0.658203125 0.1279296875 0.0390625 0.033203125
0 0.845703125 0.0302734375 0.04296875 0.025390625
1 0.9541015625 0.26171875 0.052734375 0.01953125
1 0.947265625 0.2880859375 0.0625 0.021484375
1 0.9638671875 0.3125 0.056640625 0.02734375
1 0.9658203125 0.365234375 0.064453125 0.02734375
1 0.9658203125 0.4990234375 0.064453125 0.025390625
