0 0.0439453125 0.0361328125 0.025390625 0.041015625
0 0.1298828125 0.0263671875 0.041015625 0.021484375
0 0.1318359375 0.0595703125 0.041015625 0.017578125
0 0.1328125 0.0791015625 0.04296875 0.021484375
0 0.130859375 0.099609375 0.0390625 0.01953125
0 0.05078125 0.115234375 0.0234375 0.03515625
0 0.130859375 0.13671875 0.04296875 0.01953125
0 0.1318359375 0.15625 0.037109375 0.01953125
0 0.1337890625 0.2158203125 0.044921875 0.021484375
0 0.1484375 0.24609375 0.02734375 0.0390625
0 0.1865234375 0.234375 0.021484375 0.04296875
0 0.22265625 0.2255859375 0.0234375 0.037109375
0 0.2666015625 0.2236328125 0.025390625 0.044921875
0 0.349609375 0.2255859375 0.01953125 0.037109375
0 0.375 0.2255859375 0.01953125 0.037109375
0 0.3955078125 0.220703125 0.021484375 0.03515625
0 0.44140625 0.2197265625 0.01953125 0.041015625
0 0.4658203125 0.2197265625 0.017578125 0.041015625
0 0.5302734375 0.2138671875 0.021484375 0.037109375
0 0.306640625 0.2978515625 0.0390625 0.021484375
0 0.365234375 0.2958984375 0.04296875 0.025390625
0 0.5947265625 0.142578125 0.017578125 0.0390625
0 0.923828125 0.2021484375 0.0234375 0.037109375
