0 0.9619140625 0.2431640625 0.017578125 0.033203125
0 0.982421875 0.298828125 0.01953125 0.03515625
0 0.9609375 0.298828125 0.015625 0.03125
0 0.9404296875 0.302734375 0.017578125 0.02734375
0 0.6796875 0.4345703125 0.03515625 0.021484375
0 0.962890625 0.642578125 0.0390625 0.015625
0 0.6572265625 0.7373046875 0.041015625 0.017578125
0 0.654296875 0.7578125 0.0390625 0.015625
0 0.95703125 0.74609375 0.015625 0.02734375
0 0.9775390625 0.7431640625 0.013671875 0.037109375
0 0.9755859375 0.8271484375 0.017578125 0.037109375
0 0.8564453125 0.8408203125 0.021484375 0.029296875
0 0.798828125 0.8525390625 0.04296875 0.017578125
0 0.74609375 0.853515625 0.0390625 0.01953125
0 0.0849609375 0.4033203125 0.021484375 0.037109375
0 0.0966796875 0.857421875 0.017578125 0.03515625
0 0.265625 0.8310546875 0.01953125 0.033203125
0 0.314453125 0.8505859375 0.015625 0.029296875
0 0.3359375 0.8466796875 0.01953125 0.037109375
0 0.3564453125 0.8486328125 0.013671875 0.033203125
0 0.26171875 0.9501953125 0.03515625 0.017578125
0 0.40625 0.9658203125 0.01953125 0.033203125
0 0.48828125 0.9638671875 0.01953125 0.041015625
0 0.5556640625 0.9580078125 0.021484375 0.037109375
0 0.6005859375 0.95703125 0.021484375 0.0390625
0 0.8251953125 0.9541015625 0.017578125 0.029296875
0 0.6572265625 0.8076171875 0.017578125 0.037109375
0 0.6142578125 0.810546875 0.021484375 0.03125
0 0.474609375 0.8203125 0.015625 0.0234375
0 0.427734375 0.8369140625 0.01953125 0.041015625
