0 0.6845703125 0.857421875 0.017578125 0.03515625
0 0.595703125 0.69921875 0.01953125 0.0390625
0 0.8642578125 0.8779296875 0.017578125 0.033203125
0 0.892578125 0.859375 0.01953125 0.03515625
0 0.8642578125 0.4140625 0.017578125 0.03515625
0 0.8642578125 0.2822265625 0.013671875 0.021484375
0 0.5625 0.2333984375 0.0390625 0.017578125
0 0.5556640625 0.2109375 0.033203125 0.015625
0 0.59765625 0.171875 0.01953125 0.0390625
0 0.5947265625 0.109375 0.017578125 0.03515625
0 0.654296875 0.015625 0.01953125 0.02734375
0 0.65625 0.1103515625 0.01953125 0.037109375
0 0.6640625 0.1826171875 0.01953125 0.037109375
0 0.6650390625 0.2275390625 0.021484375 0.037109375
0 0.66796875 0.2841796875 0.01953125 0.041015625
0 0.826171875 0.0869140625 0.015625 0.025390625
