0 0.216796875 0.392578125 0.04296875 0.0234375
0 0.3994140625 0.4423828125 0.044921875 0.025390625
0 0.5107421875 0.5244140625 0.044921875 0.025390625
0 0.5830078125 0.525390625 0.048828125 0.02734375
0 0.587890625 0.5009765625 0.0390625 0.021484375
0 0.6572265625 0.52734375 0.041015625 0.01953125
0 0.7685546875 0.2783203125 0.021484375 0.041015625
0 0.7958984375 0.2841796875 0.017578125 0.041015625
0 0.1689453125 0.8798828125 0.021484375 0.041015625
0 0.259765625 0.876953125 0.01953125 0.0390625
0 0.9560546875 0.658203125 0.021484375 0.04296875
0 0.9287109375 0.662109375 0.013671875 0.04296875
