0 0.0908203125 0.697265625 0.021484375 0.04296875
0 0.13671875 0.6982421875 0.0234375 0.048828125
0 0.298828125 0.4287109375 0.0390625 0.021484375
0 0.296875 0.4052734375 0.04296875 0.025390625
0 0.30078125 0.3662109375 0.04296875 0.021484375
0 0.8798828125 0.701171875 0.044921875 0.01953125
0 0.6953125 0.4384765625 0.03125 0.017578125
0 0.701171875 0.45703125 0.04296875 0.01953125
0 0.6923828125 0.705078125 0.037109375 0.01953125
0 0.5869140625 0.7099609375 0.044921875 0.025390625
0 0.70703125 0.068359375 0.01953125 0.03125
