0 0.740234375 0.1474609375 0.01953125 0.044921875
0 0.7412109375 0.2021484375 0.021484375 0.037109375
0 0.814453125 0.2080078125 0.04296875 0.029296875
0 0.822265625 0.2275390625 0.0390625 0.029296875
0 0.849609375 0.2939453125 0.03515625 0.029296875
0 0.8564453125 0.3115234375 0.037109375 0.025390625
0 0.869140625 0.3544921875 0.03515625 0.033203125
0 0.859375 0.3779296875 0.03515625 0.029296875
0 0.8330078125 0.4326171875 0.025390625 0.037109375
0 0.326171875 0.447265625 0.04296875 0.03125
