0 0.552734375 0.046875 0.03515625 0.015625
0 0.544921875 0.064453125 0.046875 0.015625
0 0.544921875 0.08203125 0.046875 0.01953125
0 0.5439453125 0.1337890625 0.029296875 0.017578125
0 0.908203125 0.9443359375 0.04296875 0.013671875
0 0.908203125 0.9228515625 0.04296875 0.021484375
0 0.9013671875 0.8994140625 0.033203125 0.025390625
0 0.90234375 0.8779296875 0.03125 0.017578125
0 0.8994140625 0.8154296875 0.041015625 0.017578125
0 0.9033203125 0.8359375 0.041015625 0.0234375
0 0.9033203125 0.798828125 0.033203125 0.015625
0 0.900390625 0.7421875 0.0390625 0.0234375
0 0.9287109375 0.732421875 0.017578125 0.04296875
0 0.892578125 0.697265625 0.0390625 0.01953125
0 0.8984375 0.6591796875 0.03515625 0.013671875
0 0.89453125 0.6357421875 0.03125 0.017578125
0 0.892578125 0.6181640625 0.02734375 0.017578125
0 0.8876953125 0.599609375 0.037109375 0.01953125
0 0.8955078125 0.5810546875 0.041015625 0.017578125
0 0.8876953125 0.537109375 0.041015625 0.015625
0 0.8896484375 0.5595703125 0.033203125 0.013671875
0 0.8896484375 0.5185546875 0.037109375 0.021484375
0 0.8857421875 0.4296875 0.029296875 0.01171875
0 0.8876953125 0.4521484375 0.029296875 0.017578125
0 0.8896484375 0.4736328125 0.029296875 0.013671875
0 0.8828125 0.4140625 0.03515625 0.01953125
0 0.8818359375 0.392578125 0.033203125 0.015625
0 0.8828125 0.3720703125 0.0390625 0.017578125
0 0.8798828125 0.3515625 0.037109375 0.0234375
0 0.8779296875 0.3125 0.037109375 0.01953125
0 0.9833984375 0.3720703125 0.033203125 0.021484375
0 0.8701171875 0.248046875 0.041015625 0.01953125
0 0.8720703125 0.2275390625 0.037109375 0.021484375
0 0.5537109375 0.1767578125 0.044921875 0.017578125
0 0.5556640625 0.1572265625 0.037109375 0.021484375
0 0.5625 0.208984375 0.04296875 0.01953125
0 0.552734375 0.2451171875 0.0390625 0.017578125
0 0.556640625 0.3173828125 0.05078125 0.021484375
0 0.62890625 0.3095703125 0.01953125 0.037109375
0 0.5615234375 0.4228515625 0.033203125 0.017578125
0 0.576171875 0.341796875 0.03125 0.0234375
0 0.564453125 0.4560546875 0.0390625 0.013671875
0 0.5693359375 0.4931640625 0.041015625 0.021484375
0 0.5703125 0.5283203125 0.04296875 0.017578125
0 0.5693359375 0.51171875 0.029296875 0.015625
0 0.5712890625 0.5625 0.044921875 0.01953125
0 0.57421875 0.611328125 0.04296875 0.01953125
0 0.5771484375 0.630859375 0.037109375 0.01953125
0 0.5546875 0.6611328125 0.04296875 0.017578125
0 0.5556640625 0.6796875 0.037109375 0.01953125
0 0.556640625 0.6982421875 0.0390625 0.017578125
0 0.5634765625 0.716796875 0.041015625 0.01953125
0 0.5712890625 0.7392578125 0.041015625 0.017578125
0 0.5654296875 0.7568359375 0.041015625 0.017578125
0 0.5693359375 0.775390625 0.048828125 0.01953125
0 0.607421875 0.7626953125 0.0234375 0.037109375
0 0.5703125 0.814453125 0.03515625 0.0234375
0 0.5625 0.837890625 0.04296875 0.015625
0 0.56640625 0.8544921875 0.0390625 0.017578125
0 0.5625 0.8798828125 0.04296875 0.021484375
0 0.57421875 0.8984375 0.03515625 0.015625
0 0.572265625 0.919921875 0.04296875 0.01953125
0 0.5732421875 0.9404296875 0.044921875 0.021484375
0 0.6611328125 0.951171875 0.021484375 0.0390625
0 0.2470703125 0.7666015625 0.041015625 0.017578125
0 0.2451171875 0.7861328125 0.037109375 0.021484375
0 0.28125 0.7646484375 0.015625 0.037109375
0 0.2919921875 0.70703125 0.017578125 0.0390625
0 0.23828125 0.7412109375 0.0390625 0.025390625
0 0.23046875 0.7216796875 0.03515625 0.013671875
0 0.232421875 0.7021484375 0.0390625 0.021484375
0 0.2314453125 0.6826171875 0.041015625 0.017578125
0 0.232421875 0.6640625 0.0390625 0.01953125
0 0.232421875 0.6220703125 0.04296875 0.017578125
0 0.23046875 0.6025390625 0.046875 0.021484375
0 0.2294921875 0.5810546875 0.033203125 0.021484375
0 0.2265625 0.556640625 0.04296875 0.015625
0 0.2275390625 0.5400390625 0.041015625 0.017578125
0 0.2265625 0.5205078125 0.03515625 0.021484375
0 0.291015625 0.5390625 0.0234375 0.0390625
0 0.3037109375 0.5986328125 0.017578125 0.037109375
0 0.3076171875 0.6572265625 0.017578125 0.033203125
0 0.2275390625 0.4306640625 0.041015625 0.021484375
0 0.2275390625 0.451171875 0.041015625 0.01953125
0 0.296875 0.4189453125 0.015625 0.037109375
0 0.21875 0.384765625 0.04296875 0.01953125
0 0.2197265625 0.4091796875 0.041015625 0.021484375
0 0.275390625 0.3466796875 0.01953125 0.041015625
0 0.2158203125 0.345703125 0.037109375 0.01953125
0 0.2158203125 0.3203125 0.044921875 0.015625
0 0.212890625 0.3037109375 0.0390625 0.017578125
0 0.2080078125 0.26171875 0.044921875 0.01953125
0 0.205078125 0.2158203125 0.046875 0.017578125
0 0.19921875 0.17578125 0.03125 0.01953125
0 0.197265625 0.154296875 0.03125 0.0234375
0 0.142578125 0.154296875 0.03515625 0.01953125
0 0.19921875 0.1328125 0.03515625 0.015625
0 0.1982421875 0.095703125 0.041015625 0.0234375
0 0.2509765625 0.0546875 0.017578125 0.0390625
0 0.2890625 0.048828125 0.015625 0.03125
0 0.0537109375 0.9755859375 0.037109375 0.021484375
0 0.8779296875 0.0595703125 0.021484375 0.041015625
0 0.857421875 0.060546875 0.01953125 0.0390625
0 0.8388671875 0.0634765625 0.017578125 0.033203125
0 0.5380859375 0.0078125 0.041015625 0.015625
0 0.5478515625 0.02734375 0.033203125 0.0234375
0 0.5537109375 0.26171875 0.041015625 0.015625
0 0.552734375 0.27734375 0.0390625 0.015625
0 0.5537109375 0.2958984375 0.041015625 0.021484375
