0 0.521484375 0.025390625 0.03125 0.015625
0 0.5712890625 0.0283203125 0.041015625 0.021484375
0 0.57421875 0.0634765625 0.046875 0.021484375
0 0.39453125 0.033203125 0.0390625 0.015625
0 0.408203125 0.0986328125 0.03125 0.017578125
0 0.4130859375 0.1455078125 0.037109375 0.021484375
0 0.6474609375 0.0693359375 0.021484375 0.037109375
0 0.51953125 0.1083984375 0.04296875 0.017578125
0 0.57421875 0.119140625 0.04296875 0.015625
0 0.5234375 0.126953125 0.0390625 0.01953125
0 0.5263671875 0.150390625 0.041015625 0.01953125
0 0.578125 0.185546875 0.04296875 0.0234375
0 0.5810546875 0.2060546875 0.037109375 0.017578125
0 0.52734375 0.2685546875 0.046875 0.021484375
0 0.5810546875 0.2548828125 0.037109375 0.017578125
0 0.5751953125 0.134765625 0.033203125 0.015625
0 0.5751953125 0.1513671875 0.033203125 0.017578125
0 0.4677734375 0.3564453125 0.037109375 0.017578125
0 0.52734375 0.341796875 0.04296875 0.01953125
0 0.587890625 0.33203125 0.0390625 0.01953125
0 0.5869140625 0.3642578125 0.037109375 0.021484375
0 0.533203125 0.380859375 0.046875 0.0234375
0 0.587890625 0.4169921875 0.046875 0.021484375
0 0.5087890625 0.462890625 0.041015625 0.01953125
0 0.5205078125 0.5263671875 0.037109375 0.017578125
0 0.5908203125 0.4697265625 0.044921875 0.021484375
0 0.591796875 0.5048828125 0.0390625 0.017578125
0 0.5888671875 0.5263671875 0.041015625 0.021484375
0 0.6904296875 0.5185546875 0.021484375 0.037109375
0 0.6953125 0.4599609375 0.01953125 0.041015625
0 0.400390625 0.65625 0.04296875 0.01953125
0 0.4228515625 0.7587890625 0.037109375 0.021484375
0 0.537109375 0.7001953125 0.0390625 0.025390625
0 0.5546875 0.7470703125 0.0390625 0.021484375
0 0.43359375 0.80859375 0.0390625 0.02734375
0 0.4814453125 0.865234375 0.029296875 0.03125
0 0.5693359375 0.7861328125 0.037109375 0.029296875
0 0.5810546875 0.8046875 0.041015625 0.03125
0 0.5966796875 0.8232421875 0.033203125 0.029296875
0 0.5498046875 0.9189453125 0.029296875 0.033203125
0 0.6572265625 0.96875 0.025390625 0.04296875
0 0.681640625 0.1474609375 0.0234375 0.044921875
0 0.75 0.8525390625 0.01953125 0.033203125
0 0.796875 0.8349609375 0.015625 0.037109375
0 0.814453125 0.8427734375 0.01953125 0.037109375
0 0.84375 0.8310546875 0.0234375 0.037109375
0 0.8837890625 0.814453125 0.021484375 0.0390625
0 0.8837890625 0.955078125 0.029296875 0.03125
0 0.89453125 0.009765625 0.0390625 0.01953125
0 0.8984375 0.029296875 0.03515625 0.01953125
0 0.9052734375 0.05078125 0.048828125 0.0234375
0 0.9033203125 0.0908203125 0.044921875 0.021484375
0 0.9052734375 0.111328125 0.041015625 0.01953125
0 0.90234375 0.1298828125 0.03515625 0.017578125
0 0.8994140625 0.1513671875 0.041015625 0.021484375
0 0.904296875 0.1728515625 0.03515625 0.021484375
0 0.90234375 0.2099609375 0.03515625 0.017578125
0 0.9091796875 0.255859375 0.029296875 0.01171875
0 0.9150390625 0.27734375 0.029296875 0.015625
0 0.91015625 0.294921875 0.03515625 0.015625
0 0.9130859375 0.3330078125 0.037109375 0.017578125
0 0.9072265625 0.35546875 0.033203125 0.015625
0 0.912109375 0.375 0.0390625 0.015625
0 0.955078125 0.359375 0.01953125 0.0390625
0 0.9853515625 0.33984375 0.017578125 0.03515625
0 0.9130859375 0.41015625 0.029296875 0.01953125
0 0.91796875 0.4716796875 0.03125 0.017578125
0 0.9189453125 0.4970703125 0.037109375 0.017578125
0 0.9189453125 0.5361328125 0.033203125 0.017578125
0 0.9248046875 0.5556640625 0.029296875 0.009765625
0 0.9208984375 0.578125 0.041015625 0.015625
0 0.9228515625 0.595703125 0.029296875 0.01953125
0 0.9228515625 0.619140625 0.029296875 0.015625
0 0.9248046875 0.662109375 0.037109375 0.01953125
0 0.9462890625 0.9560546875 0.041015625 0.021484375
