0 0.498046875 0.98828125 0.04296875 0.0234375
0 0.49609375 0.9677734375 0.0390625 0.017578125
0 0.4970703125 0.947265625 0.041015625 0.015625
0 0.4970703125 0.927734375 0.041015625 0.015625
0 0.494140625 0.90625 0.04296875 0.01953125
0 0.5517578125 0.97265625 0.017578125 0.03125
0 0.2841796875 0.4560546875 0.041015625 0.021484375
0 0.2431640625 0.54296875 0.025390625 0.03515625
1 0.140625 0.3642578125 0.046875 0.021484375
0 0.1494140625 0.77734375 0.037109375 0.015625
0 0.1474609375 0.7587890625 0.041015625 0.017578125
0 0.14453125 0.716796875 0.03515625 0.015625
0 0.1474609375 0.6982421875 0.041015625 0.017578125
0 0.1484375 0.6806640625 0.03515625 0.013671875
0 0.3134765625 0.55078125 0.029296875 0.01171875
0 0.3759765625 0.7626953125 0.017578125 0.033203125
0 0.4169921875 0.759765625 0.013671875 0.02734375
0 0.4423828125 0.7666015625 0.009765625 0.021484375
0 0.474609375 0.765625 0.01171875 0.0234375
0 0.49609375 0.759765625 0.015625 0.03125
0 0.525390625 0.7587890625 0.015625 0.037109375
0 0.55078125 0.7529296875 0.015625 0.033203125
0 0.5712890625 0.755859375 0.017578125 0.03515625
0 0.595703125 0.759765625 0.015625 0.02734375
0 0.6123046875 0.7744140625 0.025390625 0.041015625
0 0.6376953125 0.7529296875 0.021484375 0.033203125
0 0.697265625 0.74609375 0.01953125 0.0390625
0 0.7431640625 0.74609375 0.013671875 0.03125
0 0.8115234375 0.7421875 0.013671875 0.03125
0 0.8359375 0.7392578125 0.015625 0.037109375
0 0.8974609375 0.791015625 0.037109375 0.015625
0 0.9423828125 0.734375 0.013671875 0.03515625
0 0.642578125 0.8349609375 0.015625 0.029296875
0 0.9267578125 0.826171875 0.013671875 0.0234375
0 0.9033203125 0.822265625 0.009765625 0.01953125
0 0.984375 0.7255859375 0.015625 0.029296875
0 0.671875 0.5283203125 0.0390625 0.017578125
0 0.66796875 0.4384765625 0.0390625 0.017578125
0 0.75 0.4326171875 0.0390625 0.017578125
1 0.08203125 0.0625 0.046875 0.0546875
1 0.15625 0.103515625 0.0234375 0.05859375
1 0.2626953125 0.0751953125 0.033203125 0.087890625
1 0.330078125 0.03515625 0.04296875 0.04296875
0 0.095703125 0.189453125 0.04296875 0.01953125
0 0.099609375 0.16796875 0.04296875 0.0234375
0 0.0908203125 0.130859375 0.044921875 0.01953125
0 0.0927734375 0.107421875 0.041015625 0.0234375
