0 0.609375 0.0439453125 0.0390625 0.025390625
0 0.6123046875 0.06640625 0.037109375 0.01953125
0 0.4921875 0.0517578125 0.0390625 0.021484375
0 0.5 0.07421875 0.04296875 0.0234375
0 0.4287109375 0.072265625 0.021484375 0.03515625
0 0.453125 0.0810546875 0.01953125 0.041015625
0 0.05859375 0.27734375 0.01171875 0.03515625
0 0.080078125 0.2802734375 0.015625 0.037109375
0 0.1025390625 0.275390625 0.017578125 0.03125
0 0.1240234375 0.279296875 0.013671875 0.03515625
0 0.1455078125 0.28125 0.013671875 0.02734375
0 0.166015625 0.2685546875 0.015625 0.033203125
0 0.0732421875 0.36328125 0.017578125 0.03515625
0 0.095703125 0.36328125 0.01171875 0.02734375
0 0.1171875 0.36328125 0.015625 0.02734375
0 0.146484375 0.3642578125 0.015625 0.029296875
0 0.1669921875 0.3642578125 0.013671875 0.033203125
0 0.19140625 0.361328125 0.01953125 0.03125
0 0.216796875 0.3603515625 0.015625 0.029296875
0 0.23828125 0.365234375 0.015625 0.03125
0 0.0810546875 0.4140625 0.013671875 0.03515625
0 0.123046875 0.4091796875 0.015625 0.029296875
0 0.1875 0.408203125 0.01953125 0.03125
0 0.232421875 0.4111328125 0.01953125 0.037109375
0 0.3154296875 0.419921875 0.033203125 0.0234375
0 0.2255859375 0.2578125 0.017578125 0.03125
0 0.2509765625 0.2587890625 0.017578125 0.037109375
0 0.291015625 0.2568359375 0.015625 0.029296875
0 0.3134765625 0.2548828125 0.009765625 0.025390625
0 0.3193359375 0.443359375 0.025390625 0.01171875
0 0.2763671875 0.439453125 0.041015625 0.01953125
0 0.2744140625 0.4775390625 0.044921875 0.025390625
0 0.0703125 0.533203125 0.04296875 0.015625
0 0.0673828125 0.5556640625 0.044921875 0.017578125
0 0.166015625 0.52734375 0.05078125 0.01953125
0 0.3330078125 0.5595703125 0.041015625 0.017578125
0 0.28515625 0.5966796875 0.03515625 0.013671875
0 0.341796875 0.6015625 0.02734375 0.015625
0 0.1689453125 0.5869140625 0.048828125 0.021484375
0 0.169921875 0.6279296875 0.03515625 0.013671875
0 0.2900390625 0.658203125 0.041015625 0.0234375
0 0.291015625 0.6953125 0.04296875 0.0234375
0 0.1748046875 0.6728515625 0.048828125 0.017578125
1 0.1640625 0.7119140625 0.0625 0.021484375
0 0.2890625 0.75 0.04296875 0.01953125
0 0.18359375 0.7763671875 0.04296875 0.021484375
0 0.078125 0.6328125 0.0390625 0.01953125
0 0.080078125 0.6748046875 0.03515625 0.021484375
0 0.0830078125 0.7177734375 0.033203125 0.017578125
0 0.0830078125 0.7607421875 0.037109375 0.017578125
0 0.080078125 0.7783203125 0.03125 0.017578125
0 0.021484375 0.9521484375 0.01953125 0.033203125
0 0.537109375 0.90625 0.0234375 0.03515625
0 0.6669921875 0.904296875 0.025390625 0.0390625
0 0.69921875 0.8447265625 0.0390625 0.021484375
0 0.76953125 0.798828125 0.0234375 0.02734375
0 0.5849609375 0.62890625 0.048828125 0.01953125
0 0.58984375 0.6552734375 0.0390625 0.013671875
0 0.5849609375 0.677734375 0.041015625 0.015625
0 0.580078125 0.6982421875 0.04296875 0.017578125
0 0.54296875 0.462890625 0.04296875 0.0234375
0 0.4853515625 0.4365234375 0.029296875 0.025390625
0 0.54296875 0.359375 0.05078125 0.015625
0 0.6142578125 0.44921875 0.037109375 0.02734375
1 0.6728515625 0.5849609375 0.064453125 0.025390625
0 0.6884765625 0.5517578125 0.041015625 0.021484375
0 0.6962890625 0.45703125 0.041015625 0.01953125
0 0.6103515625 0.400390625 0.044921875 0.015625
0 0.6064453125 0.3671875 0.048828125 0.01953125
0 0.685546875 0.3388671875 0.04296875 0.021484375
0 0.333984375 0.3251953125 0.01953125 0.033203125
0 0.3583984375 0.326171875 0.013671875 0.0390625
0 0.48046875 0.3388671875 0.0234375 0.037109375
0 0.53125 0.3173828125 0.046875 0.017578125
0 0.533203125 0.298828125 0.04296875 0.01953125
0 0.4296875 0.2607421875 0.01953125 0.029296875
0 0.390625 0.251953125 0.01953125 0.03515625
0 0.3681640625 0.2529296875 0.025390625 0.033203125
0 0.4384765625 0.21875 0.048828125 0.02734375
0 0.525390625 0.19921875 0.046875 0.01953125
0 0.5263671875 0.16796875 0.048828125 0.0234375
0 0.4404296875 0.146484375 0.041015625 0.0234375
0 0.611328125 0.2138671875 0.04296875 0.021484375
0 0.6865234375 0.1513671875 0.041015625 0.025390625
0 0.751953125 0.3994140625 0.02734375 0.033203125
0 0.783203125 0.3740234375 0.02734375 0.033203125
0 0.794921875 0.5302734375 0.02734375 0.048828125
0 0.7646484375 0.630859375 0.021484375 0.0390625
0 0.8291015625 0.8056640625 0.025390625 0.044921875
0 0.9228515625 0.2255859375 0.017578125 0.033203125
0 0.9443359375 0.2275390625 0.013671875 0.033203125
0 0.9658203125 0.2294921875 0.013671875 0.033203125
0 0.986328125 0.2255859375 0.01171875 0.033203125
