0 0.728515625 0.8828125 0.03515625 0.0390625
0 0.724609375 0.8212890625 0.03125 0.025390625
0 0.7236328125 0.7978515625 0.033203125 0.021484375
0 0.9345703125 0.7177734375 0.017578125 0.033203125
0 0.82421875 0.7314453125 0.015625 0.029296875
0 0.8486328125 0.728515625 0.013671875 0.03125
0 0.71484375 0.5966796875 0.03515625 0.017578125
0 0.71484375 0.5771484375 0.03515625 0.021484375
0 0.7216796875 0.7119140625 0.037109375 0.021484375
0 0.6494140625 0.66015625 0.017578125 0.0390625
0 0.328125 0.5419921875 0.046875 0.021484375
