0 0.2998046875 0.6494140625 0.017578125 0.037109375
0 0.275390625 0.646484375 0.01953125 0.03515625
0 0.2421875 0.6484375 0.015625 0.03515625
0 0.2041015625 0.6552734375 0.017578125 0.037109375
0 0.1845703125 0.6513671875 0.017578125 0.033203125
0 0.1669921875 0.65234375 0.017578125 0.03515625
0 0.9150390625 0.6259765625 0.017578125 0.037109375
0 0.880859375 0.7490234375 0.01953125 0.037109375
0 0.9345703125 0.75 0.017578125 0.04296875
0 0.208984375 0.7841796875 0.015625 0.037109375
0 0.263671875 0.826171875 0.02734375 0.01953125
0 0.7763671875 0.837890625 0.017578125 0.03515625
0 0.798828125 0.83984375 0.01953125 0.0390625
0 0.986328125 0.8310546875 0.01953125 0.037109375
