0 0.03125 0.0263671875 0.0234375 0.041015625
0 0.0263671875 0.28515625 0.037109375 0.0390625
0 0.0634765625 0.2861328125 0.021484375 0.041015625
0 0.046875 0.0673828125 0.01953125 0.041015625
0 0.236328125 0.0615234375 0.02734375 0.037109375
0 0.0322265625 0.3408203125 0.041015625 0.013671875
0 0.0244140625 0.32421875 0.033203125 0.01953125
0 0.0888671875 0.529296875 0.033203125 0.01953125
0 0.056640625 0.5869140625 0.0234375 0.037109375
0 0.0927734375 0.552734375 0.041015625 0.02734375
0 0.1025390625 0.6591796875 0.033203125 0.017578125
0 0.1025390625 0.6787109375 0.033203125 0.021484375
0 0.10546875 0.6982421875 0.03125 0.017578125
0 0.1025390625 0.748046875 0.041015625 0.01953125
0 0.10546875 0.73046875 0.03515625 0.015625
0 0.1064453125 0.71484375 0.033203125 0.015625
0 0.1533203125 0.7646484375 0.037109375 0.021484375
0 0.302734375 0.1875 0.0390625 0.0234375
0 0.296875 0.2041015625 0.0390625 0.017578125
0 0.30078125 0.2216796875 0.03125 0.017578125
0 0.3037109375 0.2587890625 0.041015625 0.017578125
0 0.306640625 0.240234375 0.02734375 0.01953125
0 0.3125 0.3720703125 0.0390625 0.021484375
0 0.30859375 0.3876953125 0.046875 0.017578125
0 0.314453125 0.40625 0.03125 0.01953125
0 0.31640625 0.4248046875 0.03515625 0.017578125
0 0.3154296875 0.4443359375 0.048828125 0.021484375
0 0.31640625 0.4619140625 0.03515625 0.013671875
0 0.3115234375 0.478515625 0.037109375 0.015625
0 0.314453125 0.4951171875 0.04296875 0.017578125
0 0.3232421875 0.5986328125 0.033203125 0.017578125
0 0.326171875 0.634765625 0.03515625 0.015625
0 0.388671875 0.56640625 0.0234375 0.046875
0 0.390625 0.505859375 0.0234375 0.04296875
0 0.3935546875 0.6474609375 0.021484375 0.048828125
0 0.328125 0.728515625 0.03515625 0.015625
0 0.330078125 0.74609375 0.0390625 0.01953125
0 0.333984375 0.763671875 0.03515625 0.015625
0 0.3291015625 0.78125 0.037109375 0.015625
0 0.3349609375 0.7998046875 0.041015625 0.021484375
0 0.3349609375 0.833984375 0.041015625 0.01953125
0 0.3369140625 0.8681640625 0.041015625 0.017578125
0 0.333984375 0.8515625 0.03125 0.015625
0 0.33984375 0.90234375 0.0390625 0.01953125
0 0.28125 0.837890625 0.03515625 0.015625
0 0.2802734375 0.8046875 0.041015625 0.01953125
0 0.2841796875 0.7666015625 0.037109375 0.017578125
0 0.37890625 0.4169921875 0.02734375 0.052734375
0 0.634765625 0.046875 0.015625 0.03125
0 0.6513671875 0.046875 0.017578125 0.03125
0 0.6708984375 0.0458984375 0.017578125 0.037109375
0 0.6904296875 0.0419921875 0.017578125 0.037109375
0 0.7080078125 0.0478515625 0.017578125 0.037109375
0 0.724609375 0.0400390625 0.0234375 0.041015625
0 0.6748046875 0.1337890625 0.017578125 0.037109375
0 0.7138671875 0.1376953125 0.021484375 0.033203125
0 0.693359375 0.125 0.01953125 0.03125
0 0.6875 0.173828125 0.0390625 0.01953125
0 0.6884765625 0.193359375 0.041015625 0.01953125
0 0.6875 0.2138671875 0.05078125 0.013671875
0 0.6865234375 0.23046875 0.029296875 0.01953125
0 0.685546875 0.2548828125 0.04296875 0.017578125
0 0.6826171875 0.2724609375 0.037109375 0.017578125
0 0.658203125 0.3037109375 0.0390625 0.017578125
0 0.6103515625 0.30859375 0.029296875 0.015625
0 0.6474609375 0.427734375 0.037109375 0.015625
0 0.650390625 0.4443359375 0.04296875 0.017578125
0 0.6474609375 0.4619140625 0.037109375 0.017578125
0 0.6484375 0.4794921875 0.0390625 0.017578125
0 0.6533203125 0.513671875 0.044921875 0.01953125
0 0.6494140625 0.53125 0.037109375 0.015625
0 0.6474609375 0.5478515625 0.033203125 0.017578125
0 0.6513671875 0.5654296875 0.033203125 0.017578125
0 0.65234375 0.5830078125 0.03515625 0.017578125
0 0.650390625 0.599609375 0.04296875 0.0234375
0 0.662109375 0.6787109375 0.03515625 0.013671875
0 0.66015625 0.6943359375 0.03125 0.017578125
0 0.66015625 0.7099609375 0.03125 0.013671875
0 0.6611328125 0.7265625 0.033203125 0.01953125
0 0.7138671875 0.740234375 0.021484375 0.03125
0 0.7080078125 0.630859375 0.017578125 0.03125
0 0.6923828125 0.5556640625 0.017578125 0.037109375
0 0.662109375 0.78125 0.0390625 0.01953125
0 0.662109375 0.763671875 0.0390625 0.015625
0 0.6611328125 0.7998046875 0.037109375 0.017578125
0 0.6650390625 0.8193359375 0.044921875 0.021484375
0 0.962890625 0.15625 0.04296875 0.01953125
0 0.9619140625 0.1748046875 0.041015625 0.017578125
0 0.9658203125 0.1923828125 0.029296875 0.017578125
0 0.9677734375 0.208984375 0.033203125 0.015625
0 0.96875 0.2265625 0.03515625 0.01953125
0 0.970703125 0.263671875 0.0390625 0.01953125
0 0.9765625 0.3359375 0.046875 0.01953125
0 0.974609375 0.3544921875 0.04296875 0.017578125
0 0.9833984375 0.439453125 0.033203125 0.01953125
0 0.978515625 0.88671875 0.03515625 0.01953125
0 0.732421875 0.9755859375 0.0390625 0.029296875
0 0.7353515625 0.955078125 0.033203125 0.02734375
