0 0.07421875 0.0390625 0.03515625 0.015625
0 0.0771484375 0.0634765625 0.033203125 0.013671875
0 0.25 0.19140625 0.015625 0.02734375
0 0.3271484375 0.1865234375 0.021484375 0.037109375
0 0.3740234375 0.1826171875 0.021484375 0.041015625
0 0.3984375 0.185546875 0.015625 0.03515625
0 0.4384765625 0.16796875 0.017578125 0.03515625
0 0.4609375 0.158203125 0.01953125 0.03515625
0 0.482421875 0.166015625 0.015625 0.0390625
0 0.5185546875 0.16015625 0.017578125 0.03515625
0 0.61328125 0.1767578125 0.01953125 0.037109375
0 0.6357421875 0.1767578125 0.013671875 0.033203125
0 0.6572265625 0.17578125 0.017578125 0.03515625
0 0.6767578125 0.1708984375 0.017578125 0.037109375
0 0.6982421875 0.1748046875 0.017578125 0.037109375
0 0.7958984375 0.1240234375 0.013671875 0.033203125
0 0.78125 0.0771484375 0.03125 0.013671875
0 0.775390625 0.0576171875 0.0390625 0.017578125
0 0.970703125 0.1591796875 0.0390625 0.013671875
0 0.8876953125 0.060546875 0.041015625 0.01953125
0 0.71875 0.171875 0.01953125 0.03515625
0 0.099609375 0.48046875 0.015625 0.03515625
0 0.140625 0.4775390625 0.015625 0.033203125
0 0.162109375 0.4765625 0.0234375 0.0390625
0 0.18359375 0.4833984375 0.015625 0.029296875
0 0.224609375 0.4775390625 0.01953125 0.033203125
0 0.2646484375 0.478515625 0.017578125 0.02734375
0 0.28515625 0.4794921875 0.015625 0.033203125
0 0.3037109375 0.4716796875 0.017578125 0.037109375
0 0.3486328125 0.4736328125 0.017578125 0.029296875
0 0.3701171875 0.4716796875 0.017578125 0.037109375
0 0.38671875 0.46875 0.015625 0.03125
0 0.408203125 0.4658203125 0.01953125 0.044921875
0 0.1767578125 0.5654296875 0.021484375 0.033203125
0 0.212890625 0.5615234375 0.015625 0.037109375
0 0.234375 0.5615234375 0.01953125 0.037109375
0 0.2880859375 0.546875 0.017578125 0.03125
0 0.3095703125 0.5537109375 0.013671875 0.033203125
0 0.4013671875 0.5556640625 0.013671875 0.029296875
0 0.44140625 0.552734375 0.01953125 0.03515625
0 0.361328125 0.5556640625 0.015625 0.033203125
0 0.3837890625 0.556640625 0.017578125 0.03515625
0 0.50390625 0.4912109375 0.0390625 0.017578125
0 0.533203125 0.544921875 0.015625 0.03515625
0 0.587890625 0.5439453125 0.01953125 0.037109375
0 0.6474609375 0.5439453125 0.017578125 0.033203125
0 0.720703125 0.537109375 0.015625 0.0390625
0 0.6201171875 0.4619140625 0.017578125 0.033203125
0 0.640625 0.4599609375 0.015625 0.037109375
0 0.66015625 0.4599609375 0.015625 0.037109375
0 0.740234375 0.4541015625 0.015625 0.037109375
0 0.7626953125 0.451171875 0.017578125 0.0390625
0 0.59765625 0.4580078125 0.015625 0.037109375
0 0.7744140625 0.5341796875 0.013671875 0.029296875
0 0.83203125 0.537109375 0.015625 0.03515625
0 0.86328125 0.44921875 0.015625 0.03515625
0 0.904296875 0.44140625 0.01953125 0.03125
0 0.83984375 0.6162109375 0.0234375 0.021484375
0 0.5244140625 0.5966796875 0.041015625 0.017578125
0 0.3076171875 0.6083984375 0.041015625 0.017578125
0 0.2275390625 0.60546875 0.041015625 0.015625
0 0.296875 0.6982421875 0.015625 0.037109375
0 0.314453125 0.6962890625 0.015625 0.033203125
0 0.337890625 0.6982421875 0.01953125 0.033203125
0 0.388671875 0.7490234375 0.03125 0.017578125
0 0.482421875 0.689453125 0.01953125 0.0390625
0 0.50390625 0.6875 0.01953125 0.04296875
0 0.576171875 0.685546875 0.01171875 0.03125
0 0.595703125 0.6884765625 0.015625 0.037109375
0 0.6337890625 0.6796875 0.013671875 0.03125
0 0.654296875 0.681640625 0.015625 0.03125
0 0.6904296875 0.68359375 0.017578125 0.03515625
0 0.7275390625 0.6748046875 0.017578125 0.037109375
0 0.7958984375 0.537109375 0.013671875 0.02734375
0 0.05078125 0.689453125 0.0390625 0.0234375
0 0.0546875 0.7109375 0.03515625 0.01953125
0 0.1083984375 0.84375 0.056640625 0.0234375
0 0.1083984375 0.8701171875 0.037109375 0.017578125
0 0.1103515625 0.91015625 0.044921875 0.015625
0 0.1181640625 0.9501953125 0.041015625 0.017578125
0 0.3232421875 0.95703125 0.017578125 0.02734375
0 0.3515625 0.9599609375 0.01171875 0.025390625
0 0.3681640625 0.955078125 0.013671875 0.03125
0 0.38671875 0.95703125 0.01171875 0.02734375
0 0.560546875 0.9501953125 0.015625 0.037109375
0 0.7490234375 0.935546875 0.013671875 0.02734375
0 0.771484375 0.935546875 0.015625 0.03125
0 0.970703125 0.640625 0.03515625 0.01171875
0 0.8515625 0.53125 0.015625 0.02734375
0 0.115234375 0.9296875 0.03515625 0.01953125
0 0.1171875 0.970703125 0.0390625 0.01953125
0 0.12109375 0.990234375 0.0390625 0.01953125
0 0.560546875 0.9521484375 0.0234375 0.041015625
0 0.4423828125 0.958984375 0.017578125 0.04296875
0 0.423828125 0.958984375 0.01953125 0.0390625
