0 0.1728515625 0.2666015625 0.041015625 0.013671875
0 0.2978515625 0.26171875 0.037109375 0.015625
0 0.333984375 0.2607421875 0.02734375 0.017578125
0 0.0673828125 0.22265625 0.021484375 0.0390625
0 0.107421875 0.2236328125 0.01953125 0.033203125
0 0.19140625 0.220703125 0.0234375 0.0390625
0 0.23046875 0.2138671875 0.015625 0.037109375
0 0.29296875 0.2109375 0.01953125 0.03515625
0 0.1279296875 0.2197265625 0.017578125 0.037109375
0 0.1474609375 0.2216796875 0.013671875 0.033203125
0 0.0859375 0.6728515625 0.01953125 0.037109375
0 0.1103515625 0.666015625 0.017578125 0.03125
0 0.1357421875 0.666015625 0.017578125 0.0390625
0 0.1953125 0.73046875 0.0234375 0.03515625
0 0.2490234375 0.7236328125 0.021484375 0.033203125
0 0.296875 0.7177734375 0.0234375 0.037109375
0 0.31640625 0.7197265625 0.0234375 0.037109375
0 0.7138671875 0.025390625 0.037109375 0.01171875
0 0.685546875 0.1728515625 0.015625 0.029296875
0 0.5673828125 0.24609375 0.044921875 0.01953125
0 0.701171875 0.466796875 0.01953125 0.0390625
0 0.748046875 0.9228515625 0.03515625 0.017578125
0 0.7431640625 0.9013671875 0.041015625 0.017578125
0 0.7392578125 0.880859375 0.044921875 0.01953125
