0 0.1494140625 0.677734375 0.037109375 0.01171875
0 0.1474609375 0.6953125 0.037109375 0.01171875
0 0.15234375 0.7138671875 0.03125 0.013671875
0 0.1572265625 0.734375 0.037109375 0.015625
0 0.16015625 0.75390625 0.03515625 0.015625
0 0.1611328125 0.775390625 0.037109375 0.015625
0 0.1669921875 0.794921875 0.033203125 0.015625
0 0.3125 0.0185546875 0.03515625 0.013671875
0 0.31640625 0.0390625 0.03515625 0.015625
0 0.3154296875 0.0615234375 0.037109375 0.017578125
0 0.31640625 0.103515625 0.03515625 0.015625
0 0.3173828125 0.142578125 0.033203125 0.015625
0 0.3203125 0.166015625 0.0390625 0.01953125
0 0.326171875 0.189453125 0.03515625 0.015625
0 0.322265625 0.2080078125 0.03515625 0.017578125
0 0.32421875 0.228515625 0.03125 0.015625
0 0.3232421875 0.248046875 0.033203125 0.01171875
0 0.3203125 0.2685546875 0.03125 0.017578125
0 0.326171875 0.30859375 0.046875 0.01953125
0 0.3271484375 0.2890625 0.037109375 0.01171875
0 0.3330078125 0.3505859375 0.037109375 0.013671875
0 0.330078125 0.3720703125 0.03515625 0.013671875
0 0.3271484375 0.392578125 0.025390625 0.01171875
0 0.3291015625 0.4150390625 0.033203125 0.013671875
0 0.33203125 0.435546875 0.02734375 0.015625
0 0.333984375 0.455078125 0.03515625 0.015625
0 0.3349609375 0.4765625 0.037109375 0.015625
0 0.3330078125 0.4951171875 0.033203125 0.013671875
0 0.3369140625 0.51953125 0.029296875 0.015625
0 0.3369140625 0.5419921875 0.033203125 0.013671875
0 0.3369140625 0.560546875 0.037109375 0.015625
0 0.33984375 0.580078125 0.03515625 0.01171875
0 0.34375 0.599609375 0.03125 0.015625
0 0.34375 0.6240234375 0.03125 0.013671875
0 0.34375 0.6416015625 0.0390625 0.013671875
0 0.34375 0.662109375 0.03515625 0.015625
0 0.349609375 0.7255859375 0.03515625 0.013671875
0 0.353515625 0.8359375 0.0390625 0.01953125
0 0.36328125 0.89453125 0.03515625 0.015625
0 0.357421875 0.9365234375 0.03515625 0.013671875
0 0.35546875 0.9580078125 0.03125 0.013671875
0 0.359375 0.9150390625 0.0234375 0.013671875
0 0.5986328125 0.0517578125 0.033203125 0.017578125
0 0.59765625 0.0703125 0.03515625 0.015625
0 0.60546875 0.087890625 0.03125 0.015625
0 0.6083984375 0.103515625 0.025390625 0.015625
0 0.60546875 0.13671875 0.03125 0.015625
0 0.599609375 0.1552734375 0.02734375 0.013671875
0 0.6103515625 0.1728515625 0.029296875 0.009765625
0 0.61328125 0.240234375 0.03515625 0.015625
0 0.6103515625 0.3056640625 0.033203125 0.013671875
0 0.609375 0.32421875 0.03125 0.01171875
0 0.619140625 0.443359375 0.03515625 0.015625
0 0.6201171875 0.4609375 0.033203125 0.01171875
0 0.6181640625 0.49609375 0.029296875 0.015625
0 0.6220703125 0.548828125 0.033203125 0.015625
0 0.6240234375 0.5966796875 0.029296875 0.009765625
0 0.630859375 0.6162109375 0.03125 0.013671875
0 0.6318359375 0.650390625 0.033203125 0.015625
0 0.6337890625 0.669921875 0.033203125 0.015625
0 0.6982421875 0.1435546875 0.037109375 0.017578125
0 0.69921875 0.17578125 0.03125 0.015625
0 0.7490234375 0.1552734375 0.029296875 0.017578125
0 0.7412109375 0.173828125 0.037109375 0.015625
0 0.744140625 0.19140625 0.0390625 0.01953125
0 0.6796875 0.1943359375 0.0390625 0.017578125
0 0.703125 0.2119140625 0.03125 0.017578125
0 0.701171875 0.244140625 0.03125 0.015625
0 0.7021484375 0.2607421875 0.033203125 0.009765625
0 0.703125 0.2763671875 0.03125 0.013671875
0 0.7060546875 0.2958984375 0.029296875 0.013671875
0 0.703125 0.3134765625 0.03125 0.013671875
0 0.7392578125 0.275390625 0.029296875 0.01953125
0 0.75 0.3115234375 0.0390625 0.017578125
0 0.751953125 0.3291015625 0.0390625 0.017578125
0 0.70703125 0.390625 0.03125 0.01171875
0 0.7060546875 0.408203125 0.033203125 0.015625
0 0.7568359375 0.3876953125 0.037109375 0.013671875
0 0.7607421875 0.4384765625 0.037109375 0.017578125
0 0.7626953125 0.421875 0.029296875 0.01171875
0 0.7578125 0.455078125 0.03515625 0.01171875
0 0.7119140625 0.47265625 0.033203125 0.015625
0 0.7158203125 0.4921875 0.037109375 0.015625
0 0.76171875 0.47265625 0.0390625 0.015625
0 0.7158203125 0.52734375 0.037109375 0.01953125
0 0.76171875 0.505859375 0.03125 0.015625
0 0.759765625 0.5263671875 0.0390625 0.017578125
0 0.71484375 0.5615234375 0.03515625 0.013671875
0 0.767578125 0.5576171875 0.03515625 0.017578125
0 0.833984375 0.078125 0.0390625 0.015625
0 0.8291015625 0.11328125 0.033203125 0.01953125
0 0.83984375 0.1865234375 0.03125 0.013671875
0 0.8369140625 0.2373046875 0.029296875 0.017578125
0 0.8349609375 0.2568359375 0.033203125 0.017578125
