0 0.3134765625 0.05859375 0.033203125 0.03515625
0 0.48046875 0.31640625 0.03125 0.015625
0 0.48828125 0.3388671875 0.03515625 0.017578125
0 0.486328125 0.4521484375 0.0390625 0.021484375
0 0.486328125 0.2978515625 0.0390625 0.017578125
0 0.48046875 0.25 0.02734375 0.0234375
0 0.5107421875 0.2392578125 0.009765625 0.033203125
0 0.484375 0.216796875 0.02734375 0.01953125
0 0.6083984375 0.0234375 0.033203125 0.015625
0 0.8720703125 0.0947265625 0.033203125 0.017578125
0 0.578125 0.169921875 0.015625 0.03515625
0 0.611328125 0.1728515625 0.01953125 0.029296875
0 0.62109375 0.2060546875 0.03515625 0.017578125
0 0.619140625 0.224609375 0.0390625 0.01953125
0 0.625 0.2431640625 0.02734375 0.017578125
0 0.619140625 0.263671875 0.03125 0.015625
0 0.619140625 0.2880859375 0.04296875 0.017578125
0 0.7109375 0.3681640625 0.015625 0.029296875
0 0.7294921875 0.357421875 0.017578125 0.03515625
0 0.7744140625 0.36328125 0.021484375 0.03515625
0 0.83203125 0.361328125 0.01953125 0.03515625
0 0.8955078125 0.3564453125 0.021484375 0.037109375
0 0.833984375 0.498046875 0.0234375 0.03515625
