0 0.0224609375 0.8828125 0.017578125 0.03515625
0 0.1123046875 0.8798828125 0.017578125 0.037109375
0 0.1572265625 0.87890625 0.017578125 0.03515625
0 0.115234375 0.5625 0.0234375 0.03515625
0 0.177734375 0.5576171875 0.01953125 0.037109375
0 0.197265625 0.556640625 0.01953125 0.03515625
0 0.2353515625 0.49609375 0.037109375 0.015625
0 0.2333984375 0.4765625 0.041015625 0.0234375
0 0.2392578125 0.4560546875 0.029296875 0.017578125
0 0.2373046875 0.439453125 0.033203125 0.015625
0 0.23828125 0.4208984375 0.03125 0.021484375
0 0.23046875 0.3994140625 0.046875 0.021484375
0 0.232421875 0.3779296875 0.04296875 0.021484375
0 0.2255859375 0.359375 0.033203125 0.015625
0 0.2275390625 0.3388671875 0.044921875 0.017578125
0 0.2275390625 0.318359375 0.041015625 0.015625
0 0.2265625 0.2978515625 0.0390625 0.017578125
0 0.224609375 0.2763671875 0.03515625 0.017578125
0 0.224609375 0.255859375 0.03515625 0.015625
0 0.2216796875 0.23828125 0.033203125 0.015625
0 0.22265625 0.216796875 0.04296875 0.01953125
0 0.2216796875 0.1943359375 0.037109375 0.021484375
0 0.216796875 0.1748046875 0.04296875 0.017578125
0 0.21875 0.1572265625 0.03515625 0.017578125
0 0.21875 0.138671875 0.03515625 0.01953125
0 0.21875 0.119140625 0.04296875 0.015625
0 0.2177734375 0.099609375 0.044921875 0.015625
0 0.2158203125 0.078125 0.041015625 0.015625
0 0.2119140625 0.05078125 0.041015625 0.0234375
0 0.2158203125 0.01171875 0.044921875 0.01953125
0 0.5068359375 0.1279296875 0.041015625 0.021484375
0 0.5078125 0.1650390625 0.04296875 0.021484375
0 0.5126953125 0.185546875 0.041015625 0.01953125
0 0.513671875 0.2099609375 0.0390625 0.017578125
0 0.5146484375 0.228515625 0.041015625 0.01953125
0 0.5146484375 0.2470703125 0.041015625 0.017578125
0 0.5263671875 0.4609375 0.044921875 0.0234375
0 0.52734375 0.501953125 0.03515625 0.0234375
0 0.529296875 0.5458984375 0.04296875 0.017578125
0 0.529296875 0.564453125 0.04296875 0.01953125
0 0.53125 0.583984375 0.046875 0.01953125
0 0.62890625 0.736328125 0.0234375 0.03515625
0 0.59765625 0.8564453125 0.01953125 0.037109375
0 0.7666015625 0.8583984375 0.021484375 0.041015625
0 0.7939453125 0.8681640625 0.017578125 0.037109375
0 0.0712890625 0.9765625 0.017578125 0.02734375
0 0.0966796875 0.98046875 0.017578125 0.03125
0 0.1650390625 0.98046875 0.017578125 0.03515625
0 0.1845703125 0.9814453125 0.017578125 0.033203125
0 0.228515625 0.982421875 0.046875 0.0234375
0 0.2431640625 0.9423828125 0.052734375 0.025390625
0 0.8466796875 0.0458984375 0.041015625 0.021484375
0 0.8505859375 0.1044921875 0.041015625 0.017578125
0 0.8515625 0.125 0.04296875 0.0234375
0 0.8564453125 0.1484375 0.037109375 0.0234375
0 0.857421875 0.197265625 0.04296875 0.0234375
0 0.8544921875 0.23828125 0.041015625 0.01953125
0 0.859375 0.2783203125 0.04296875 0.013671875
0 0.8623046875 0.408203125 0.041015625 0.015625
0 0.8642578125 0.42578125 0.033203125 0.01953125
0 0.8193359375 0.8671875 0.017578125 0.03515625
