0 0.2119140625 0.0234375 0.033203125 0.015625
0 0.2158203125 0.0419921875 0.033203125 0.013671875
0 0.033203125 0.078125 0.0390625 0.015625
0 0.0283203125 0.11328125 0.033203125 0.01953125
0 0.0390625 0.1865234375 0.03125 0.013671875
0 0.0361328125 0.2373046875 0.029296875 0.017578125
0 0.0341796875 0.2568359375 0.033203125 0.017578125
0 0.22265625 0.23046875 0.03125 0.015625
0 0.2265625 0.1708984375 0.03515625 0.017578125
0 0.21875 0.130859375 0.03515625 0.015625
0 0.2255859375 0.1923828125 0.033203125 0.013671875
0 0.2275390625 0.2099609375 0.033203125 0.013671875
0 0.5068359375 0.03515625 0.029296875 0.015625
0 0.51171875 0.1708984375 0.02734375 0.013671875
0 0.4599609375 0.34765625 0.017578125 0.02734375
0 0.3291015625 0.3173828125 0.033203125 0.017578125
0 0.189453125 0.3583984375 0.0234375 0.013671875
0 0.228515625 0.31640625 0.03125 0.015625
0 0.224609375 0.3603515625 0.03125 0.013671875
0 0.2314453125 0.3994140625 0.033203125 0.017578125
0 0.228515625 0.421875 0.03515625 0.015625
0 0.2333984375 0.4443359375 0.033203125 0.017578125
0 0.234375 0.482421875 0.03515625 0.01953125
0 0.236328125 0.5078125 0.0390625 0.015625
0 0.2392578125 0.548828125 0.037109375 0.01171875
0 0.2412109375 0.5732421875 0.033203125 0.017578125
0 0.2421875 0.591796875 0.03515625 0.01171875
0 0.244140625 0.611328125 0.03515625 0.015625
0 0.2451171875 0.6494140625 0.033203125 0.017578125
0 0.2451171875 0.6748046875 0.033203125 0.017578125
0 0.2451171875 0.6962890625 0.033203125 0.013671875
0 0.2451171875 0.71875 0.033203125 0.015625
0 0.25390625 0.7421875 0.0390625 0.015625
0 0.341796875 0.380859375 0.03515625 0.015625
0 0.34375 0.462890625 0.03515625 0.01171875
0 0.3447265625 0.4462890625 0.025390625 0.013671875
0 0.337890625 0.3994140625 0.03125 0.013671875
0 0.3837890625 0.3994140625 0.029296875 0.013671875
0 0.3935546875 0.4775390625 0.037109375 0.013671875
0 0.4853515625 0.4873046875 0.037109375 0.017578125
0 0.484375 0.52734375 0.03515625 0.01171875
0 0.490234375 0.546875 0.03125 0.015625
0 0.4931640625 0.572265625 0.037109375 0.015625
1 0.296875 0.326171875 0.01953125 0.05078125
0 0.33203125 0.96484375 0.015625 0.03515625
0 0.5126953125 0.015625 0.044921875 0.015625
0 0.609375 0.0302734375 0.04296875 0.017578125
0 0.609375 0.048828125 0.04296875 0.01953125
0 0.6142578125 0.068359375 0.037109375 0.01953125
0 0.662109375 0.015625 0.03515625 0.03125
0 0.6171875 0.015625 0.02734375 0.01171875
0 0.6630859375 0.1005859375 0.037109375 0.033203125
0 0.61328125 0.099609375 0.04296875 0.01953125
0 0.609375 0.119140625 0.04296875 0.015625
0 0.615234375 0.1357421875 0.04296875 0.017578125
0 0.5166015625 0.0859375 0.037109375 0.01953125
0 0.521484375 0.103515625 0.0390625 0.01953125
0 0.5205078125 0.123046875 0.048828125 0.015625
0 0.5205078125 0.1875 0.037109375 0.01953125
0 0.5205078125 0.205078125 0.037109375 0.01953125
0 0.62109375 0.2001953125 0.0390625 0.021484375
0 0.62109375 0.220703125 0.0390625 0.01953125
0 0.51953125 0.22265625 0.03125 0.015625
0 0.51953125 0.2421875 0.03515625 0.01953125
0 0.521484375 0.2978515625 0.04296875 0.021484375
0 0.5244140625 0.31640625 0.033203125 0.015625
0 0.525390625 0.333984375 0.046875 0.015625
0 0.5234375 0.3662109375 0.04296875 0.017578125
0 0.5244140625 0.3857421875 0.044921875 0.021484375
0 0.6171875 0.3203125 0.03515625 0.015625
0 0.625 0.359375 0.0390625 0.0234375
0 0.6259765625 0.39453125 0.041015625 0.015625
0 0.6298828125 0.41015625 0.041015625 0.015625
0 0.625 0.4306640625 0.0390625 0.013671875
0 0.630859375 0.4814453125 0.04296875 0.021484375
0 0.626953125 0.4443359375 0.03125 0.013671875
0 0.52734375 0.431640625 0.0390625 0.015625
0 0.5322265625 0.46484375 0.041015625 0.01953125
0 0.4853515625 0.4892578125 0.041015625 0.017578125
0 0.537109375 0.4892578125 0.046875 0.017578125
0 0.5361328125 0.51953125 0.037109375 0.015625
0 0.4853515625 0.52734375 0.033203125 0.015625
0 0.484375 0.5087890625 0.03515625 0.021484375
0 0.490234375 0.546875 0.03515625 0.015625
0 0.5361328125 0.5361328125 0.037109375 0.017578125
0 0.5361328125 0.552734375 0.037109375 0.015625
0 0.4921875 0.572265625 0.0390625 0.01953125
0 0.6337890625 0.5361328125 0.044921875 0.017578125
0 0.6328125 0.552734375 0.03515625 0.015625
0 0.5380859375 0.5693359375 0.041015625 0.017578125
0 0.63671875 0.5869140625 0.03515625 0.017578125
0 0.5400390625 0.599609375 0.033203125 0.01953125
0 0.5380859375 0.625 0.041015625 0.01953125
0 0.541015625 0.65625 0.04296875 0.015625
0 0.638671875 0.6220703125 0.04296875 0.025390625
0 0.5390625 0.673828125 0.0390625 0.01953125
0 0.5439453125 0.73046875 0.041015625 0.015625
0 0.546875 0.7470703125 0.03515625 0.017578125
0 0.5478515625 0.7646484375 0.037109375 0.017578125
0 0.6435546875 0.75 0.033203125 0.01953125
0 0.6484375 0.7919921875 0.046875 0.025390625
0 0.654296875 0.8603515625 0.03515625 0.017578125
0 0.6552734375 0.8955078125 0.037109375 0.017578125
0 0.6552734375 0.8779296875 0.037109375 0.017578125
0 0.658203125 0.9287109375 0.04296875 0.021484375
0 0.66015625 0.984375 0.03515625 0.0234375
0 0.568359375 0.9482421875 0.03125 0.017578125
0 0.9638671875 0.12109375 0.025390625 0.0390625
