0 0.337890625 0.5908203125 0.02734375 0.037109375
0 0.302734375 0.5849609375 0.02734375 0.029296875
0 0.1064453125 0.755859375 0.021484375 0.03515625
0 0.0927734375 0.8994140625 0.025390625 0.037109375
0 0.1318359375 0.931640625 0.021484375 0.0390625
0 0.45703125 0.2568359375 0.0234375 0.037109375
0 0.35546875 0.3779296875 0.046875 0.029296875
0 0.525390625 0.4609375 0.05078125 0.03125
0 0.34765625 0.47265625 0.046875 0.0234375
0 0.3037109375 0.5869140625 0.033203125 0.037109375
0 0.3408203125 0.591796875 0.041015625 0.046875
0 0.3466796875 0.82421875 0.056640625 0.03515625
0 0.5068359375 0.90234375 0.029296875 0.046875
