1 0.1689453125 0.44921875 0.025390625 0.05859375
1 0.2255859375 0.4423828125 0.021484375 0.060546875
1 0.0537109375 0.5322265625 0.056640625 0.021484375
0 0.0908203125 0.4384765625 0.037109375 0.017578125
0 0.1357421875 0.46875 0.021484375 0.03515625
0 0.0693359375 0.49609375 0.037109375 0.01953125
0 0.064453125 0.5107421875 0.0390625 0.017578125
0 0.19140625 0.521484375 0.04296875 0.01953125
0 0.1845703125 0.548828125 0.041015625 0.01953125
0 0.828125 0.701171875 0.01953125 0.0390625
0 0.8994140625 0.716796875 0.037109375 0.01953125
0 0.7744140625 0.7021484375 0.021484375 0.037109375
0 0.296875 0.509765625 0.03515625 0.01953125
0 0.3056640625 0.5283203125 0.037109375 0.017578125
0 0.2490234375 0.5693359375 0.021484375 0.037109375
0 0.1533203125 0.5615234375 0.021484375 0.037109375
0 0.0556640625 0.552734375 0.029296875 0.01953125
0 0.181640625 0.5869140625 0.03515625 0.013671875
0 0.251953125 0.61328125 0.0234375 0.04296875
0 0.310546875 0.6396484375 0.0390625 0.021484375
0 0.3154296875 0.6806640625 0.037109375 0.017578125
0 0.3115234375 0.7001953125 0.041015625 0.021484375
0 0.25 0.662109375 0.0234375 0.0390625
0 0.189453125 0.6103515625 0.04296875 0.021484375
0 0.185546875 0.62890625 0.04296875 0.01953125
0 0.1923828125 0.6474609375 0.037109375 0.017578125
0 0.1875 0.6650390625 0.0390625 0.017578125
0 0.1884765625 0.68359375 0.041015625 0.01953125
0 0.189453125 0.7216796875 0.03515625 0.021484375
0 0.189453125 0.76171875 0.0390625 0.0234375
