0 0.525390625 0.9453125 0.0234375 0.04296875
0 0.5498046875 0.953125 0.025390625 0.046875
0 0.6552734375 0.810546875 0.021484375 0.0390625
0 0.482421875 0.740234375 0.01953125 0.0390625
0 0.486328125 0.2919921875 0.01953125 0.037109375
0 0.4482421875 0.24609375 0.025390625 0.0390625
0 0.552734375 0.265625 0.0234375 0.03515625
0 0.583984375 0.3046875 0.01953125 0.0390625
0 0.56640625 0.4169921875 0.01953125 0.041015625
0 0.4794921875 0.427734375 0.021484375 0.046875
0 0.5771484375 0.53515625 0.021484375 0.03125
0 0.46484375 0.60546875 0.0234375 0.04296875
0 0.2451171875 0.7353515625 0.041015625 0.021484375
0 0.2470703125 0.6298828125 0.037109375 0.017578125
0 0.2412109375 0.5986328125 0.037109375 0.017578125
0 0.251953125 0.78515625 0.0390625 0.01953125
0 0.251953125 0.8056640625 0.0390625 0.021484375
0 0.1416015625 0.7021484375 0.037109375 0.017578125
0 0.1435546875 0.6845703125 0.044921875 0.017578125
0 0.1357421875 0.6484375 0.041015625 0.01953125
0 0.16796875 0.6279296875 0.0390625 0.021484375
0 0.1435546875 0.6142578125 0.044921875 0.021484375
0 0.2373046875 0.560546875 0.041015625 0.01953125
0 0.244140625 0.580078125 0.03125 0.01953125
0 0.23828125 0.388671875 0.0390625 0.015625
0 0.2373046875 0.40625 0.029296875 0.01953125
0 0.2861328125 0.34765625 0.044921875 0.01953125
0 0.232421875 0.3720703125 0.0390625 0.017578125
0 0.2333984375 0.3544921875 0.037109375 0.017578125
0 0.1259765625 0.4296875 0.044921875 0.01953125
0 0.1298828125 0.46484375 0.044921875 0.0234375
0 0.2392578125 0.474609375 0.044921875 0.0234375
0 0.2373046875 0.4970703125 0.041015625 0.021484375
0 0.1220703125 0.3134765625 0.041015625 0.017578125
0 0.125 0.3984375 0.04296875 0.01953125
0 0.123046875 0.359375 0.04296875 0.01953125
0 0.123046875 0.3349609375 0.0390625 0.017578125
0 0.2314453125 0.3359375 0.041015625 0.01953125
0 0.23046875 0.31640625 0.04296875 0.01953125
0 0.228515625 0.2841796875 0.04296875 0.017578125
0 0.2255859375 0.251953125 0.041015625 0.01953125
0 0.2294921875 0.2333984375 0.033203125 0.017578125
0 0.224609375 0.1982421875 0.046875 0.021484375
0 0.6435546875 0.6669921875 0.017578125 0.041015625
0 0.630859375 0.5126953125 0.01953125 0.041015625
0 0.6005859375 0.49609375 0.021484375 0.0390625
0 0.56640625 0.1103515625 0.01953125 0.033203125
0 0.1533203125 0.869140625 0.017578125 0.03515625
