0 0.203125 0.646484375 0.01953125 0.03515625
0 0.4072265625 0.6572265625 0.033203125 0.017578125
0 0.46484375 0.6669921875 0.015625 0.025390625
0 0.4873046875 0.6669921875 0.009765625 0.029296875
0 0.5078125 0.66796875 0.015625 0.02734375
0 0.5283203125 0.6611328125 0.017578125 0.025390625
0 0.5859375 0.6640625 0.015625 0.02734375
0 0.6884765625 0.6201171875 0.013671875 0.021484375
0 0.7119140625 0.6513671875 0.013671875 0.029296875
0 0.6171875 0.87109375 0.015625 0.02734375
0 0.7421875 0.646484375 0.01953125 0.0390625
0 0.765625 0.6416015625 0.015625 0.041015625
0 0.7861328125 0.6435546875 0.013671875 0.021484375
0 0.8330078125 0.642578125 0.013671875 0.03515625
0 0.9072265625 0.5908203125 0.037109375 0.021484375
