0 0.01171875 0.72265625 0.01953125 0.03515625
0 0.0390625 0.6025390625 0.015625 0.037109375
0 0.0595703125 0.6025390625 0.021484375 0.041015625
0 0.1376953125 0.59375 0.017578125 0.03515625
0 0.173828125 0.59765625 0.01953125 0.0390625
0 0.21484375 0.595703125 0.01953125 0.0390625
0 0.2529296875 0.591796875 0.017578125 0.0390625
0 0.0595703125 0.7197265625 0.021484375 0.037109375
0 0.0810546875 0.7216796875 0.021484375 0.033203125
0 0.099609375 0.7216796875 0.01171875 0.029296875
0 0.115234375 0.7255859375 0.01953125 0.029296875
0 0.134765625 0.720703125 0.01953125 0.0390625
0 0.3115234375 0.5869140625 0.017578125 0.033203125
0 0.330078125 0.587890625 0.015625 0.02734375
0 0.1748046875 0.71484375 0.017578125 0.0390625
0 0.2109375 0.7158203125 0.01953125 0.041015625
0 0.232421875 0.7158203125 0.015625 0.033203125
0 0.2685546875 0.7119140625 0.017578125 0.037109375
0 0.3076171875 0.7138671875 0.021484375 0.037109375
0 0.3662109375 0.7109375 0.021484375 0.03515625
0 0.421875 0.7099609375 0.01953125 0.033203125
0 0.44140625 0.708984375 0.015625 0.02734375
0 0.4775390625 0.7099609375 0.017578125 0.033203125
0 0.4326171875 0.5859375 0.017578125 0.03515625
0 0.4521484375 0.5830078125 0.017578125 0.033203125
0 0.470703125 0.5869140625 0.015625 0.033203125
0 0.4912109375 0.5888671875 0.017578125 0.029296875
0 0.515625 0.705078125 0.015625 0.03515625
0 0.5380859375 0.70703125 0.017578125 0.03125
0 0.5556640625 0.7060546875 0.013671875 0.033203125
0 0.5712890625 0.70703125 0.017578125 0.0234375
0 0.5927734375 0.703125 0.017578125 0.03515625
0 0.666015625 0.7099609375 0.01953125 0.037109375
0 0.6845703125 0.7080078125 0.017578125 0.041015625
0 0.7060546875 0.7041015625 0.017578125 0.033203125
0 0.7314453125 0.6494140625 0.029296875 0.017578125
1 0.404296875 0.93359375 0.09375 0.03125
1 0.220703125 0.875 0.140625 0.03125
0 0.259765625 0.9326171875 0.01953125 0.041015625
0 0.0849609375 0.80859375 0.021484375 0.0390625
0 0.10546875 0.80859375 0.01953125 0.03515625
0 0.1982421875 0.8046875 0.025390625 0.0390625
0 0.2333984375 0.8017578125 0.021484375 0.033203125
0 0.2724609375 0.8076171875 0.017578125 0.044921875
0 0.3095703125 0.8017578125 0.017578125 0.029296875
0 0.3310546875 0.80078125 0.017578125 0.0390625
0 0.5234375 0.791015625 0.0234375 0.04296875
0 0.466796875 0.798828125 0.01953125 0.03125
0 0.6376953125 0.837890625 0.021484375 0.0390625
0 0.638671875 0.7900390625 0.0234375 0.041015625
0 0.7255859375 0.701171875 0.017578125 0.0390625
0 0.7421875 0.7021484375 0.015625 0.037109375
0 0.78125 0.7021484375 0.0234375 0.041015625
0 0.8017578125 0.7001953125 0.017578125 0.033203125
0 0.8212890625 0.69921875 0.017578125 0.03515625
0 0.8603515625 0.6962890625 0.021484375 0.037109375
0 0.673828125 0.7890625 0.01953125 0.0390625
0 0.693359375 0.794921875 0.01953125 0.03515625
0 0.7314453125 0.7919921875 0.021484375 0.037109375
0 0.76953125 0.7919921875 0.01953125 0.033203125
0 0.9072265625 0.505859375 0.021484375 0.0390625
0 0.826171875 0.7841796875 0.01953125 0.037109375
0 0.86328125 0.7890625 0.01953125 0.0390625
0 0.8486328125 0.8330078125 0.021484375 0.037109375
0 0.8984375 0.7861328125 0.01953125 0.037109375
0 0.919921875 0.787109375 0.0234375 0.0390625
0 0.0302734375 0.048828125 0.013671875 0.03125
0 0.056640625 0.0517578125 0.015625 0.037109375
0 0.078125 0.05078125 0.015625 0.03515625
0 0.1064453125 0.048828125 0.017578125 0.03515625
0 0.18359375 0.216796875 0.03515625 0.015625
0 0.189453125 0.1953125 0.02734375 0.01953125
0 0.259765625 0.185546875 0.015625 0.03125
0 0.1796875 0.134765625 0.015625 0.0390625
0 0.1142578125 0.3046875 0.013671875 0.03515625
0 0.1337890625 0.296875 0.013671875 0.0234375
0 0.6875 0.2822265625 0.015625 0.037109375
0 0.869140625 0.3232421875 0.0390625 0.017578125
