0 0.0244140625 0.009765625 0.037109375 0.01953125
0 0.017578125 0.3515625 0.015625 0.03125
0 0.04296875 0.3525390625 0.01171875 0.029296875
0 0.0625 0.349609375 0.015625 0.03515625
0 0.0849609375 0.345703125 0.013671875 0.03515625
0 0.109375 0.3583984375 0.01171875 0.025390625
0 0.134765625 0.3564453125 0.015625 0.029296875
0 0.15625 0.3447265625 0.015625 0.037109375
0 0.1787109375 0.34375 0.013671875 0.02734375
0 0.2001953125 0.3388671875 0.013671875 0.025390625
0 0.2255859375 0.3427734375 0.017578125 0.037109375
0 0.248046875 0.341796875 0.015625 0.03125
0 0.26953125 0.341796875 0.015625 0.03515625
0 0.2939453125 0.3369140625 0.013671875 0.029296875
0 0.3134765625 0.341796875 0.017578125 0.03515625
0 0.361328125 0.33984375 0.01171875 0.02734375
0 0.3828125 0.3369140625 0.015625 0.033203125
0 0.40625 0.3359375 0.01171875 0.0234375
0 0.431640625 0.333984375 0.015625 0.03125
0 0.458984375 0.3330078125 0.015625 0.033203125
0 0.4794921875 0.33203125 0.013671875 0.03515625
0 0.4404296875 0.0927734375 0.037109375 0.013671875
0 0.4609375 0.2001953125 0.02734375 0.013671875
0 0.4677734375 0.2353515625 0.021484375 0.009765625
0 0.4638671875 0.2216796875 0.025390625 0.013671875
0 0.5009765625 0.3359375 0.013671875 0.03125
0 0.2080078125 0.7587890625 0.037109375 0.013671875
0 0.2099609375 0.80078125 0.029296875 0.01171875
0 0.2119140625 0.82421875 0.033203125 0.015625
0 0.2158203125 0.8427734375 0.033203125 0.013671875
0 0.033203125 0.87890625 0.0390625 0.015625
0 0.0283203125 0.9140625 0.033203125 0.01953125
0 0.0390625 0.9873046875 0.03125 0.013671875
0 0.2265625 0.9716796875 0.03515625 0.017578125
0 0.21875 0.931640625 0.03515625 0.015625
0 0.2255859375 0.9931640625 0.033203125 0.013671875
0 0.49609375 0.5078125 0.03515625 0.01171875
0 0.4970703125 0.52734375 0.033203125 0.015625
0 0.49609375 0.5771484375 0.03515625 0.013671875
0 0.5048828125 0.6435546875 0.033203125 0.017578125
0 0.501953125 0.6630859375 0.0390625 0.013671875
0 0.505859375 0.6943359375 0.03125 0.013671875
0 0.5068359375 0.71484375 0.037109375 0.015625
0 0.50390625 0.734375 0.03125 0.015625
0 0.5087890625 0.796875 0.037109375 0.015625
0 0.5068359375 0.8359375 0.029296875 0.015625
0 0.51171875 0.9716796875 0.02734375 0.013671875
1 0.7607421875 0.263671875 0.025390625 0.06640625
0 0.4658203125 0.2001953125 0.029296875 0.017578125
0 0.708984375 0.3359375 0.03125 0.01953125
0 0.5732421875 0.306640625 0.025390625 0.01953125
0 0.5888671875 0.3251953125 0.025390625 0.017578125
0 0.6142578125 0.3447265625 0.025390625 0.021484375
0 0.7197265625 0.4140625 0.033203125 0.015625
0 0.70703125 0.396484375 0.03515625 0.01953125
0 0.5947265625 0.4228515625 0.029296875 0.013671875
0 0.58984375 0.4423828125 0.03515625 0.013671875
0 0.587890625 0.4609375 0.03515625 0.01171875
0 0.58984375 0.4755859375 0.0390625 0.017578125
0 0.587890625 0.494140625 0.03515625 0.01953125
0 0.6455078125 0.5 0.021484375 0.01953125
0 0.7255859375 0.509765625 0.025390625 0.02734375
0 0.4970703125 0.5771484375 0.044921875 0.021484375
0 0.591796875 0.529296875 0.03515625 0.015625
0 0.5966796875 0.5478515625 0.037109375 0.013671875
0 0.6015625 0.58203125 0.04296875 0.01953125
0 0.5966796875 0.630859375 0.044921875 0.01953125
0 0.55859375 0.6962890625 0.01953125 0.037109375
0 0.5068359375 0.6962890625 0.041015625 0.017578125
0 0.595703125 0.666015625 0.03515625 0.01953125
0 0.646484375 0.689453125 0.0390625 0.0390625
0 0.6005859375 0.7021484375 0.041015625 0.017578125
0 0.60546875 0.7197265625 0.0390625 0.017578125
0 0.60546875 0.7568359375 0.04296875 0.021484375
0 0.6474609375 0.771484375 0.017578125 0.03515625
0 0.5126953125 0.81640625 0.044921875 0.015625
0 0.60546875 0.7939453125 0.0390625 0.017578125
0 0.609375 0.8310546875 0.04296875 0.017578125
0 0.609375 0.849609375 0.04296875 0.01953125
0 0.6142578125 0.869140625 0.037109375 0.01953125
0 0.662109375 0.81640625 0.03515625 0.03125
0 0.6171875 0.81640625 0.02734375 0.01171875
0 0.6630859375 0.9013671875 0.037109375 0.033203125
0 0.61328125 0.900390625 0.04296875 0.01953125
0 0.609375 0.919921875 0.04296875 0.015625
0 0.615234375 0.9365234375 0.04296875 0.017578125
0 0.5166015625 0.88671875 0.037109375 0.01953125
0 0.521484375 0.904296875 0.0390625 0.01953125
0 0.5205078125 0.923828125 0.048828125 0.015625
0 0.5205078125 0.98828125 0.037109375 0.01953125
0 0.9638671875 0.921875 0.025390625 0.0390625
