0 0.48828125 0.1630859375 0.03515625 0.033203125
0 0.4921875 0.2197265625 0.03515625 0.037109375
0 0.4638671875 0.24609375 0.017578125 0.03515625
0 0.7900390625 0.8310546875 0.064453125 0.037109375
0 0.3916015625 0.84375 0.072265625 0.03515625
0 0.3076171875 0.8232421875 0.048828125 0.025390625
0 0.1279296875 0.8251953125 0.041015625 0.029296875
0 0.1982421875 0.8505859375 0.052734375 0.029296875
0 0.142578125 0.7294921875 0.04296875 0.033203125
0 0.865234375 0.1279296875 0.03125 0.025390625
