0 0.55859375 0.54296875 0.046875 0.03515625
0 0.5625 0.623046875 0.046875 0.0390625
0 0.564453125 0.6484375 0.0390625 0.0234375
0 0.5634765625 0.6728515625 0.037109375 0.025390625
0 0.56640625 0.6943359375 0.04296875 0.033203125
0 0.5703125 0.7138671875 0.0390625 0.029296875
0 0.5703125 0.7353515625 0.0390625 0.029296875
0 0.5693359375 0.7744140625 0.048828125 0.044921875
0 0.1044921875 0.7021484375 0.021484375 0.048828125
0 0.169921875 0.6943359375 0.01953125 0.041015625
0 0.1904296875 0.6943359375 0.021484375 0.041015625
0 0.21484375 0.697265625 0.01953125 0.03515625
