0 0.0224609375 0.4453125 0.017578125 0.03125
0 0.146484375 0.435546875 0.015625 0.03125
0 0.1982421875 0.404296875 0.029296875 0.015625
0 0.212890625 0.4501953125 0.0390625 0.021484375
0 0.046875 0.447265625 0.015625 0.03515625
0 0.125 0.4384765625 0.015625 0.025390625
0 0.6904296875 0.9892578125 0.037109375 0.017578125
0 0.455078125 0.978515625 0.0390625 0.01953125
0 0.4541015625 0.939453125 0.041015625 0.01953125
0 0.451171875 0.916015625 0.03125 0.015625
0 0.4453125 0.8955078125 0.04296875 0.017578125
0 0.4453125 0.8740234375 0.0390625 0.017578125
0 0.451171875 0.85546875 0.03515625 0.01953125
0 0.220703125 0.7138671875 0.015625 0.033203125
0 0.2587890625 0.705078125 0.017578125 0.0390625
0 0.3251953125 0.703125 0.013671875 0.03515625
0 0.3623046875 0.7021484375 0.017578125 0.037109375
0 0.384765625 0.69921875 0.015625 0.03515625
0 0.4072265625 0.6982421875 0.017578125 0.037109375
0 0.4248046875 0.693359375 0.017578125 0.0390625
0 0.44921875 0.6904296875 0.015625 0.037109375
0 0.4169921875 0.6572265625 0.041015625 0.021484375
0 0.4111328125 0.6259765625 0.044921875 0.017578125
0 0.3974609375 0.77734375 0.013671875 0.02734375
0 0.4453125 0.7734375 0.04296875 0.01953125
0 0.4912109375 0.810546875 0.021484375 0.03515625
0 0.53125 0.8427734375 0.03515625 0.021484375
0 0.5322265625 0.8828125 0.033203125 0.01953125
0 0.5341796875 0.9052734375 0.037109375 0.017578125
0 0.580078125 0.90625 0.0390625 0.01953125
0 0.5390625 0.9423828125 0.0390625 0.021484375
0 0.54296875 0.9619140625 0.0390625 0.021484375
0 0.5859375 0.9306640625 0.03515625 0.017578125
0 0.5869140625 0.9560546875 0.041015625 0.021484375
0 0.5380859375 0.9814453125 0.033203125 0.021484375
0 0.591796875 0.9794921875 0.03125 0.017578125
0 0.6826171875 0.916015625 0.033203125 0.015625
0 0.6923828125 0.9375 0.033203125 0.015625
0 0.6826171875 0.8896484375 0.033203125 0.017578125
0 0.67578125 0.8701171875 0.03515625 0.013671875
0 0.6787109375 0.845703125 0.037109375 0.01953125
0 0.6689453125 0.8046875 0.041015625 0.01953125
0 0.6728515625 0.7841796875 0.044921875 0.021484375
0 0.6640625 0.74609375 0.0390625 0.01953125
0 0.580078125 0.802734375 0.04296875 0.01953125
0 0.58203125 0.7705078125 0.0390625 0.017578125
0 0.541015625 0.7529296875 0.03515625 0.017578125
0 0.5634765625 0.7177734375 0.041015625 0.021484375
0 0.5654296875 0.6962890625 0.041015625 0.021484375
0 0.509765625 0.68359375 0.0390625 0.01953125
0 0.52734375 0.640625 0.046875 0.0234375
0 0.630859375 0.607421875 0.0390625 0.015625
0 0.6328125 0.626953125 0.03515625 0.015625
0 0.6201171875 0.58203125 0.033203125 0.015625
0 0.5400390625 0.5224609375 0.017578125 0.041015625
0 0.5595703125 0.521484375 0.017578125 0.04296875
0 0.5810546875 0.525390625 0.017578125 0.0390625
0 0.5986328125 0.5244140625 0.013671875 0.033203125
0 0.517578125 0.517578125 0.01953125 0.04296875
0 0.4462890625 0.5283203125 0.021484375 0.029296875
0 0.4091796875 0.5322265625 0.017578125 0.041015625
0 0.6201171875 0.52734375 0.017578125 0.04296875
0 0.6796875 0.5302734375 0.03515625 0.021484375
0 0.6650390625 0.5537109375 0.037109375 0.021484375
0 0.673828125 0.57421875 0.03125 0.015625
0 0.681640625 0.6005859375 0.03515625 0.013671875
0 0.6845703125 0.6201171875 0.041015625 0.021484375
0 0.6875 0.646484375 0.03515625 0.01953125
0 0.693359375 0.6650390625 0.0390625 0.017578125
0 0.693359375 0.6826171875 0.03515625 0.017578125
0 0.697265625 0.703125 0.04296875 0.01953125
0 0.630859375 0.6455078125 0.03515625 0.017578125
0 0.63671875 0.67578125 0.03515625 0.01953125
0 0.5703125 0.84765625 0.0390625 0.01953125
0 0.5322265625 0.8076171875 0.033203125 0.021484375
0 0.5322265625 0.7744140625 0.041015625 0.021484375
0 0.1904296875 0.3740234375 0.041015625 0.017578125
0 0.2724609375 0.353515625 0.041015625 0.01953125
0 0.1904296875 0.3466796875 0.037109375 0.017578125
0 0.193359375 0.32421875 0.04296875 0.01953125
0 0.2724609375 0.3134765625 0.037109375 0.021484375
0 0.2412109375 0.265625 0.021484375 0.04296875
0 0.263671875 0.263671875 0.0234375 0.0390625
0 0.2099609375 0.2109375 0.041015625 0.0234375
0 0.2197265625 0.1923828125 0.037109375 0.017578125
0 0.212890625 0.1630859375 0.015625 0.037109375
0 0.236328125 0.1611328125 0.0234375 0.037109375
0 0.2578125 0.1630859375 0.0234375 0.041015625
0 0.2822265625 0.16015625 0.017578125 0.0390625
0 0.302734375 0.16015625 0.015625 0.04296875
0 0.326171875 0.1552734375 0.015625 0.029296875
0 0.34765625 0.1533203125 0.015625 0.029296875
0 0.3486328125 0.2587890625 0.021484375 0.037109375
0 0.7880859375 0.400390625 0.037109375 0.0234375
0 0.7939453125 0.423828125 0.037109375 0.01953125
0 0.4521484375 0.1435546875 0.033203125 0.013671875
0 0.5517578125 0.1357421875 0.037109375 0.017578125
0 0.6513671875 0.1083984375 0.037109375 0.017578125
0 0.650390625 0.0859375 0.03515625 0.015625
0 0.65234375 0.0654296875 0.03515625 0.017578125
0 0.65625 0.025390625 0.04296875 0.02734375
0 0.0595703125 0.1689453125 0.017578125 0.029296875
