0 0.25 0.5537109375 0.03515625 0.017578125
0 0.2587890625 0.46484375 0.037109375 0.0234375
0 0.3583984375 0.4931640625 0.033203125 0.021484375
0 0.2958984375 0.33203125 0.017578125 0.03515625
0 0.3408203125 0.3173828125 0.037109375 0.017578125
0 0.3408203125 0.2861328125 0.044921875 0.029296875
0 0.2373046875 0.2587890625 0.041015625 0.021484375
0 0.3349609375 0.2314453125 0.033203125 0.021484375
0 0.8017578125 0.53515625 0.017578125 0.03125
0 0.822265625 0.5390625 0.015625 0.02734375
0 0.962890625 0.3359375 0.015625 0.03515625
0 0.923828125 0.3173828125 0.015625 0.021484375
0 0.8759765625 0.3173828125 0.013671875 0.021484375
0 0.8349609375 0.2734375 0.037109375 0.015625
0 0.833984375 0.255859375 0.0390625 0.01953125
0 0.94921875 0.2294921875 0.0390625 0.017578125
0 0.947265625 0.25 0.04296875 0.01953125
0 0.7314453125 0.1796875 0.037109375 0.01953125
0 0.8232421875 0.185546875 0.041015625 0.0234375
