0 0.787109375 0.0400390625 0.01953125 0.044921875
0 0.87890625 0.0458984375 0.0234375 0.041015625
0 0.732421875 0.123046875 0.0390625 0.046875
0 0.7294921875 0.04296875 0.044921875 0.01953125
0 0.73046875 0.0595703125 0.03515625 0.013671875
0 0.7333984375 0.080078125 0.041015625 0.02734375
0 0.4873046875 0.13671875 0.017578125 0.0390625
0 0.466796875 0.1318359375 0.015625 0.033203125
0 0.44921875 0.138671875 0.015625 0.0390625
0 0.4228515625 0.13671875 0.013671875 0.0390625
0 0.40234375 0.1396484375 0.015625 0.033203125
0 0.4833984375 0.9873046875 0.037109375 0.017578125
0 0.4833984375 0.96875 0.037109375 0.01953125
0 0.4794921875 0.9482421875 0.033203125 0.021484375
0 0.474609375 0.927734375 0.03515625 0.01953125
0 0.4794921875 0.908203125 0.033203125 0.01953125
0 0.4775390625 0.8857421875 0.041015625 0.017578125
0 0.4736328125 0.8681640625 0.033203125 0.017578125
0 0.470703125 0.84765625 0.0390625 0.0234375
0 0.4755859375 0.8203125 0.037109375 0.015625
0 0.470703125 0.8037109375 0.03515625 0.017578125
0 0.4736328125 0.7822265625 0.037109375 0.017578125
0 0.47265625 0.7626953125 0.0390625 0.021484375
0 0.470703125 0.740234375 0.03125 0.015625
0 0.4658203125 0.71875 0.037109375 0.01953125
0 0.470703125 0.7021484375 0.0390625 0.017578125
0 0.4267578125 0.7216796875 0.037109375 0.017578125
0 0.43359375 0.7451171875 0.0390625 0.013671875
0 0.4296875 0.7666015625 0.03515625 0.017578125
0 0.4228515625 0.6865234375 0.037109375 0.017578125
0 0.3271484375 0.662109375 0.041015625 0.015625
0 0.333984375 0.7119140625 0.04296875 0.021484375
0 0.279296875 0.6220703125 0.03125 0.013671875
0 0.28125 0.64453125 0.03515625 0.015625
0 0.1923828125 0.6708984375 0.041015625 0.017578125
0 0.1474609375 0.689453125 0.041015625 0.015625
0 0.1474609375 0.7060546875 0.041015625 0.017578125
0 0.1474609375 0.724609375 0.041015625 0.01953125
0 0.1904296875 0.73828125 0.044921875 0.015625
0 0.0498046875 0.6875 0.041015625 0.015625
0 0.048828125 0.6708984375 0.04296875 0.017578125
0 0.1474609375 0.62109375 0.037109375 0.01953125
0 0.181640625 0.5693359375 0.03515625 0.017578125
0 0.1376953125 0.51953125 0.041015625 0.01953125
0 0.0419921875 0.5234375 0.037109375 0.015625
0 0.04296875 0.5400390625 0.0390625 0.017578125
0 0.0478515625 0.736328125 0.041015625 0.015625
0 0.7509765625 0.634765625 0.033203125 0.0234375
0 0.4638671875 0.640625 0.033203125 0.01953125
0 0.3701171875 0.658203125 0.033203125 0.01953125
0 0.458984375 0.5751953125 0.0390625 0.021484375
0 0.4619140625 0.5947265625 0.037109375 0.017578125
0 0.4619140625 0.6162109375 0.041015625 0.017578125
0 0.4580078125 0.53515625 0.044921875 0.01953125
0 0.1806640625 0.55078125 0.037109375 0.01953125
0 0.181640625 0.533203125 0.03125 0.015625
0 0.1806640625 0.515625 0.033203125 0.01953125
0 0.138671875 0.537109375 0.03515625 0.015625
0 0.1416015625 0.5517578125 0.033203125 0.013671875
0 0.14453125 0.5673828125 0.03125 0.017578125
0 0.1455078125 0.5859375 0.033203125 0.01953125
0 0.1923828125 0.6201171875 0.033203125 0.013671875
0 0.04296875 0.5078125 0.03515625 0.015625
0 0.0439453125 0.4892578125 0.037109375 0.017578125
0 0.0400390625 0.4560546875 0.037109375 0.017578125
0 0.6845703125 0.12109375 0.025390625 0.04296875
0 0.4482421875 0.3056640625 0.037109375 0.021484375
0 0.451171875 0.330078125 0.03515625 0.01953125
0 0.451171875 0.349609375 0.0390625 0.01953125
