0 0.96875 0.080078125 0.01953125 0.03515625
0 0.6142578125 0.13671875 0.041015625 0.01953125
0 0.1201171875 0.1162109375 0.029296875 0.037109375
0 0.982421875 0.4306640625 0.015625 0.029296875
0 0.0283203125 0.59375 0.017578125 0.03515625
0 0.048828125 0.5576171875 0.01953125 0.033203125
0 0.048828125 0.5185546875 0.01953125 0.037109375
0 0.2646484375 0.5947265625 0.041015625 0.021484375
0 0.2578125 0.6171875 0.0390625 0.01953125
0 0.2470703125 0.640625 0.037109375 0.01953125
0 0.345703125 0.662109375 0.0234375 0.0390625
0 0.2578125 0.5380859375 0.0390625 0.021484375
