0 0.6328125 0.1015625 0.03125 0.015625
0 0.6689453125 0.099609375 0.033203125 0.01953125
0 0.736328125 0.0654296875 0.0390625 0.021484375
0 0.787109375 0.0595703125 0.0390625 0.021484375
0 0.8623046875 0.0576171875 0.041015625 0.037109375
0 0.8994140625 0.076171875 0.017578125 0.0390625
0 0.5693359375 0.82421875 0.037109375 0.01953125
0 0.6240234375 0.8271484375 0.041015625 0.029296875
0 0.70703125 0.818359375 0.0390625 0.0234375
0 0.720703125 0.9306640625 0.0234375 0.041015625
0 0.802734375 0.810546875 0.04296875 0.0234375
0 0.2353515625 0.4462890625 0.021484375 0.041015625
0 0.37890625 0.4453125 0.046875 0.01953125
0 0.380859375 0.4658203125 0.05078125 0.021484375
0 0.4091796875 0.5126953125 0.029296875 0.041015625
0 0.4384765625 0.5146484375 0.029296875 0.044921875
0 0.52734375 0.765625 0.0234375 0.04296875
0 0.5078125 0.82421875 0.0546875 0.03125
0 0.56640625 0.8232421875 0.04296875 0.029296875
0 0.1455078125 0.5595703125 0.021484375 0.037109375
0 0.0830078125 0.544921875 0.044921875 0.0234375
0 0.0830078125 0.5673828125 0.044921875 0.021484375
