0 0.0390625 0.9150390625 0.02734375 0.048828125
0 0.1279296875 0.90625 0.017578125 0.0390625
0 0.1513671875 0.9033203125 0.021484375 0.041015625
0 0.796875 0.9052734375 0.0390625 0.025390625
0 0.7890625 0.8427734375 0.04296875 0.021484375
0 0.79296875 0.8115234375 0.04296875 0.021484375
0 0.794921875 0.7626953125 0.04296875 0.021484375
0 0.794921875 0.740234375 0.04296875 0.0234375
0 0.337890625 0.4638671875 0.02734375 0.037109375
0 0.2861328125 0.482421875 0.029296875 0.015625
0 0.3291015625 0.3056640625 0.044921875 0.025390625
