0 0.0556640625 0.580078125 0.033203125 0.0234375
0 0.060546875 0.615234375 0.03125 0.01171875
0 0.05859375 0.6474609375 0.03125 0.013671875
0 0.146484375 0.5830078125 0.03125 0.013671875
0 0.1435546875 0.6015625 0.025390625 0.015625
0 0.1962890625 0.6533203125 0.041015625 0.017578125
0 0.1962890625 0.685546875 0.037109375 0.015625
0 0.05859375 0.75 0.03515625 0.01953125
0 0.203125 0.720703125 0.03125 0.015625
0 0.2021484375 0.736328125 0.041015625 0.015625
0 0.154296875 0.7734375 0.03515625 0.015625
0 0.15625 0.7900390625 0.03125 0.017578125
0 0.2001953125 0.7880859375 0.041015625 0.017578125
0 0.158203125 0.8251953125 0.0390625 0.021484375
0 0.0654296875 0.8896484375 0.037109375 0.017578125
0 0.068359375 0.94140625 0.03515625 0.015625
0 0.0693359375 0.9580078125 0.037109375 0.017578125
0 0.2109375 0.900390625 0.04296875 0.01953125
0 0.47265625 0.5634765625 0.0234375 0.013671875
0 0.4736328125 0.650390625 0.033203125 0.015625
0 0.474609375 0.6728515625 0.0390625 0.017578125
0 0.4775390625 0.6923828125 0.037109375 0.017578125
0 0.474609375 0.71484375 0.03515625 0.015625
0 0.478515625 0.734375 0.0390625 0.015625
0 0.474609375 0.75390625 0.03515625 0.015625
0 0.5078125 0.740234375 0.01953125 0.04296875
0 0.4755859375 0.775390625 0.033203125 0.01171875
0 0.4853515625 0.8212890625 0.033203125 0.013671875
0 0.482421875 0.859375 0.03125 0.015625
0 0.4833984375 0.87890625 0.029296875 0.01171875
0 0.4833984375 0.8984375 0.037109375 0.015625
0 0.482421875 0.916015625 0.03125 0.015625
0 0.484375 0.935546875 0.03125 0.015625
0 0.486328125 0.9521484375 0.03515625 0.017578125
0 0.4892578125 0.9765625 0.037109375 0.01953125
0 0.5126953125 0.9130859375 0.021484375 0.037109375
0 0.763671875 0.6318359375 0.03125 0.017578125
0 0.763671875 0.685546875 0.03515625 0.01953125
0 0.76953125 0.7041015625 0.02734375 0.017578125
0 0.765625 0.7646484375 0.03125 0.017578125
0 0.775390625 0.8818359375 0.03515625 0.013671875
0 0.775390625 0.896484375 0.03515625 0.015625
0 0.7783203125 0.9306640625 0.037109375 0.017578125
0 0.775390625 0.984375 0.0390625 0.01953125
0 0.875 0.9853515625 0.0390625 0.013671875
0 0.875 0.9501953125 0.0390625 0.021484375
0 0.8720703125 0.9189453125 0.041015625 0.017578125
0 0.873046875 0.9013671875 0.0390625 0.017578125
0 0.8681640625 0.78125 0.037109375 0.01953125
0 0.90625 0.802734375 0.01953125 0.03515625
0 0.9013671875 0.6640625 0.021484375 0.03515625
0 0.94921875 0.859375 0.03515625 0.01953125
0 0.9501953125 0.9287109375 0.037109375 0.017578125
0 0.041015625 0.0771484375 0.0234375 0.048828125
0 0.0888671875 0.072265625 0.017578125 0.0390625
0 0.1328125 0.072265625 0.01953125 0.04296875
0 0.1552734375 0.0654296875 0.013671875 0.029296875
0 0.1796875 0.072265625 0.015625 0.0390625
0 0.197265625 0.068359375 0.01953125 0.03125
0 0.2333984375 0.072265625 0.017578125 0.03515625
0 0.251953125 0.0673828125 0.015625 0.048828125
0 0.275390625 0.0732421875 0.01953125 0.041015625
0 0.3125 0.0673828125 0.015625 0.025390625
0 0.33203125 0.08984375 0.0546875 0.01953125
0 0.33203125 0.064453125 0.01171875 0.03125
0 0.3525390625 0.0615234375 0.013671875 0.037109375
0 0.3779296875 0.064453125 0.013671875 0.0390625
0 0.4365234375 0.1572265625 0.021484375 0.033203125
0 0.447265625 0.2236328125 0.0390625 0.021484375
0 0.4521484375 0.2490234375 0.037109375 0.017578125
0 0.4501953125 0.26953125 0.044921875 0.01953125
0 0.455078125 0.2939453125 0.046875 0.021484375
0 0.205078125 0.2607421875 0.01953125 0.037109375
0 0.1201171875 0.158203125 0.017578125 0.0390625
0 0.1015625 0.16015625 0.01953125 0.03515625
0 0.0712890625 0.1689453125 0.025390625 0.060546875
0 0.044921875 0.181640625 0.015625 0.03515625
0 0.0283203125 0.1669921875 0.017578125 0.029296875
0 0.10546875 0.314453125 0.03515625 0.01953125
0 0.0439453125 0.3154296875 0.048828125 0.021484375
0 0.0458984375 0.333984375 0.037109375 0.015625
0 0.052734375 0.4228515625 0.0390625 0.021484375
0 0.1435546875 0.4443359375 0.041015625 0.021484375
0 0.1923828125 0.4609375 0.044921875 0.015625
0 0.1904296875 0.4794921875 0.041015625 0.021484375
0 0.142578125 0.494140625 0.04296875 0.015625
0 0.1416015625 0.517578125 0.052734375 0.01953125
0 0.0517578125 0.453125 0.041015625 0.015625
0 0.0576171875 0.5185546875 0.033203125 0.017578125
0 0.056640625 0.5361328125 0.03125 0.017578125
0 0.146484375 0.6025390625 0.02734375 0.013671875
0 0.45703125 0.3525390625 0.0390625 0.021484375
0 0.455078125 0.3740234375 0.03515625 0.021484375
0 0.4560546875 0.421875 0.033203125 0.01953125
0 0.4912109375 0.439453125 0.021484375 0.03515625
0 0.5234375 0.513671875 0.0234375 0.04296875
0 0.458984375 0.4599609375 0.03515625 0.017578125
0 0.462890625 0.478515625 0.04296875 0.01953125
0 0.466796875 0.54296875 0.03515625 0.0234375
0 0.4755859375 0.564453125 0.033203125 0.01953125
0 0.46875 0.587890625 0.03515625 0.015625
0 0.755859375 0.4775390625 0.04296875 0.021484375
0 0.857421875 0.5263671875 0.05078125 0.021484375
0 0.8544921875 0.5068359375 0.033203125 0.017578125
0 0.849609375 0.470703125 0.03125 0.01953125
0 0.8525390625 0.419921875 0.044921875 0.01953125
0 0.8447265625 0.3681640625 0.048828125 0.013671875
0 0.8408203125 0.3515625 0.037109375 0.01953125
0 0.748046875 0.3193359375 0.02734375 0.017578125
0 0.755859375 0.30078125 0.02734375 0.015625
0 0.748046875 0.265625 0.0390625 0.01953125
0 0.7421875 0.248046875 0.0390625 0.015625
0 0.7421875 0.2333984375 0.0390625 0.013671875
0 0.740234375 0.2177734375 0.04296875 0.017578125
0 0.83984375 0.220703125 0.046875 0.01953125
0 0.837890625 0.2548828125 0.04296875 0.021484375
0 0.837890625 0.1875 0.0390625 0.015625
0 0.8388671875 0.171875 0.037109375 0.015625
0 0.8369140625 0.154296875 0.041015625 0.01953125
0 0.740234375 0.1650390625 0.04296875 0.017578125
0 0.736328125 0.14453125 0.05078125 0.0234375
0 0.732421875 0.1103515625 0.046875 0.013671875
0 0.7333984375 0.09375 0.044921875 0.01953125
0 0.8369140625 0.119140625 0.041015625 0.01953125
0 0.83203125 0.1025390625 0.0390625 0.013671875
0 0.8310546875 0.083984375 0.044921875 0.015625
0 0.728515625 0.0751953125 0.04296875 0.017578125
0 0.728515625 0.0576171875 0.04296875 0.017578125
0 0.732421875 0.0244140625 0.0390625 0.017578125
0 0.7314453125 0.0078125 0.029296875 0.015625
0 0.9853515625 0.060546875 0.025390625 0.04296875
