0 0.2578125 0.2705078125 0.0390625 0.029296875
0 0.556640625 0.474609375 0.01953125 0.0390625
0 0.7353515625 0.3837890625 0.017578125 0.037109375
0 0.755859375 0.3828125 0.0234375 0.03515625
0 0.71484375 0.3818359375 0.0234375 0.048828125
0 0.76171875 0.4619140625 0.01953125 0.037109375
0 0.7802734375 0.2783203125 0.037109375 0.021484375
0 0.7802734375 0.298828125 0.037109375 0.01953125
0 0.8759765625 0.2939453125 0.037109375 0.021484375
0 0.8759765625 0.259765625 0.033203125 0.015625
0 0.873046875 0.23828125 0.0390625 0.02734375
0 0.7822265625 0.2255859375 0.044921875 0.025390625
0 0.8701171875 0.1826171875 0.041015625 0.021484375
0 0.869140625 0.2060546875 0.04296875 0.017578125
0 0.8486328125 0.05078125 0.037109375 0.03125
