0 0.6611328125 0.140625 0.033203125 0.015625
0 0.0888671875 0.056640625 0.037109375 0.02734375
0 0.6611328125 0.2275390625 0.013671875 0.029296875
0 0.615234375 0.40625 0.03515625 0.0234375
0 0.4697265625 0.5634765625 0.037109375 0.017578125
0 0.8271484375 0.94921875 0.021484375 0.02734375
0 0.806640625 0.9013671875 0.0234375 0.021484375
0 0.869140625 0.876953125 0.01953125 0.02734375
0 0.8828125 0.9052734375 0.01953125 0.025390625
0 0.8515625 0.8349609375 0.02734375 0.037109375
0 0.728515625 0.48046875 0.02734375 0.04296875
0 0.7177734375 0.3818359375 0.021484375 0.044921875
0 0.7626953125 0.2705078125 0.033203125 0.021484375
