0 0.0703125 0.7470703125 0.02734375 0.041015625
0 0.119140625 0.75390625 0.01953125 0.046875
0 0.291015625 0.904296875 0.015625 0.03515625
0 0.3095703125 0.908203125 0.021484375 0.02734375
0 0.3115234375 0.8759765625 0.017578125 0.037109375
0 0.3369140625 0.89453125 0.017578125 0.0390625
0 0.3603515625 0.89453125 0.021484375 0.0390625
0 0.8466796875 0.6396484375 0.041015625 0.021484375
0 0.84375 0.619140625 0.046875 0.01953125
0 0.845703125 0.58203125 0.0390625 0.015625
0 0.849609375 0.5634765625 0.0390625 0.017578125
0 0.84765625 0.5458984375 0.03515625 0.017578125
0 0.8466796875 0.5263671875 0.037109375 0.021484375
0 0.84765625 0.505859375 0.03515625 0.01953125
0 0.8447265625 0.486328125 0.041015625 0.01953125
0 0.84375 0.4677734375 0.04296875 0.017578125
0 0.8427734375 0.4482421875 0.037109375 0.021484375
0 0.83984375 0.427734375 0.04296875 0.01953125
0 0.837890625 0.41015625 0.03515625 0.015625
0 0.8369140625 0.3916015625 0.037109375 0.021484375
0 0.765625 0.578125 0.01953125 0.04296875
0 0.7607421875 0.513671875 0.021484375 0.04296875
0 0.708984375 0.4912109375 0.05078125 0.025390625
0 0.7255859375 0.46484375 0.044921875 0.02734375
0 0.7275390625 0.3818359375 0.048828125 0.021484375
0 0.7041015625 0.359375 0.037109375 0.01171875
0 0.7021484375 0.345703125 0.041015625 0.015625
0 0.7109375 0.330078125 0.0234375 0.015625
0 0.8447265625 0.3291015625 0.041015625 0.029296875
0 0.71875 0.3134765625 0.0390625 0.013671875
0 0.7138671875 0.294921875 0.037109375 0.0234375
0 0.7509765625 0.259765625 0.013671875 0.03515625
0 0.8232421875 0.2724609375 0.041015625 0.017578125
0 0.81640625 0.2568359375 0.04296875 0.013671875
0 0.818359375 0.2412109375 0.0390625 0.017578125
0 0.818359375 0.2236328125 0.0390625 0.017578125
0 0.81640625 0.205078125 0.04296875 0.01953125
0 0.8173828125 0.185546875 0.041015625 0.01953125
0 0.8173828125 0.1630859375 0.041015625 0.025390625
0 0.71484375 0.17578125 0.04296875 0.015625
0 0.7109375 0.197265625 0.0390625 0.015625
0 0.71484375 0.216796875 0.02734375 0.01171875
0 0.7080078125 0.236328125 0.044921875 0.01953125
0 0.6748046875 0.185546875 0.021484375 0.05078125
0 0.6943359375 0.1416015625 0.056640625 0.017578125
0 0.7099609375 0.12109375 0.037109375 0.015625
0 0.7109375 0.095703125 0.04296875 0.015625
0 0.71875 0.076171875 0.04296875 0.015625
0 0.6787109375 0.072265625 0.037109375 0.015625
0 0.7119140625 0.05859375 0.029296875 0.01953125
0 0.40625 0.8828125 0.0234375 0.0625
0 0.9873046875 0.724609375 0.017578125 0.03515625
