0 0.7529296875 0.1494140625 0.021484375 0.037109375
0 0.78515625 0.2294921875 0.01953125 0.037109375
0 0.8095703125 0.2236328125 0.021484375 0.037109375
0 0.83203125 0.2255859375 0.01953125 0.037109375
0 0.75 0.2919921875 0.0390625 0.021484375
0 0.7255859375 0.1630859375 0.017578125 0.037109375
0 0.740234375 0.3251953125 0.03515625 0.017578125
0 0.75 0.3427734375 0.03515625 0.017578125
0 0.7900390625 0.3974609375 0.017578125 0.033203125
0 0.8125 0.3974609375 0.01953125 0.029296875
0 0.849609375 0.3974609375 0.01953125 0.025390625
0 0.8173828125 0.0654296875 0.017578125 0.033203125
0 0.787109375 0.0712890625 0.01953125 0.029296875
0 0.837890625 0.07421875 0.015625 0.0234375
0 0.619140625 0.677734375 0.04296875 0.01953125
0 0.55859375 0.7724609375 0.0390625 0.021484375
0 0.927734375 0.7119140625 0.01953125 0.044921875
0 0.2373046875 0.5927734375 0.029296875 0.029296875
0 0.34375 0.7626953125 0.015625 0.037109375
0 0.978515625 0.142578125 0.0390625 0.01953125
0 0.974609375 0.517578125 0.0390625 0.01953125
0 0.978515625 0.5869140625 0.04296875 0.021484375
0 0.978515625 0.646484375 0.04296875 0.0234375
0 0.126953125 0.9482421875 0.03125 0.037109375
0 0.0966796875 0.935546875 0.033203125 0.0390625
0 0.06640625 0.6591796875 0.046875 0.044921875
0 0.0810546875 0.6728515625 0.033203125 0.037109375
0 0.0927734375 0.689453125 0.029296875 0.03125
0 0.1318359375 0.6865234375 0.033203125 0.037109375
0 0.1484375 0.7041015625 0.03125 0.037109375
0 0.185546875 0.7744140625 0.0390625 0.044921875
0 0.2001953125 0.7900390625 0.033203125 0.037109375
0 0.234375 0.81640625 0.03515625 0.0390625
