0 0.044921875 0.0302734375 0.04296875 0.025390625
0 0.3515625 0.013671875 0.0390625 0.01953125
1 0.1591796875 0.162109375 0.087890625 0.01953125
1 0.1611328125 0.1865234375 0.091796875 0.029296875
1 0.162109375 0.2333984375 0.0859375 0.025390625
1 0.1533203125 0.26171875 0.052734375 0.01953125
1 0.146484375 0.2880859375 0.0625 0.021484375
1 0.1630859375 0.3125 0.056640625 0.02734375
1 0.1650390625 0.365234375 0.064453125 0.02734375
1 0.259765625 0.279296875 0.02734375 0.0625
1 0.26171875 0.345703125 0.0234375 0.0546875
0 0.435546875 0.0361328125 0.04296875 0.025390625
1 0.2724609375 0.4931640625 0.029296875 0.080078125
1 0.1748046875 0.474609375 0.083984375 0.0234375
1 0.1650390625 0.4990234375 0.064453125 0.025390625
1 0.1748046875 0.5263671875 0.080078125 0.017578125
1 0.1767578125 0.5478515625 0.083984375 0.025390625
1 0.18359375 0.5703125 0.0546875 0.01953125
1 0.177734375 0.6015625 0.0859375 0.0234375
1 0.1806640625 0.6259765625 0.080078125 0.025390625
1 0.1806640625 0.654296875 0.087890625 0.01953125
1 0.1826171875 0.7109375 0.083984375 0.02734375
1 0.1806640625 0.7392578125 0.064453125 0.029296875
1 0.185546875 0.798828125 0.0625 0.0234375
1 0.177734375 0.8203125 0.05859375 0.01953125
1 0.1796875 0.8388671875 0.0859375 0.025390625
1 0.1748046875 0.8818359375 0.052734375 0.017578125
1 0.2783203125 0.57421875 0.025390625 0.05859375
1 0.279296875 0.69140625 0.03515625 0.08203125
1 0.2841796875 0.775390625 0.025390625 0.05859375
1 0.2646484375 0.8505859375 0.021484375 0.052734375
1 0.28515625 0.8466796875 0.0234375 0.056640625
1 0.265625 0.9189453125 0.0234375 0.083984375
1 0.2919921875 0.9208984375 0.029296875 0.076171875
1 0.177734375 0.9033203125 0.05859375 0.025390625
1 0.1806640625 0.923828125 0.087890625 0.01953125
1 0.1796875 0.9453125 0.05859375 0.0234375
1 0.1826171875 0.9658203125 0.064453125 0.017578125
1 0.1806640625 0.9833984375 0.060546875 0.017578125
