0 0.71484375 0.0400390625 0.04296875 0.021484375
0 0.71875 0.14453125 0.046875 0.0234375
0 0.9521484375 0.4794921875 0.021484375 0.033203125
0 0.90625 0.478515625 0.015625 0.03125
0 0.8837890625 0.4765625 0.017578125 0.03125
0 0.8623046875 0.4814453125 0.021484375 0.037109375
0 0.8203125 0.484375 0.01953125 0.03515625
0 0.76953125 0.2783203125 0.0390625 0.021484375
0 0.6845703125 0.767578125 0.017578125 0.03515625
0 0.7060546875 0.771484375 0.025390625 0.04296875
0 0.728515625 0.775390625 0.01953125 0.03125
0 0.8154296875 0.7666015625 0.021484375 0.041015625
0 0.8369140625 0.765625 0.021484375 0.0390625
0 0.87109375 0.7666015625 0.0234375 0.044921875
0 0.892578125 0.76953125 0.01953125 0.03515625
0 0.9140625 0.7724609375 0.0234375 0.041015625
0 0.9375 0.7734375 0.0234375 0.04296875
0 0.9755859375 0.7509765625 0.025390625 0.044921875
0 0.341796875 0.0361328125 0.03515625 0.017578125
0 0.3427734375 0.0615234375 0.041015625 0.017578125
0 0.34765625 0.123046875 0.04296875 0.015625
0 0.345703125 0.140625 0.0390625 0.01953125
0 0.34765625 0.1767578125 0.0390625 0.013671875
0 0.3505859375 0.2001953125 0.037109375 0.017578125
0 0.349609375 0.23828125 0.03515625 0.01953125
0 0.3486328125 0.2568359375 0.033203125 0.017578125
0 0.384765625 0.2607421875 0.015625 0.037109375
0 0.4091796875 0.12890625 0.017578125 0.03125
0 0.349609375 0.27734375 0.0390625 0.01171875
0 0.3544921875 0.2939453125 0.041015625 0.021484375
0 0.3525390625 0.3349609375 0.037109375 0.017578125
0 0.3564453125 0.3564453125 0.033203125 0.013671875
0 0.357421875 0.39453125 0.0390625 0.01953125
0 0.091796875 0.185546875 0.01953125 0.03515625
0 0.1005859375 0.341796875 0.021484375 0.0390625
0 0.3583984375 0.4169921875 0.033203125 0.013671875
0 0.361328125 0.4326171875 0.0390625 0.017578125
0 0.3642578125 0.45703125 0.041015625 0.015625
0 0.3662109375 0.53515625 0.041015625 0.015625
0 0.1015625 0.4541015625 0.01953125 0.037109375
0 0.083984375 0.609375 0.01953125 0.04296875
0 0.40625 0.58203125 0.01953125 0.03515625
0 0.36328125 0.6435546875 0.046875 0.017578125
0 0.361328125 0.6611328125 0.04296875 0.017578125
0 0.36328125 0.6923828125 0.0390625 0.017578125
0 0.1162109375 0.7490234375 0.021484375 0.037109375
0 0.0439453125 0.6728515625 0.041015625 0.017578125
0 0.0439453125 0.6513671875 0.041015625 0.013671875
0 0.04296875 0.634765625 0.0390625 0.01953125
0 0.033203125 0.6005859375 0.02734375 0.009765625
0 0.041015625 0.587890625 0.03515625 0.01171875
0 0.0439453125 0.5673828125 0.044921875 0.013671875
0 0.0400390625 0.53515625 0.029296875 0.015625
0 0.0390625 0.5146484375 0.04296875 0.017578125
0 0.033203125 0.44921875 0.03515625 0.015625
0 0.0380859375 0.4345703125 0.025390625 0.013671875
0 0.0302734375 0.416015625 0.037109375 0.01171875
0 0.033203125 0.4013671875 0.04296875 0.013671875
0 0.0263671875 0.38671875 0.033203125 0.015625
0 0.02734375 0.3642578125 0.046875 0.017578125
0 0.025390625 0.2587890625 0.0390625 0.017578125
0 0.0244140625 0.1767578125 0.044921875 0.021484375
0 0.015625 0.1279296875 0.03125 0.013671875
0 0.400390625 0.978515625 0.03125 0.03125
0 0.6220703125 0.841796875 0.017578125 0.0390625
0 0.62109375 0.7744140625 0.01953125 0.037109375
0 0.6591796875 0.771484375 0.021484375 0.03515625
0 0.5908203125 0.490234375 0.017578125 0.03515625
0 0.6162109375 0.490234375 0.013671875 0.03125
0 0.642578125 0.490234375 0.01953125 0.0390625
0 0.630859375 0.197265625 0.0390625 0.01171875
0 0.6357421875 0.1826171875 0.029296875 0.017578125
0 0.6318359375 0.14453125 0.033203125 0.01171875
0 0.6328125 0.162109375 0.03515625 0.0234375
0 0.6298828125 0.1103515625 0.044921875 0.013671875
0 0.6328125 0.130859375 0.03125 0.015625
0 0.6298828125 0.0771484375 0.048828125 0.021484375
0 0.6259765625 0.0263671875 0.041015625 0.017578125
