1 0.6396484375 0.7490234375 0.087890625 0.021484375
0 0.755859375 0.748046875 0.03125 0.04296875
0 0.439453125 0.2734375 0.03515625 0.05078125
0 0.3779296875 0.2578125 0.037109375 0.0390625
0 0.4697265625 0.3388671875 0.041015625 0.048828125
0 0.2529296875 0.39453125 0.044921875 0.05078125
0 0.166015625 0.4189453125 0.0390625 0.037109375
0 0.185546875 0.720703125 0.03125 0.046875
0 0.1796875 0.947265625 0.02734375 0.046875
0 0.1904296875 0.7822265625 0.021484375 0.033203125
0 0.1962890625 0.8291015625 0.021484375 0.029296875
0 0.2021484375 0.8828125 0.025390625 0.03515625
0 0.11328125 0.96484375 0.03515625 0.01953125
