0 0.015625 0.388671875 0.0234375 0.04296875
0 0.064453125 0.041015625 0.0390625 0.01953125
0 0.21484375 0.5478515625 0.03125 0.017578125
0 0.8173828125 0.3310546875 0.033203125 0.021484375
0 0.7900390625 0.423828125 0.017578125 0.0390625
0 0.814453125 0.419921875 0.01953125 0.03515625
0 0.7958984375 0.5283203125 0.021484375 0.041015625
0 0.9287109375 0.341796875 0.037109375 0.01953125
0 0.9267578125 0.361328125 0.037109375 0.01953125
0 0.873046875 0.3232421875 0.01953125 0.033203125
0 0.9287109375 0.3994140625 0.044921875 0.025390625
0 0.05078125 0.693359375 0.01953125 0.03515625
0 0.068359375 0.6806640625 0.01953125 0.033203125
0 0.11328125 0.6796875 0.0234375 0.0390625
0 0.189453125 0.6728515625 0.0234375 0.041015625
0 0.533203125 0.666015625 0.0234375 0.03515625
