0 0.43359375 0.869140625 0.0390625 0.01953125
0 0.435546875 0.8916015625 0.04296875 0.017578125
0 0.439453125 0.908203125 0.03515625 0.015625
0 0.4326171875 0.9267578125 0.044921875 0.017578125
0 0.4345703125 0.947265625 0.041015625 0.01953125
0 0.314453125 0.83203125 0.0390625 0.01953125
0 0.42578125 0.654296875 0.04296875 0.01953125
0 0.4248046875 0.6875 0.037109375 0.015625
0 0.4228515625 0.705078125 0.033203125 0.01953125
0 0.4775390625 0.734375 0.041015625 0.0234375
0 0.4697265625 0.7744140625 0.041015625 0.021484375
0 0.4697265625 0.8125 0.041015625 0.01953125
0 0.37109375 0.728515625 0.03515625 0.015625
0 0.447265625 0.5478515625 0.04296875 0.017578125
