0 0.33203125 0.54296875 0.03125 0.03515625
0 0.43359375 0.6259765625 0.0390625 0.041015625
0 0.3193359375 0.6435546875 0.044921875 0.044921875
0 0.0908203125 0.6826171875 0.017578125 0.041015625
0 0.072265625 0.6845703125 0.01953125 0.037109375
0 0.046875 0.6865234375 0.01953125 0.044921875
0 0.076171875 0.248046875 0.04296875 0.04296875
0 0.7626953125 0.6669921875 0.037109375 0.037109375
0 0.7451171875 0.6806640625 0.033203125 0.037109375
0 0.7275390625 0.8154296875 0.041015625 0.037109375
0 0.75390625 0.83984375 0.03515625 0.0390625
0 0.798828125 0.8935546875 0.03125 0.037109375
0 0.908203125 0.751953125 0.03125 0.0390625
0 0.845703125 0.8232421875 0.046875 0.037109375
0 0.841796875 0.931640625 0.03515625 0.03515625
