0 0.259765625 0.0458984375 0.0234375 0.037109375
0 0.0869140625 0.849609375 0.033203125 0.01953125
0 0.150390625 0.8408203125 0.01953125 0.041015625
0 0.169921875 0.8359375 0.01953125 0.03125
0 0.2275390625 0.8330078125 0.017578125 0.029296875
0 0.2275390625 0.892578125 0.037109375 0.01953125
0 0.232421875 0.9130859375 0.03125 0.021484375
0 0.16015625 0.9482421875 0.01953125 0.037109375
0 0.201171875 0.9501953125 0.015625 0.033203125
0 0.2197265625 0.94921875 0.017578125 0.03125
0 0.23828125 0.9482421875 0.015625 0.033203125
0 0.0947265625 0.9609375 0.041015625 0.01953125
