0 0.7802734375 0.5185546875 0.041015625 0.048828125
0 0.9775390625 0.4833984375 0.037109375 0.037109375
0 0.3603515625 0.171875 0.044921875 0.03125
0 0.3837890625 0.2802734375 0.041015625 0.021484375
0 0.607421875 0.435546875 0.046875 0.0234375
0 0.7529296875 0.357421875 0.037109375 0.02734375
0 0.806640625 0.2099609375 0.04296875 0.025390625
0 0.8212890625 0.2373046875 0.072265625 0.029296875
0 0.8056640625 0.26171875 0.041015625 0.01953125
0 0.8232421875 0.2802734375 0.033203125 0.017578125
0 0.759765625 0.4248046875 0.03515625 0.025390625
