1 0.0732421875 0.06640625 0.021484375 0.0546875
1 0.09375 0.0810546875 0.015625 0.052734375
1 0.1162109375 0.0810546875 0.021484375 0.060546875
1 0.1396484375 0.0810546875 0.021484375 0.056640625
1 0.1650390625 0.0751953125 0.021484375 0.076171875
1 0.1904296875 0.078125 0.021484375 0.078125
1 0.2216796875 0.0673828125 0.017578125 0.052734375
1 0.25 0.068359375 0.01953125 0.05859375
1 0.302734375 0.0634765625 0.0234375 0.060546875
1 0.3271484375 0.0693359375 0.017578125 0.048828125
1 0.357421875 0.060546875 0.0234375 0.05859375
1 0.3828125 0.0625 0.0234375 0.0546875
1 0.4111328125 0.0498046875 0.029296875 0.076171875
1 0.4423828125 0.0556640625 0.021484375 0.060546875
1 0.4677734375 0.0517578125 0.021484375 0.056640625
1 0.49609375 0.0439453125 0.0234375 0.076171875
1 0.5234375 0.05078125 0.015625 0.0546875
1 0.546875 0.0400390625 0.0234375 0.080078125
1 0.5771484375 0.0419921875 0.025390625 0.072265625
1 0.607421875 0.0439453125 0.01953125 0.072265625
1 0.634765625 0.048828125 0.0234375 0.05859375
1 0.6630859375 0.046875 0.025390625 0.078125
1 0.6953125 0.0498046875 0.01953125 0.060546875
1 0.724609375 0.0439453125 0.0234375 0.076171875
1 0.7607421875 0.0380859375 0.025390625 0.076171875
1 0.7958984375 0.044921875 0.029296875 0.0625
1 0.1083984375 0.2119140625 0.025390625 0.056640625
1 0.1318359375 0.2080078125 0.021484375 0.056640625
1 0.158203125 0.2099609375 0.01953125 0.052734375
1 0.1845703125 0.2099609375 0.025390625 0.076171875
1 0.2197265625 0.21484375 0.025390625 0.05859375
1 0.2470703125 0.216796875 0.025390625 0.07421875
1 0.2802734375 0.216796875 0.025390625 0.07421875
1 0.3115234375 0.2158203125 0.025390625 0.076171875
1 0.3427734375 0.2158203125 0.025390625 0.072265625
1 0.373046875 0.2138671875 0.015625 0.052734375
1 0.39453125 0.2060546875 0.0234375 0.060546875
1 0.423828125 0.201171875 0.0234375 0.05859375
1 0.447265625 0.203125 0.01953125 0.0546875
1 0.470703125 0.1806640625 0.0234375 0.076171875
1 0.4951171875 0.1767578125 0.017578125 0.052734375
1 0.5224609375 0.1787109375 0.029296875 0.080078125
1 0.5546875 0.1787109375 0.0234375 0.080078125
1 0.5869140625 0.1826171875 0.025390625 0.076171875
1 0.6171875 0.1806640625 0.02734375 0.076171875
1 0.7001953125 0.18359375 0.021484375 0.0625
1 0.7294921875 0.18359375 0.021484375 0.0546875
1 0.0732421875 0.3486328125 0.025390625 0.060546875
1 0.1025390625 0.3525390625 0.021484375 0.076171875
1 0.12890625 0.345703125 0.01953125 0.07421875
1 0.1630859375 0.3466796875 0.029296875 0.080078125
1 0.1875 0.3544921875 0.03125 0.076171875
1 0.2158203125 0.35546875 0.021484375 0.078125
1 0.287109375 0.3427734375 0.01171875 0.052734375
1 0.3095703125 0.3505859375 0.025390625 0.076171875
1 0.3759765625 0.3427734375 0.021484375 0.076171875
1 0.40234375 0.345703125 0.0234375 0.078125
1 0.431640625 0.341796875 0.0234375 0.0859375
1 0.4599609375 0.3408203125 0.021484375 0.080078125
1 0.486328125 0.3408203125 0.01953125 0.076171875
1 0.5146484375 0.337890625 0.025390625 0.07421875
1 0.5400390625 0.3388671875 0.021484375 0.076171875
1 0.564453125 0.3408203125 0.0234375 0.076171875
1 0.595703125 0.3369140625 0.02734375 0.072265625
1 0.6240234375 0.3330078125 0.029296875 0.072265625
1 0.6533203125 0.33203125 0.033203125 0.07421875
1 0.6923828125 0.330078125 0.025390625 0.07421875
1 0.724609375 0.322265625 0.0234375 0.07421875
1 0.7578125 0.314453125 0.01953125 0.05078125
1 0.7822265625 0.314453125 0.017578125 0.05078125
1 0.806640625 0.3125 0.0234375 0.0546875
1 0.8349609375 0.3076171875 0.021484375 0.052734375
1 0.0859375 0.587890625 0.02734375 0.07421875
1 0.14453125 0.58984375 0.0234375 0.07421875
1 0.173828125 0.5927734375 0.01953125 0.076171875
1 0.2001953125 0.59765625 0.021484375 0.078125
1 0.23046875 0.59765625 0.0234375 0.07421875
1 0.2587890625 0.5966796875 0.025390625 0.076171875
1 0.2880859375 0.5947265625 0.017578125 0.076171875
1 0.322265625 0.5908203125 0.0234375 0.076171875
1 0.3447265625 0.5927734375 0.021484375 0.076171875
1 0.376953125 0.5947265625 0.0234375 0.076171875
1 0.41015625 0.5849609375 0.0234375 0.076171875
1 0.4365234375 0.591796875 0.021484375 0.078125
1 0.4697265625 0.583984375 0.021484375 0.0546875
1 0.6025390625 0.5966796875 0.025390625 0.076171875
1 0.6298828125 0.5927734375 0.025390625 0.076171875
1 0.6611328125 0.533203125 0.021484375 0.0546875
1 0.70703125 0.525390625 0.01953125 0.0546875
1 0.734375 0.5146484375 0.01953125 0.056640625
1 0.767578125 0.5185546875 0.0234375 0.048828125
1 0.1796875 0.6640625 0.01953125 0.04296875
0 0.0556640625 0.625 0.044921875 0.02734375
0 0.048828125 0.548828125 0.0390625 0.0234375
0 0.05078125 0.486328125 0.0390625 0.03125
0 0.8056640625 0.96875 0.017578125 0.03515625
0 0.8603515625 0.9697265625 0.017578125 0.029296875
0 0.708984375 0.9248046875 0.015625 0.025390625
0 0.70703125 0.880859375 0.015625 0.02734375
0 0.724609375 0.8818359375 0.015625 0.037109375
0 0.7001953125 0.806640625 0.017578125 0.0390625
0 0.6591796875 0.673828125 0.017578125 0.0390625
0 0.6796875 0.669921875 0.015625 0.03515625
0 0.7265625 0.666015625 0.015625 0.03515625
0 0.16015625 0.705078125 0.01953125 0.03515625
0 0.2666015625 0.6982421875 0.021484375 0.037109375
0 0.33984375 0.68359375 0.015625 0.02734375
0 0.376953125 0.6806640625 0.01953125 0.037109375
0 0.8349609375 0.5 0.029296875 0.03515625
0 0.884765625 0.625 0.015625 0.02734375
0 0.9169921875 0.615234375 0.017578125 0.03125
0 0.943359375 0.615234375 0.015625 0.03125
0 0.96875 0.658203125 0.01953125 0.03125
0 0.927734375 0.6630859375 0.01953125 0.037109375
0 0.8544921875 0.6787109375 0.013671875 0.029296875
