0 0.3916015625 0.0302734375 0.033203125 0.017578125
0 0.3974609375 0.0498046875 0.037109375 0.021484375
0 0.3974609375 0.0869140625 0.037109375 0.021484375
0 0.3955078125 0.12890625 0.021484375 0.05078125
0 0.404296875 0.1728515625 0.04296875 0.017578125
0 0.3984375 0.2001953125 0.04296875 0.013671875
0 0.4013671875 0.216796875 0.037109375 0.01953125
0 0.4033203125 0.23828125 0.041015625 0.0234375
0 0.4033203125 0.2607421875 0.041015625 0.021484375
1 0.41015625 0.326171875 0.02734375 0.078125
0 0.4501953125 0.1806640625 0.025390625 0.080078125
0 0.455078125 0.1142578125 0.01953125 0.037109375
0 0.4541015625 0.078125 0.021484375 0.03515625
0 0.50390625 0.1240234375 0.0390625 0.037109375
0 0.4111328125 0.3828125 0.037109375 0.01953125
1 0.4609375 0.34765625 0.02734375 0.08203125
1 0.4658203125 0.4306640625 0.025390625 0.083984375
0 0.412109375 0.4375 0.04296875 0.0234375
0 0.4140625 0.45703125 0.03125 0.015625
0 0.416015625 0.4921875 0.0390625 0.015625
0 0.458984375 0.25 0.01953125 0.0390625
0 0.4248046875 0.650390625 0.033203125 0.015625
0 0.4296875 0.6689453125 0.03125 0.017578125
0 0.4287109375 0.68359375 0.037109375 0.015625
0 0.4248046875 0.7041015625 0.037109375 0.017578125
0 0.4287109375 0.7236328125 0.033203125 0.013671875
0 0.4296875 0.7431640625 0.03515625 0.017578125
0 0.427734375 0.7626953125 0.0390625 0.017578125
0 0.4296875 0.7802734375 0.04296875 0.017578125
0 0.4287109375 0.7998046875 0.037109375 0.021484375
0 0.4873046875 0.7744140625 0.017578125 0.033203125
0 0.529296875 0.666015625 0.01953125 0.0390625
0 0.5302734375 0.580078125 0.025390625 0.04296875
0 0.5625 0.6796875 0.0234375 0.046875
0 0.4853515625 0.7294921875 0.021484375 0.037109375
0 0.4892578125 0.8232421875 0.017578125 0.037109375
0 0.490234375 0.8671875 0.015625 0.02734375
0 0.4794921875 0.6455078125 0.017578125 0.033203125
0 0.4306640625 0.8515625 0.037109375 0.015625
0 0.435546875 0.873046875 0.0390625 0.015625
0 0.43359375 0.8935546875 0.03125 0.017578125
0 0.439453125 0.9130859375 0.04296875 0.021484375
0 0.4384765625 0.93359375 0.041015625 0.01953125
0 0.4384765625 0.9521484375 0.041015625 0.017578125
0 0.4404296875 0.974609375 0.041015625 0.015625
0 0.4951171875 0.9169921875 0.017578125 0.029296875
0 0.6328125 0.0322265625 0.03515625 0.021484375
0 0.580078125 0.0361328125 0.01953125 0.037109375
0 0.58203125 0.08984375 0.0234375 0.03125
0 0.6376953125 0.0537109375 0.037109375 0.021484375
0 0.6357421875 0.078125 0.041015625 0.01953125
0 0.640625 0.111328125 0.04296875 0.01953125
0 0.58203125 0.1259765625 0.0234375 0.041015625
0 0.6435546875 0.1318359375 0.041015625 0.021484375
0 0.64453125 0.1513671875 0.04296875 0.017578125
0 0.642578125 0.171875 0.0390625 0.0234375
0 0.5869140625 0.1728515625 0.021484375 0.029296875
0 0.587890625 0.2197265625 0.01953125 0.037109375
0 0.6474609375 0.19140625 0.041015625 0.015625
0 0.6474609375 0.208984375 0.041015625 0.01953125
0 0.6455078125 0.2294921875 0.037109375 0.021484375
0 0.6474609375 0.2578125 0.041015625 0.01953125
0 0.5908203125 0.27734375 0.021484375 0.0390625
0 0.5927734375 0.3193359375 0.025390625 0.044921875
0 0.6484375 0.3173828125 0.0390625 0.021484375
0 0.6533203125 0.3515625 0.041015625 0.0234375
0 0.64453125 0.2841796875 0.0390625 0.021484375
0 0.650390625 0.3369140625 0.03515625 0.021484375
0 0.6513671875 0.37109375 0.037109375 0.015625
0 0.6533203125 0.3916015625 0.041015625 0.013671875
0 0.65625 0.41015625 0.03515625 0.0234375
0 0.59765625 0.396484375 0.01953125 0.0390625
0 0.6171875 0.4130859375 0.01953125 0.037109375
0 0.46875 0.4990234375 0.01953125 0.033203125
0 0.47265625 0.533203125 0.01953125 0.03515625
0 0.6240234375 0.5146484375 0.021484375 0.044921875
0 0.603515625 0.4912109375 0.01953125 0.033203125
0 0.6044921875 0.5341796875 0.013671875 0.037109375
0 0.6083984375 0.5810546875 0.017578125 0.033203125
0 0.6083984375 0.62109375 0.017578125 0.03515625
0 0.6591796875 0.546875 0.048828125 0.01953125
0 0.6015625 0.4384765625 0.0234375 0.029296875
0 0.6611328125 0.5654296875 0.037109375 0.017578125
0 0.6669921875 0.5849609375 0.037109375 0.021484375
0 0.6689453125 0.6044921875 0.041015625 0.017578125
0 0.666015625 0.6220703125 0.03515625 0.017578125
1 0.6669921875 0.6376953125 0.060546875 0.017578125
1 0.666015625 0.65625 0.05859375 0.01953125
1 0.66796875 0.677734375 0.0625 0.0234375
0 0.66796875 0.69921875 0.03515625 0.01953125
0 0.671875 0.716796875 0.04296875 0.015625
0 0.67578125 0.7353515625 0.0390625 0.021484375
0 0.6708984375 0.751953125 0.037109375 0.015625
1 0.6708984375 0.76953125 0.056640625 0.01953125
1 0.6708984375 0.7890625 0.056640625 0.01953125
1 0.673828125 0.8427734375 0.05859375 0.017578125
0 0.671875 0.8671875 0.0390625 0.01953125
0 0.67578125 0.8857421875 0.03515625 0.017578125
0 0.67578125 0.9033203125 0.03515625 0.017578125
1 0.6787109375 0.9208984375 0.064453125 0.021484375
0 0.68359375 0.943359375 0.0390625 0.015625
0 0.6845703125 0.962890625 0.041015625 0.015625
0 0.6865234375 0.98046875 0.044921875 0.01953125
