0 0.0126953125 0.4609375 0.025390625 0.05078125
0 0.2138671875 0.478515625 0.017578125 0.0390625
0 0.255859375 0.373046875 0.0390625 0.01953125
0 0.2568359375 0.3076171875 0.037109375 0.021484375
0 0.2509765625 0.2548828125 0.044921875 0.017578125
0 0.255859375 0.34765625 0.0390625 0.0234375
0 0.2587890625 0.412109375 0.037109375 0.0234375
0 0.259765625 0.6435546875 0.03515625 0.021484375
0 0.267578125 0.623046875 0.03125 0.01953125
0 0.2626953125 0.603515625 0.037109375 0.01953125
0 0.2666015625 0.6953125 0.041015625 0.0234375
0 0.263671875 0.662109375 0.03515625 0.01953125
0 0.091796875 0.4931640625 0.015625 0.037109375
0 0.109375 0.4775390625 0.015625 0.029296875
0 0.3408203125 0.4658203125 0.021484375 0.037109375
0 0.4287109375 0.4658203125 0.017578125 0.033203125
0 0.59375 0.4541015625 0.015625 0.037109375
0 0.6435546875 0.4560546875 0.017578125 0.033203125
0 0.7578125 0.4482421875 0.015625 0.033203125
0 0.7880859375 0.4462890625 0.017578125 0.029296875
0 0.71484375 0.453125 0.015625 0.03125
0 0.8232421875 0.4453125 0.017578125 0.03125
0 0.947265625 0.435546875 0.015625 0.03125
0 0.84765625 0.447265625 0.015625 0.03515625
0 0.92578125 0.4384765625 0.015625 0.025390625
0 0.076171875 0.9130859375 0.03125 0.021484375
0 0.078125 0.9365234375 0.03125 0.021484375
0 0.0908203125 0.9921875 0.037109375 0.015625
0 0.47265625 0.7353515625 0.01953125 0.033203125
0 0.505859375 0.7353515625 0.015625 0.033203125
0 0.5283203125 0.734375 0.017578125 0.03515625
0 0.546875 0.732421875 0.015625 0.0390625
0 0.564453125 0.7294921875 0.015625 0.037109375
0 0.60546875 0.7265625 0.01953125 0.03515625
0 0.626953125 0.7255859375 0.015625 0.037109375
0 0.646484375 0.724609375 0.015625 0.0390625
0 0.6337890625 0.7822265625 0.041015625 0.017578125
0 0.6650390625 0.8330078125 0.017578125 0.029296875
0 0.271484375 0.1953125 0.01953125 0.03125
0 0.3095703125 0.1923828125 0.013671875 0.029296875
0 0.326171875 0.193359375 0.015625 0.03125
0 0.8056640625 0.16796875 0.017578125 0.03515625
0 0.8603515625 0.1689453125 0.017578125 0.029296875
0 0.6513671875 0.1826171875 0.017578125 0.037109375
0 0.708984375 0.1240234375 0.015625 0.025390625
0 0.70703125 0.080078125 0.015625 0.02734375
0 0.724609375 0.0810546875 0.015625 0.037109375
