0 0.021484375 0.1513671875 0.01953125 0.033203125
0 0.4091796875 0.1953125 0.048828125 0.01953125
0 0.537109375 0.10546875 0.0234375 0.03515625
0 0.6669921875 0.103515625 0.025390625 0.0390625
0 0.69921875 0.0439453125 0.0390625 0.021484375
0 0.8203125 0.20703125 0.0234375 0.04296875
0 0.7890625 0.453125 0.015625 0.0390625
0 0.8173828125 0.423828125 0.013671875 0.04296875
0 0.7158203125 0.6435546875 0.048828125 0.021484375
0 0.7109375 0.6650390625 0.0390625 0.021484375
0 0.71875 0.6875 0.0546875 0.0234375
