0 0.376953125 0.2666015625 0.0390625 0.033203125
0 0.279296875 0.6640625 0.04296875 0.02734375
0 0.2958984375 0.6806640625 0.048828125 0.029296875
0 0.140625 0.6982421875 0.04296875 0.041015625
0 0.169921875 0.7275390625 0.03125 0.041015625
0 0.2587890625 0.73046875 0.044921875 0.04296875
0 0.287109375 0.7724609375 0.04296875 0.056640625
0 0.3369140625 0.8134765625 0.041015625 0.044921875
0 0.37890625 0.8955078125 0.046875 0.044921875
0 0.4091796875 0.943359375 0.037109375 0.0390625
0 0.2802734375 0.935546875 0.056640625 0.0546875
0 0.232421875 0.58984375 0.046875 0.03125
