0 0.646484375 0.044921875 0.01953125 0.04296875
0 0.6669921875 0.03515625 0.021484375 0.0390625
0 0.7099609375 0.044921875 0.021484375 0.0390625
0 0.734375 0.037109375 0.015625 0.03515625
0 0.75390625 0.04296875 0.0234375 0.03515625
0 0.796875 0.0361328125 0.01953125 0.041015625
0 0.8212890625 0.037109375 0.029296875 0.0390625
0 0.86328125 0.033203125 0.01953125 0.03515625
0 0.90625 0.0361328125 0.01953125 0.033203125
0 0.92578125 0.03125 0.01953125 0.0390625
0 0.923828125 0.083984375 0.0390625 0.01953125
0 0.6708984375 0.3173828125 0.017578125 0.029296875
0 0.755859375 0.3134765625 0.015625 0.041015625
0 0.8173828125 0.310546875 0.017578125 0.03515625
0 0.8603515625 0.310546875 0.021484375 0.03125
0 0.669921875 0.4033203125 0.01953125 0.029296875
0 0.6943359375 0.40625 0.017578125 0.0390625
0 0.716796875 0.4521484375 0.03515625 0.017578125
0 0.7109375 0.4755859375 0.03515625 0.017578125
0 0.708984375 0.505859375 0.0390625 0.01953125
0 0.7060546875 0.5791015625 0.037109375 0.017578125
0 0.70703125 0.595703125 0.0390625 0.015625
0 0.70703125 0.6123046875 0.0390625 0.017578125
0 0.70703125 0.630859375 0.0390625 0.01953125
0 0.70703125 0.6484375 0.0390625 0.015625
0 0.7080078125 0.68359375 0.037109375 0.01953125
0 0.71484375 0.8408203125 0.04296875 0.021484375
0 0.7548828125 0.6103515625 0.029296875 0.013671875
0 0.7568359375 0.62890625 0.033203125 0.0234375
0 0.7578125 0.6484375 0.03515625 0.015625
0 0.7529296875 0.6650390625 0.037109375 0.017578125
0 0.7607421875 0.712890625 0.037109375 0.01953125
0 0.75390625 0.732421875 0.03515625 0.015625
0 0.708984375 0.734375 0.03125 0.015625
0 0.7109375 0.771484375 0.03125 0.015625
0 0.7607421875 0.8037109375 0.033203125 0.013671875
0 0.71875 0.9453125 0.046875 0.0234375
0 0.8017578125 0.6875 0.041015625 0.03125
1 0.7802734375 0.5458984375 0.037109375 0.068359375
0 0.623046875 0.0439453125 0.01953125 0.037109375
0 0.6005859375 0.033203125 0.013671875 0.03515625
0 0.5771484375 0.0400390625 0.017578125 0.033203125
0 0.556640625 0.0458984375 0.01171875 0.033203125
0 0.5361328125 0.044921875 0.013671875 0.03515625
0 0.515625 0.0458984375 0.01171875 0.029296875
0 0.4921875 0.048828125 0.015625 0.03125
0 0.46875 0.052734375 0.01171875 0.03515625
0 0.376953125 0.2255859375 0.01953125 0.033203125
0 0.3056640625 0.20703125 0.037109375 0.01953125
0 0.3056640625 0.23046875 0.033203125 0.015625
0 0.310546875 0.2548828125 0.0390625 0.013671875
0 0.3095703125 0.2763671875 0.041015625 0.013671875
0 0.314453125 0.29296875 0.0390625 0.01953125
0 0.3125 0.3310546875 0.0390625 0.013671875
0 0.3134765625 0.3515625 0.041015625 0.01171875
0 0.3173828125 0.376953125 0.033203125 0.015625
0 0.3154296875 0.3994140625 0.037109375 0.013671875
0 0.318359375 0.4208984375 0.03515625 0.013671875
0 0.3193359375 0.4423828125 0.033203125 0.013671875
0 0.3203125 0.462890625 0.03515625 0.01171875
0 0.3134765625 0.482421875 0.033203125 0.015625
0 0.326171875 0.546875 0.0390625 0.015625
0 0.326171875 0.5693359375 0.0390625 0.013671875
0 0.3330078125 0.6259765625 0.037109375 0.017578125
0 0.3310546875 0.603515625 0.044921875 0.015625
0 0.330078125 0.666015625 0.0390625 0.01953125
0 0.3359375 0.7236328125 0.0390625 0.017578125
0 0.3427734375 0.748046875 0.044921875 0.01953125
0 0.34375 0.7802734375 0.046875 0.021484375
0 0.3369140625 0.80078125 0.033203125 0.01953125
0 0.341796875 0.8369140625 0.03515625 0.017578125
0 0.3427734375 0.8623046875 0.041015625 0.017578125
0 0.3916015625 0.8134765625 0.021484375 0.041015625
0 0.34765625 0.923828125 0.04296875 0.015625
0 0.345703125 0.94140625 0.0390625 0.01953125
0 0.34765625 0.9775390625 0.0390625 0.013671875
0 0.4091796875 0.9296875 0.017578125 0.03125
0 0.0244140625 0.9775390625 0.044921875 0.021484375
0 0.015625 0.9287109375 0.03125 0.013671875
0 0.0498046875 0.58984375 0.021484375 0.05078125
0 0.6357421875 0.9833984375 0.029296875 0.017578125
0 0.6318359375 0.9453125 0.033203125 0.01171875
0 0.6328125 0.962890625 0.03515625 0.0234375
0 0.6298828125 0.9111328125 0.044921875 0.013671875
0 0.6328125 0.931640625 0.03125 0.015625
0 0.6298828125 0.8779296875 0.048828125 0.021484375
0 0.6259765625 0.8271484375 0.041015625 0.017578125
0 0.623046875 0.7568359375 0.0390625 0.013671875
0 0.6201171875 0.7353515625 0.044921875 0.021484375
0 0.619140625 0.7177734375 0.03515625 0.013671875
0 0.611328125 0.7021484375 0.03125 0.017578125
0 0.6123046875 0.685546875 0.029296875 0.015625
0 0.6533203125 0.6748046875 0.025390625 0.048828125
0 0.607421875 0.5478515625 0.0390625 0.017578125
0 0.6083984375 0.5302734375 0.037109375 0.017578125
0 0.6630859375 0.509765625 0.029296875 0.01953125
0 0.6005859375 0.408203125 0.025390625 0.0390625
0 0.650390625 0.404296875 0.01953125 0.0390625
0 0.626953125 0.3212890625 0.015625 0.033203125
0 0.5693359375 0.3232421875 0.021484375 0.029296875
0 0.5263671875 0.3271484375 0.017578125 0.037109375
0 0.5009765625 0.326171875 0.017578125 0.0390625
0 0.4833984375 0.3271484375 0.017578125 0.037109375
0 0.4619140625 0.322265625 0.017578125 0.03125
