0 0.197265625 0.177734375 0.03515625 0.01953125
0 0.443359375 0.0380859375 0.01953125 0.029296875
0 0.580078125 0.0263671875 0.01171875 0.025390625
0 0.2158203125 0.3330078125 0.037109375 0.017578125
0 0.216796875 0.3525390625 0.0390625 0.021484375
0 0.2197265625 0.4072265625 0.037109375 0.021484375
0 0.2177734375 0.458984375 0.037109375 0.015625
0 0.3623046875 0.6416015625 0.021484375 0.048828125
0 0.228515625 0.7880859375 0.0390625 0.021484375
0 0.234375 0.8515625 0.03515625 0.0234375
0 0.44921875 0.7666015625 0.015625 0.029296875
0 0.5166015625 0.767578125 0.017578125 0.03515625
0 0.5400390625 0.763671875 0.017578125 0.0390625
0 0.4296875 0.8427734375 0.015625 0.025390625
0 0.455078125 0.8427734375 0.015625 0.029296875
0 0.4765625 0.84375 0.015625 0.02734375
0 0.625 0.7490234375 0.0234375 0.013671875
0 0.6259765625 0.763671875 0.025390625 0.015625
0 0.625 0.7802734375 0.02734375 0.013671875
0 0.6240234375 0.798828125 0.033203125 0.015625
0 0.62890625 0.8193359375 0.0390625 0.017578125
0 0.97265625 0.9375 0.0390625 0.03125
0 0.9560546875 0.7646484375 0.025390625 0.041015625
