1 0.0703125 0.70703125 0.04296875 0.046875
1 0.111328125 0.7001953125 0.04296875 0.041015625
1 0.15234375 0.69921875 0.0703125 0.05859375
1 0.2109375 0.6943359375 0.0703125 0.060546875
1 0.0869140625 0.8154296875 0.076171875 0.060546875
1 0.1904296875 0.81640625 0.052734375 0.0546875
1 0.2939453125 0.943359375 0.021484375 0.0859375
1 0.326171875 0.9443359375 0.02734375 0.083984375
1 0.357421875 0.943359375 0.03125 0.078125
1 0.68359375 0.2236328125 0.046875 0.017578125
1 0.685546875 0.2685546875 0.046875 0.017578125
1 0.6865234375 0.2861328125 0.048828125 0.017578125
1 0.6884765625 0.3125 0.048828125 0.01953125
1 0.6884765625 0.341796875 0.044921875 0.01953125
1 0.6884765625 0.365234375 0.044921875 0.01953125
1 0.69140625 0.3896484375 0.04296875 0.017578125
1 0.693359375 0.4130859375 0.04296875 0.021484375
1 0.701171875 0.5380859375 0.046875 0.021484375
1 0.705078125 0.7138671875 0.046875 0.021484375
1 0.7138671875 0.7783203125 0.048828125 0.013671875
1 0.7138671875 0.7998046875 0.048828125 0.013671875
1 0.71875 0.8427734375 0.046875 0.013671875
1 0.708984375 0.865234375 0.05078125 0.015625
1 0.7109375 0.884765625 0.05078125 0.015625
1 0.71484375 0.90625 0.05078125 0.015625
1 0.7177734375 0.92578125 0.052734375 0.015625
1 0.7216796875 0.9482421875 0.048828125 0.013671875
1 0.72265625 0.9677734375 0.05078125 0.013671875
1 0.720703125 0.9921875 0.046875 0.01171875
