0 0.0458984375 0.0634765625 0.041015625 0.021484375
0 0.037109375 0.0185546875 0.04296875 0.021484375
0 0.65234375 0.20703125 0.04296875 0.01953125
0 0.654296875 0.228515625 0.046875 0.0234375
0 0.7890625 0.279296875 0.01953125 0.04296875
0 0.0283203125 0.8681640625 0.025390625 0.044921875
0 0.0556640625 0.80078125 0.017578125 0.03515625
0 0.08203125 0.796875 0.01953125 0.03515625
0 0.185546875 0.7119140625 0.015625 0.029296875
0 0.228515625 0.708984375 0.0234375 0.0390625
0 0.3583984375 0.7412109375 0.044921875 0.021484375
0 0.1220703125 0.8212890625 0.044921875 0.017578125
0 0.1259765625 0.8603515625 0.048828125 0.017578125
0 0.1162109375 0.890625 0.048828125 0.01171875
0 0.1298828125 0.91015625 0.044921875 0.015625
0 0.1337890625 0.9296875 0.041015625 0.0234375
0 0.787109375 0.798828125 0.01953125 0.04296875
