0 0.0595703125 0.6357421875 0.017578125 0.037109375
0 0.0888671875 0.6328125 0.021484375 0.04296875
0 0.11328125 0.630859375 0.015625 0.03515625
0 0.2333984375 0.615234375 0.025390625 0.03515625
0 0.263671875 0.666015625 0.01953125 0.0390625
0 0.375 0.6123046875 0.0234375 0.041015625
0 0.4462890625 0.6640625 0.021484375 0.0390625
0 0.3564453125 0.66796875 0.017578125 0.03125
0 0.5556640625 0.6337890625 0.017578125 0.041015625
0 0.58203125 0.6376953125 0.01953125 0.041015625
0 0.6142578125 0.6357421875 0.017578125 0.033203125
0 0.6328125 0.6376953125 0.01953125 0.037109375
0 0.71875 0.6220703125 0.01953125 0.037109375
0 0.755859375 0.623046875 0.01953125 0.04296875
0 0.78515625 0.6220703125 0.02734375 0.037109375
