0 0.248046875 0.6630859375 0.0234375 0.037109375
0 0.2763671875 0.734375 0.021484375 0.03515625
0 0.30078125 0.7373046875 0.01953125 0.041015625
0 0.3232421875 0.7392578125 0.013671875 0.037109375
0 0.5400390625 0.724609375 0.017578125 0.03125
0 0.5654296875 0.7294921875 0.013671875 0.029296875
0 0.5908203125 0.7314453125 0.021484375 0.041015625
0 0.544921875 0.892578125 0.015625 0.02734375
0 0.5810546875 0.8818359375 0.017578125 0.041015625
0 0.6044921875 0.8837890625 0.013671875 0.029296875
0 0.8291015625 0.869140625 0.017578125 0.03125
0 0.978515625 0.70703125 0.01953125 0.0390625
0 0.841796875 0.1904296875 0.015625 0.037109375
0 0.8642578125 0.1875 0.017578125 0.04296875
0 0.8857421875 0.123046875 0.041015625 0.0390625
0 0.87890625 0.09375 0.0390625 0.03515625
