0 0.033203125 0.1142578125 0.01953125 0.033203125
0 0.052734375 0.115234375 0.01953125 0.03125
0 0.07421875 0.12109375 0.01953125 0.03125
0 0.0927734375 0.1171875 0.017578125 0.03515625
0 0.6025390625 0.0947265625 0.021484375 0.037109375
0 0.525390625 0.09765625 0.01953125 0.03515625
0 0.7275390625 0.1005859375 0.017578125 0.033203125
0 0.8017578125 0.0947265625 0.017578125 0.033203125
0 0.783203125 0.095703125 0.01953125 0.03125
0 0.8388671875 0.0947265625 0.017578125 0.033203125
0 0.857421875 0.09375 0.015625 0.03515625
0 0.9033203125 0.08984375 0.025390625 0.0390625
0 0.9658203125 0.9755859375 0.021484375 0.037109375
