0 0.64453125 0.0380859375 0.03515625 0.033203125
0 0.587890625 0.0927734375 0.03125 0.029296875
0 0.6435546875 0.1357421875 0.029296875 0.029296875
0 0.2705078125 0.044921875 0.037109375 0.0390625
0 0.498046875 0.2412109375 0.02734375 0.037109375
0 0.18359375 0.318359375 0.0390625 0.01953125
0 0.2294921875 0.265625 0.033203125 0.03125
0 0.3212890625 0.12890625 0.025390625 0.03125
0 0.9638671875 0.861328125 0.029296875 0.03125
0 0.9345703125 0.884765625 0.029296875 0.02734375
0 0.9189453125 0.90625 0.029296875 0.03125
