1 0.544921875 0.2158203125 0.07421875 0.029296875
1 0.6376953125 0.1435546875 0.060546875 0.025390625
1 0.646484375 0.25 0.0625 0.03125
0 0.6435546875 0.021484375 0.044921875 0.01953125
0 0.59765625 0.0791015625 0.04296875 0.021484375
0 0.640625 0.0859375 0.03125 0.01953125
0 0.58984375 0.107421875 0.04296875 0.01953125
0 0.6396484375 0.10546875 0.033203125 0.01953125
0 0.76953125 0.0830078125 0.0390625 0.017578125
0 0.7705078125 0.1015625 0.037109375 0.01953125
0 0.775390625 0.1337890625 0.03515625 0.021484375
0 0.7802734375 0.1669921875 0.029296875 0.017578125
0 0.7734375 0.2001953125 0.0390625 0.021484375
0 0.7880859375 0.2744140625 0.041015625 0.017578125
0 0.703125 0.34765625 0.01953125 0.0390625
0 0.7890625 0.306640625 0.0390625 0.01953125
0 0.8818359375 0.3173828125 0.017578125 0.033203125
0 0.9130859375 0.3154296875 0.021484375 0.037109375
0 0.9326171875 0.3681640625 0.044921875 0.021484375
0 0.947265625 0.3447265625 0.04296875 0.021484375
0 0.791015625 0.326171875 0.03515625 0.01953125
0 0.7939453125 0.3447265625 0.041015625 0.017578125
0 0.7919921875 0.3603515625 0.037109375 0.017578125
0 0.7919921875 0.3779296875 0.037109375 0.013671875
0 0.79296875 0.3955078125 0.0390625 0.017578125
0 0.794921875 0.4130859375 0.03515625 0.017578125
0 0.705078125 0.4501953125 0.01953125 0.033203125
0 0.6611328125 0.48828125 0.021484375 0.0390625
0 0.7099609375 0.494140625 0.021484375 0.03515625
0 0.3515625 0.564453125 0.04296875 0.01953125
0 0.3515625 0.6357421875 0.04296875 0.017578125
0 0.3505859375 0.66015625 0.041015625 0.01953125
0 0.3583984375 0.6943359375 0.041015625 0.017578125
0 0.3564453125 0.7109375 0.037109375 0.015625
0 0.357421875 0.7333984375 0.0390625 0.017578125
0 0.3583984375 0.7919921875 0.041015625 0.021484375
0 0.3623046875 0.8115234375 0.033203125 0.017578125
0 0.359375 0.830078125 0.0390625 0.01953125
0 0.361328125 0.84765625 0.03515625 0.015625
0 0.361328125 0.8662109375 0.04296875 0.017578125
0 0.451171875 0.8251953125 0.04296875 0.021484375
0 0.7919921875 0.4501953125 0.037109375 0.017578125
0 0.7919921875 0.4716796875 0.037109375 0.017578125
0 0.794921875 0.4892578125 0.03515625 0.017578125
0 0.79296875 0.505859375 0.0390625 0.015625
0 0.79296875 0.521484375 0.0390625 0.015625
0 0.796875 0.5380859375 0.03125 0.017578125
0 0.796875 0.5732421875 0.03125 0.017578125
0 0.65234375 0.1875 0.0390625 0.0234375
0 0.66796875 0.5263671875 0.03125 0.017578125
0 0.662109375 0.5478515625 0.03125 0.017578125
0 0.6640625 0.5673828125 0.02734375 0.013671875
0 0.6650390625 0.5869140625 0.044921875 0.021484375
0 0.984375 0.1796875 0.03125 0.015625
0 0.66796875 0.6064453125 0.03515625 0.017578125
0 0.6708984375 0.6298828125 0.029296875 0.017578125
0 0.671875 0.646484375 0.03125 0.015625
0 0.6748046875 0.6689453125 0.044921875 0.021484375
0 0.6748046875 0.693359375 0.041015625 0.01953125
0 0.6982421875 0.7216796875 0.021484375 0.037109375
0 0.66796875 0.728515625 0.0390625 0.0234375
0 0.6748046875 0.75 0.033203125 0.01953125
0 0.802734375 0.6943359375 0.0390625 0.017578125
0 0.8017578125 0.7119140625 0.037109375 0.017578125
0 0.8076171875 0.7421875 0.037109375 0.015625
0 0.806640625 0.763671875 0.03515625 0.015625
0 0.806640625 0.7275390625 0.03125 0.013671875
0 0.9140625 0.84765625 0.01953125 0.03515625
0 0.935546875 0.8505859375 0.0234375 0.037109375
0 0.958984375 0.845703125 0.01953125 0.0390625
0 0.982421875 0.8525390625 0.015625 0.037109375
0 0.9697265625 0.9541015625 0.041015625 0.021484375
0 0.9853515625 0.9853515625 0.013671875 0.029296875
