0 0.021484375 0.2275390625 0.0390625 0.029296875
0 0.048828125 0.2939453125 0.03515625 0.029296875
0 0.0556640625 0.3115234375 0.037109375 0.025390625
0 0.068359375 0.3544921875 0.03515625 0.033203125
0 0.05859375 0.3779296875 0.03515625 0.029296875
0 0.0322265625 0.4326171875 0.025390625 0.037109375
0 0.5517578125 0.16015625 0.021484375 0.04296875
0 0.544921875 0.0947265625 0.01953125 0.033203125
0 0.5244140625 0.30859375 0.041015625 0.0234375
0 0.525390625 0.326171875 0.04296875 0.01953125
0 0.8505859375 0.3193359375 0.025390625 0.044921875
