0 0.189453125 0.955078125 0.04296875 0.0234375
0 0.1396484375 0.57421875 0.017578125 0.0390625
0 0.134765625 0.4580078125 0.01953125 0.037109375
0 0.130859375 0.2900390625 0.0234375 0.044921875
0 0.1220703125 0.1767578125 0.021484375 0.044921875
0 0.25390625 0.5771484375 0.01953125 0.037109375
0 0.2763671875 0.5791015625 0.025390625 0.041015625
0 0.2978515625 0.5791015625 0.017578125 0.041015625
0 0.2333984375 0.4306640625 0.021484375 0.037109375
0 0.25390625 0.427734375 0.01953125 0.03125
0 0.29296875 0.427734375 0.01953125 0.0390625
