0 0.974609375 0.5615234375 0.0390625 0.029296875
0 0.8798828125 0.5634765625 0.041015625 0.021484375
0 0.84375 0.50390625 0.046875 0.0234375
0 0.794921875 0.505859375 0.0390625 0.0234375
0 0.6875 0.4951171875 0.01953125 0.041015625
0 0.5361328125 0.501953125 0.029296875 0.04296875
0 0.5087890625 0.5 0.021484375 0.0390625
0 0.966796875 0.2060546875 0.02734375 0.029296875
0 0.0654296875 0.2138671875 0.029296875 0.048828125
0 0.4306640625 0.43359375 0.017578125 0.0390625
0 0.4404296875 0.48046875 0.017578125 0.03125
