0 0.11328125 0.0537109375 0.0390625 0.021484375
0 0.794921875 0.49609375 0.01953125 0.02734375
0 0.7373046875 0.576171875 0.037109375 0.01953125
0 0.7392578125 0.5966796875 0.041015625 0.021484375
0 0.6640625 0.611328125 0.01953125 0.03515625
0 0.548828125 0.615234375 0.04296875 0.01953125
0 0.5390625 0.6435546875 0.0234375 0.037109375
0 0.5634765625 0.642578125 0.017578125 0.03515625
0 0.5078125 0.64453125 0.01953125 0.04296875
0 0.6005859375 0.7021484375 0.041015625 0.017578125
0 0.6005859375 0.7236328125 0.041015625 0.025390625
0 0.326171875 0.953125 0.03515625 0.03515625
