0 0.2275390625 0.0634765625 0.041015625 0.021484375
0 0.4228515625 0.0771484375 0.041015625 0.021484375
0 0.330078125 0.11328125 0.0390625 0.01953125
0 0.5859375 0.119140625 0.046875 0.03125
1 0.65234375 0.212890625 0.0390625 0.0703125
1 0.763671875 0.2646484375 0.02734375 0.060546875
1 0.7705078125 0.333984375 0.025390625 0.05859375
1 0.771484375 0.39453125 0.02734375 0.0625
1 0.953125 0.150390625 0.0625 0.0234375
1 0.7802734375 0.619140625 0.021484375 0.05078125
1 0.7861328125 0.6865234375 0.021484375 0.052734375
0 0.6787109375 0.5625 0.021484375 0.0390625
0 0.68359375 0.703125 0.01953125 0.0390625
0 0.6884765625 0.87890625 0.017578125 0.0390625
