0 0.955078125 0.01171875 0.0390625 0.01953125
0 0.9619140625 0.033203125 0.037109375 0.0234375
0 0.9580078125 0.0712890625 0.044921875 0.017578125
0 0.9638671875 0.0908203125 0.037109375 0.021484375
0 0.955078125 0.1123046875 0.0390625 0.017578125
0 0.962890625 0.1494140625 0.0390625 0.017578125
0 0.96484375 0.169921875 0.04296875 0.0234375
0 0.8662109375 0.3671875 0.021484375 0.03515625
0 0.84375 0.3603515625 0.0234375 0.037109375
0 0.8154296875 0.361328125 0.021484375 0.03515625
0 0.7744140625 0.3662109375 0.025390625 0.037109375
0 0.75 0.3681640625 0.0234375 0.033203125
0 0.70703125 0.3681640625 0.0234375 0.037109375
0 0.6650390625 0.369140625 0.017578125 0.04296875
0 0.89453125 0.767578125 0.04296875 0.02734375
0 0.9130859375 0.73046875 0.021484375 0.03515625
0 0.646484375 0.845703125 0.01953125 0.04296875
0 0.6669921875 0.8359375 0.021484375 0.0390625
0 0.7099609375 0.845703125 0.021484375 0.0390625
0 0.734375 0.837890625 0.015625 0.03515625
0 0.75390625 0.84375 0.0234375 0.03515625
0 0.796875 0.8369140625 0.01953125 0.041015625
0 0.8212890625 0.837890625 0.029296875 0.0390625
0 0.86328125 0.833984375 0.01953125 0.03515625
0 0.90625 0.8369140625 0.01953125 0.033203125
0 0.92578125 0.83203125 0.01953125 0.0390625
0 0.923828125 0.884765625 0.0390625 0.01953125
0 0.01953125 0.20703125 0.0234375 0.04296875
0 0.271484375 0.322265625 0.04296875 0.01171875
0 0.2626953125 0.3017578125 0.041015625 0.013671875
0 0.2607421875 0.26171875 0.041015625 0.015625
0 0.26171875 0.22265625 0.03515625 0.015625
0 0.2626953125 0.1669921875 0.037109375 0.017578125
0 0.2646484375 0.1494140625 0.033203125 0.017578125
0 0.2646484375 0.1328125 0.033203125 0.015625
0 0.263671875 0.1181640625 0.03515625 0.013671875
0 0.2587890625 0.0966796875 0.044921875 0.013671875
0 0.2568359375 0.0732421875 0.041015625 0.013671875
0 0.259765625 0.0361328125 0.04296875 0.013671875
0 0.251953125 0.0107421875 0.03515625 0.017578125
0 0.5419921875 0.02734375 0.033203125 0.015625
0 0.556640625 0.0634765625 0.01171875 0.029296875
0 0.5966796875 0.0673828125 0.013671875 0.033203125
0 0.6201171875 0.0576171875 0.017578125 0.033203125
0 0.6611328125 0.0712890625 0.037109375 0.021484375
0 0.3134765625 0.3134765625 0.017578125 0.037109375
0 0.42578125 0.3740234375 0.015625 0.033203125
0 0.4462890625 0.375 0.013671875 0.03125
0 0.4697265625 0.3779296875 0.013671875 0.033203125
0 0.4912109375 0.376953125 0.013671875 0.02734375
0 0.513671875 0.3798828125 0.015625 0.033203125
0 0.537109375 0.3828125 0.015625 0.02734375
0 0.6015625 0.3720703125 0.015625 0.029296875
0 0.6455078125 0.3720703125 0.017578125 0.033203125
0 0.0166015625 0.423828125 0.013671875 0.04296875
0 0.4677734375 0.748046875 0.017578125 0.03515625
0 0.4912109375 0.74609375 0.017578125 0.03515625
0 0.537109375 0.748046875 0.01953125 0.04296875
0 0.5556640625 0.7431640625 0.017578125 0.033203125
0 0.578125 0.748046875 0.015625 0.03125
0 0.595703125 0.74609375 0.01953125 0.02734375
0 0.666015625 0.7470703125 0.01953125 0.029296875
0 0.623046875 0.8447265625 0.01953125 0.037109375
0 0.6005859375 0.833984375 0.013671875 0.03515625
0 0.5771484375 0.8408203125 0.017578125 0.033203125
0 0.556640625 0.8466796875 0.01171875 0.033203125
0 0.5361328125 0.845703125 0.013671875 0.03515625
0 0.515625 0.8466796875 0.01171875 0.029296875
0 0.4921875 0.849609375 0.015625 0.03125
0 0.46875 0.853515625 0.01171875 0.03515625
