0 0.08203125 0.3291015625 0.03515625 0.021484375
0 0.19140625 0.4091796875 0.01953125 0.037109375
0 0.22265625 0.39453125 0.0390625 0.01953125
0 0.19140625 0.462890625 0.01953125 0.0390625
0 0.2275390625 0.4765625 0.041015625 0.015625
0 0.421875 0.419921875 0.015625 0.03125
0 0.4453125 0.4248046875 0.01953125 0.037109375
0 0.4658203125 0.4140625 0.017578125 0.03515625
0 0.490234375 0.4189453125 0.0234375 0.033203125
0 0.548828125 0.42578125 0.0390625 0.01953125
0 0.5537109375 0.4462890625 0.033203125 0.013671875
0 0.5556640625 0.462890625 0.037109375 0.01953125
0 0.556640625 0.490234375 0.03515625 0.01953125
0 0.50390625 0.4775390625 0.0234375 0.044921875
0 0.224609375 0.455078125 0.03515625 0.01953125
0 0.2333984375 0.564453125 0.041015625 0.01953125
0 0.2353515625 0.5830078125 0.033203125 0.013671875
0 0.2275390625 0.6025390625 0.037109375 0.017578125
0 0.234375 0.6552734375 0.0390625 0.017578125
0 0.234375 0.677734375 0.04296875 0.015625
1 0.05859375 0.888671875 0.078125 0.0234375
