1 0.6005859375 0.2216796875 0.029296875 0.087890625
1 0.6025390625 0.318359375 0.029296875 0.08984375
1 0.611328125 0.419921875 0.02734375 0.08984375
1 0.6123046875 0.552734375 0.025390625 0.0859375
1 0.5947265625 0.10546875 0.025390625 0.0859375
1 0.693359375 0.0625 0.0546875 0.0625
1 0.6767578125 0.125 0.041015625 0.0390625
1 0.697265625 0.14453125 0.046875 0.06640625
1 0.69921875 0.2080078125 0.0625 0.060546875
1 0.697265625 0.2548828125 0.05859375 0.060546875
1 0.701171875 0.29296875 0.05078125 0.06640625
1 0.7060546875 0.3525390625 0.052734375 0.056640625
1 0.70703125 0.4267578125 0.05859375 0.068359375
1 0.71484375 0.4716796875 0.05859375 0.064453125
1 0.6640625 0.7314453125 0.0234375 0.072265625
1 0.7109375 0.7177734375 0.02734375 0.087890625
1 0.6982421875 0.8017578125 0.029296875 0.064453125
1 0.72265625 0.9228515625 0.05078125 0.021484375
1 0.791015625 0.111328125 0.0234375 0.08203125
1 0.8466796875 0.12890625 0.021484375 0.0859375
1 0.794921875 0.208984375 0.0234375 0.0859375
1 0.849609375 0.22265625 0.0234375 0.08984375
