0 0.060546875 0.8798828125 0.03125 0.041015625
0 0.2138671875 0.958984375 0.017578125 0.03515625
0 0.236328125 0.958984375 0.015625 0.03515625
0 0.337890625 0.9560546875 0.015625 0.033203125
0 0.361328125 0.9560546875 0.015625 0.029296875
0 0.2734375 0.91796875 0.015625 0.02734375
0 0.42578125 0.8916015625 0.03125 0.017578125
0 0.28515625 0.841796875 0.0390625 0.015625
0 0.283203125 0.8212890625 0.04296875 0.017578125
0 0.28125 0.7841796875 0.03125 0.017578125
0 0.283203125 0.7509765625 0.0390625 0.017578125
0 0.283203125 0.7314453125 0.04296875 0.017578125
0 0.2802734375 0.6806640625 0.037109375 0.017578125
0 0.3046875 0.650390625 0.02734375 0.046875
0 0.2744140625 0.658203125 0.037109375 0.015625
0 0.2734375 0.5849609375 0.0390625 0.021484375
0 0.275390625 0.55078125 0.0390625 0.015625
0 0.26953125 0.533203125 0.03515625 0.015625
0 0.2705078125 0.51171875 0.041015625 0.015625
0 0.27734375 0.4599609375 0.01953125 0.029296875
0 0.2529296875 0.349609375 0.017578125 0.03515625
0 0.353515625 0.802734375 0.02734375 0.02734375
0 0.369140625 0.7275390625 0.04296875 0.017578125
0 0.3720703125 0.7099609375 0.037109375 0.013671875
0 0.37109375 0.6923828125 0.04296875 0.017578125
0 0.369140625 0.66015625 0.03515625 0.01953125
0 0.37109375 0.6220703125 0.03515625 0.017578125
0 0.4130859375 0.5869140625 0.037109375 0.017578125
0 0.6572265625 0.9482421875 0.017578125 0.033203125
0 0.6064453125 0.947265625 0.017578125 0.03515625
0 0.580078125 0.9462890625 0.015625 0.029296875
0 0.705078125 0.8828125 0.0390625 0.015625
0 0.69921875 0.8603515625 0.03125 0.017578125
0 0.7001953125 0.8017578125 0.033203125 0.017578125
0 0.509765625 0.658203125 0.03515625 0.015625
0 0.5107421875 0.6396484375 0.037109375 0.017578125
0 0.6162109375 0.669921875 0.033203125 0.01953125
0 0.6123046875 0.619140625 0.021484375 0.0390625
0 0.6904296875 0.5791015625 0.044921875 0.021484375
0 0.6796875 0.4033203125 0.0390625 0.017578125
0 0.67578125 0.3427734375 0.0390625 0.017578125
0 0.6787109375 0.2958984375 0.037109375 0.017578125
0 0.6748046875 0.2412109375 0.037109375 0.017578125
0 0.6728515625 0.1943359375 0.041015625 0.017578125
0 0.6708984375 0.16015625 0.041015625 0.01953125
0 0.6689453125 0.1171875 0.041015625 0.015625
0 0.6728515625 0.138671875 0.041015625 0.015625
0 0.41015625 0.0732421875 0.01953125 0.009765625
0 0.4169921875 0.625 0.033203125 0.015625
