0 0.9638671875 0.060546875 0.029296875 0.03125
0 0.9345703125 0.083984375 0.029296875 0.02734375
0 0.9189453125 0.10546875 0.029296875 0.03125
0 0.96484375 0.216796875 0.0390625 0.0390625
0 0.5068359375 0.7177734375 0.037109375 0.033203125
0 0.525390625 0.7314453125 0.03125 0.033203125
0 0.64453125 0.63671875 0.03125 0.03515625
0 0.62890625 0.650390625 0.03125 0.03125
0 0.6103515625 0.662109375 0.041015625 0.0390625
0 0.5966796875 0.6787109375 0.037109375 0.041015625
0 0.5849609375 0.697265625 0.033203125 0.03515625
0 0.7392578125 0.6826171875 0.029296875 0.033203125
0 0.7490234375 0.666015625 0.033203125 0.03515625
0 0.7734375 0.630859375 0.03515625 0.0390625
0 0.7998046875 0.59765625 0.041015625 0.03515625
0 0.845703125 0.5595703125 0.0390625 0.037109375
0 0.6376953125 0.5546875 0.033203125 0.03125
