0 0.189453125 0.416015625 0.03515625 0.01953125
0 0.26953125 0.416015625 0.0390625 0.01953125
0 0.2724609375 0.388671875 0.041015625 0.01953125
0 0.333984375 0.38671875 0.04296875 0.0234375
0 0.330078125 0.4140625 0.0390625 0.0234375
0 0.390625 0.38671875 0.04296875 0.0234375
0 0.447265625 0.3828125 0.0390625 0.01953125
0 0.478515625 0.43359375 0.0390625 0.01953125
0 0.5283203125 0.4033203125 0.037109375 0.021484375
0 0.609375 0.42578125 0.03125 0.015625
0 0.6552734375 0.4228515625 0.037109375 0.021484375
0 0.5078125 0.376953125 0.03515625 0.015625
0 0.58203125 0.3525390625 0.03125 0.017578125
0 0.60546875 0.2109375 0.0390625 0.015625
0 0.828125 0.087890625 0.01953125 0.0390625
0 0.9248046875 0.060546875 0.017578125 0.0390625
