0 0.1337890625 0.5595703125 0.029296875 0.037109375
0 0.1435546875 0.2939453125 0.025390625 0.037109375
0 0.23046875 0.6357421875 0.0390625 0.017578125
0 0.603515625 0.423828125 0.015625 0.02734375
0 0.5263671875 0.3525390625 0.029296875 0.025390625
0 0.5322265625 0.3974609375 0.033203125 0.021484375
0 0.7978515625 0.1455078125 0.037109375 0.017578125
0 0.798828125 0.1669921875 0.03515625 0.017578125
0 0.6953125 0.0732421875 0.01953125 0.033203125
0 0.802734375 0.205078125 0.0390625 0.01953125
