0 0.6767578125 0.66015625 0.041015625 0.03125
0 0.53125 0.4736328125 0.04296875 0.017578125
0 0.5302734375 0.4951171875 0.037109375 0.017578125
0 0.525390625 0.5400390625 0.03515625 0.017578125
0 0.669921875 0.5419921875 0.0390625 0.021484375
0 0.53515625 0.5927734375 0.04296875 0.025390625
0 0.529296875 0.43359375 0.0390625 0.01953125
0 0.5302734375 0.408203125 0.041015625 0.015625
0 0.3017578125 0.248046875 0.017578125 0.03515625
0 0.5107421875 0.0703125 0.017578125 0.03515625
0 0.5478515625 0.064453125 0.017578125 0.03515625
0 0.49609375 0.1591796875 0.01953125 0.033203125
0 0.6796875 0.02734375 0.0390625 0.015625
0 0.6904296875 0.1328125 0.037109375 0.015625
0 0.6904296875 0.16015625 0.052734375 0.0234375
0 0.798828125 0.642578125 0.0234375 0.06640625
