0 0.8955078125 0.0283203125 0.013671875 0.037109375
0 0.875 0.0283203125 0.01171875 0.037109375
0 0.8544921875 0.033203125 0.013671875 0.03125
0 0.83984375 0.03125 0.015625 0.03515625
0 0.8173828125 0.03125 0.013671875 0.0390625
0 0.7763671875 0.03125 0.017578125 0.0390625
0 0.9736328125 0.111328125 0.013671875 0.03515625
0 0.9521484375 0.11328125 0.013671875 0.0390625
0 0.9384765625 0.1162109375 0.013671875 0.033203125
0 0.9169921875 0.1142578125 0.013671875 0.037109375
0 0.8974609375 0.1142578125 0.013671875 0.037109375
0 0.8828125 0.1142578125 0.015625 0.037109375
0 0.861328125 0.11328125 0.01171875 0.03515625
0 0.8427734375 0.1123046875 0.013671875 0.033203125
0 0.8232421875 0.11328125 0.013671875 0.0390625
0 0.8046875 0.119140625 0.015625 0.03515625
0 0.78515625 0.1201171875 0.015625 0.037109375
0 0.7646484375 0.1162109375 0.017578125 0.033203125
0 0.7490234375 0.1181640625 0.013671875 0.029296875
0 0.7275390625 0.119140625 0.017578125 0.03515625
0 0.6220703125 0.123046875 0.029296875 0.02734375
0 0.5966796875 0.138671875 0.017578125 0.02734375
0 0.4208984375 0.1396484375 0.021484375 0.044921875
0 0.5234375 0.193359375 0.01953125 0.04296875
0 0.546875 0.1943359375 0.015625 0.033203125
0 0.568359375 0.1943359375 0.01953125 0.029296875
0 0.5927734375 0.1982421875 0.017578125 0.033203125
0 0.6376953125 0.193359375 0.021484375 0.04296875
0 0.61328125 0.189453125 0.015625 0.03125
0 0.662109375 0.1943359375 0.015625 0.037109375
0 0.6826171875 0.1943359375 0.025390625 0.033203125
0 0.708984375 0.1875 0.015625 0.03125
0 0.7294921875 0.1943359375 0.009765625 0.025390625
0 0.7529296875 0.1884765625 0.021484375 0.037109375
0 0.775390625 0.185546875 0.01953125 0.0390625
0 0.7998046875 0.185546875 0.013671875 0.03125
0 0.8466796875 0.181640625 0.017578125 0.0390625
0 0.869140625 0.1767578125 0.01171875 0.033203125
0 0.8896484375 0.1767578125 0.013671875 0.041015625
0 0.912109375 0.1748046875 0.015625 0.033203125
0 0.935546875 0.177734375 0.015625 0.0390625
0 0.98046875 0.1748046875 0.015625 0.037109375
0 0.4677734375 0.2744140625 0.060546875 0.033203125
0 0.6357421875 0.26953125 0.064453125 0.0234375
0 0.794921875 0.310546875 0.01953125 0.03515625
0 0.8271484375 0.310546875 0.021484375 0.03515625
0 0.693359375 0.3837890625 0.02734375 0.033203125
0 0.75 0.3818359375 0.02734375 0.037109375
0 0.779296875 0.3818359375 0.03125 0.037109375
0 0.9033203125 0.375 0.029296875 0.0390625
0 0.9638671875 0.375 0.029296875 0.0390625
