0 0.80859375 0.21484375 0.0390625 0.0234375
0 0.912109375 0.2109375 0.0390625 0.01953125
0 0.953125 0.208984375 0.04296875 0.015625
0 0.6787109375 0.4677734375 0.017578125 0.033203125
0 0.7216796875 0.466796875 0.021484375 0.04296875
0 0.7412109375 0.46484375 0.017578125 0.0390625
0 0.76171875 0.4658203125 0.0234375 0.041015625
0 0.78515625 0.4658203125 0.0234375 0.041015625
0 0.826171875 0.46484375 0.01953125 0.03515625
0 0.873046875 0.4619140625 0.015625 0.037109375
0 0.896484375 0.4609375 0.01953125 0.0390625
0 0.8759765625 0.552734375 0.017578125 0.03515625
0 0.916015625 0.4580078125 0.01953125 0.033203125
0 0.939453125 0.455078125 0.015625 0.02734375
0 0.9599609375 0.4560546875 0.013671875 0.033203125
0 0.1337890625 0.7646484375 0.021484375 0.033203125
0 0.0849609375 0.888671875 0.041015625 0.0234375
0 0.080078125 0.9150390625 0.0390625 0.013671875
0 0.1533203125 0.9453125 0.021484375 0.0390625
0 0.427734375 0.9912109375 0.03515625 0.017578125
0 0.427734375 0.9716796875 0.03515625 0.013671875
0 0.4248046875 0.9501953125 0.037109375 0.017578125
0 0.4228515625 0.9130859375 0.037109375 0.017578125
0 0.421875 0.892578125 0.03515625 0.015625
0 0.4208984375 0.87109375 0.041015625 0.015625
0 0.41796875 0.8525390625 0.0390625 0.021484375
0 0.41796875 0.8271484375 0.03125 0.017578125
0 0.4228515625 0.8076171875 0.041015625 0.017578125
0 0.4150390625 0.7861328125 0.033203125 0.017578125
0 0.4150390625 0.7685546875 0.033203125 0.017578125
0 0.4140625 0.7509765625 0.03515625 0.017578125
0 0.5166015625 0.7919921875 0.041015625 0.021484375
0 0.5263671875 0.826171875 0.037109375 0.01953125
0 0.5244140625 0.8466796875 0.041015625 0.021484375
0 0.52734375 0.88671875 0.04296875 0.01953125
0 0.1044921875 0.2275390625 0.025390625 0.056640625
0 0.146484375 0.3740234375 0.0234375 0.037109375
0 0.052734375 0.3662109375 0.0390625 0.017578125
0 0.05078125 0.390625 0.03125 0.01171875
0 0.0517578125 0.41015625 0.029296875 0.01171875
0 0.05859375 0.4287109375 0.03125 0.013671875
0 0.05859375 0.451171875 0.03125 0.015625
0 0.056640625 0.47265625 0.03515625 0.015625
0 0.0576171875 0.49609375 0.033203125 0.015625
0 0.0576171875 0.5166015625 0.033203125 0.009765625
0 0.060546875 0.53515625 0.03125 0.01171875
0 0.0595703125 0.556640625 0.033203125 0.01171875
0 0.0634765625 0.576171875 0.033203125 0.01171875
0 0.06640625 0.6328125 0.02734375 0.0234375
0 0.078125 0.6552734375 0.02734375 0.021484375
0 0.0693359375 0.6806640625 0.021484375 0.013671875
0 0.13671875 0.7744140625 0.0234375 0.044921875
0 0.2607421875 0.4794921875 0.017578125 0.033203125
0 0.2802734375 0.4814453125 0.021484375 0.037109375
0 0.30078125 0.4775390625 0.01953125 0.029296875
0 0.322265625 0.4794921875 0.0234375 0.033203125
0 0.3486328125 0.4765625 0.013671875 0.03515625
0 0.365234375 0.4755859375 0.01953125 0.033203125
0 0.38671875 0.4755859375 0.0234375 0.033203125
0 0.4013671875 0.6025390625 0.037109375 0.021484375
0 0.40625 0.623046875 0.03515625 0.015625
0 0.4091796875 0.6435546875 0.033203125 0.013671875
0 0.4111328125 0.6630859375 0.037109375 0.017578125
0 0.41015625 0.6875 0.03125 0.015625
0 0.41015625 0.708984375 0.03515625 0.015625
0 0.41015625 0.7275390625 0.04296875 0.013671875
0 0.4814453125 0.685546875 0.021484375 0.0390625
0 0.494140625 0.7421875 0.015625 0.03515625
0 0.5185546875 0.47265625 0.021484375 0.0390625
0 0.5439453125 0.4697265625 0.013671875 0.037109375
0 0.56640625 0.46875 0.015625 0.03515625
0 0.6103515625 0.470703125 0.017578125 0.03515625
0 0.5654296875 0.4990234375 0.056640625 0.021484375
0 0.67578125 0.4677734375 0.0234375 0.037109375
0 0.5751953125 0.22265625 0.044921875 0.0234375
0 0.521484375 0.220703125 0.03125 0.0234375
0 0.400390625 0.177734375 0.03125 0.03125
0 0.6220703125 0.041015625 0.017578125 0.0390625
0 0.896484375 0.9638671875 0.03515625 0.041015625
