0 0.2109375 0.849609375 0.01953125 0.04296875
0 0.2314453125 0.7646484375 0.017578125 0.041015625
0 0.1572265625 0.6025390625 0.017578125 0.025390625
0 0.2685546875 0.5986328125 0.021484375 0.044921875
0 0.2958984375 0.59765625 0.021484375 0.04296875
0 0.388671875 0.57421875 0.01953125 0.03515625
0 0.42578125 0.5634765625 0.015625 0.033203125
0 0.5048828125 0.5908203125 0.013671875 0.033203125
0 0.525390625 0.58984375 0.015625 0.04296875
0 0.5966796875 0.5859375 0.017578125 0.046875
0 0.6640625 0.7802734375 0.01953125 0.041015625
0 0.673828125 0.96875 0.01953125 0.0390625
0 0.7744140625 0.552734375 0.017578125 0.03125
0 0.8251953125 0.5576171875 0.017578125 0.037109375
0 0.8515625 0.5546875 0.02734375 0.03515625
0 0.9091796875 0.5458984375 0.021484375 0.029296875
0 0.8583984375 0.119140625 0.041015625 0.0234375
0 0.84765625 0.2060546875 0.046875 0.025390625
0 0.412109375 0.1611328125 0.046875 0.021484375
0 0.8583984375 0.0498046875 0.041015625 0.021484375
0 0.8583984375 0.02734375 0.041015625 0.0234375
