0 0.6513671875 0.08984375 0.029296875 0.0390625
0 0.4228515625 0.3408203125 0.029296875 0.041015625
0 0.3955078125 0.3466796875 0.029296875 0.052734375
0 0.3740234375 0.35546875 0.029296875 0.046875
0 0.3544921875 0.3623046875 0.025390625 0.041015625
0 0.3037109375 0.3671875 0.033203125 0.04296875
0 0.2646484375 0.388671875 0.029296875 0.0390625
0 0.2431640625 0.4033203125 0.021484375 0.037109375
0 0.2158203125 0.416015625 0.025390625 0.03515625
0 0.19921875 0.4228515625 0.0234375 0.033203125
0 0.14453125 0.4306640625 0.02734375 0.037109375
0 0.1962890625 0.38671875 0.037109375 0.0234375
1 0.7421875 0.9423828125 0.06640625 0.048828125
0 0.833984375 0.935546875 0.02734375 0.03515625
0 0.53125 0.83203125 0.0234375 0.03515625
0 0.3828125 0.8330078125 0.02734375 0.037109375
0 0.4384765625 0.814453125 0.021484375 0.0390625
0 0.5126953125 0.78515625 0.029296875 0.0390625
0 0.53125 0.7744140625 0.02734375 0.037109375
0 0.5634765625 0.7685546875 0.021484375 0.033203125
0 0.5888671875 0.7578125 0.017578125 0.03125
0 0.609375 0.7490234375 0.0234375 0.037109375
0 0.376953125 0.7958984375 0.03515625 0.025390625
0 0.392578125 0.7744140625 0.03515625 0.025390625
0 0.654296875 0.576171875 0.03515625 0.0234375
0 0.6103515625 0.474609375 0.033203125 0.03125
0 0.6376953125 0.529296875 0.033203125 0.02734375
0 0.6611328125 0.5966796875 0.029296875 0.025390625
0 0.66796875 0.6142578125 0.02734375 0.017578125
0 0.6708984375 0.630859375 0.029296875 0.03125
0 0.5966796875 0.43359375 0.029296875 0.02734375
0 0.5849609375 0.4111328125 0.029296875 0.029296875
