0 0.1845703125 0.2451171875 0.021484375 0.041015625
0 0.2763671875 0.142578125 0.017578125 0.04296875
0 0.314453125 0.1171875 0.01953125 0.04296875
0 0.3955078125 0.1181640625 0.017578125 0.037109375
0 0.4130859375 0.11328125 0.021484375 0.0390625
0 0.435546875 0.130859375 0.0234375 0.03515625
0 0.455078125 0.138671875 0.0234375 0.0390625
0 0.8564453125 0.3916015625 0.021484375 0.041015625
0 0.833984375 0.4287109375 0.04296875 0.021484375
0 0.8974609375 0.4267578125 0.041015625 0.025390625
0 0.64453125 0.8388671875 0.03515625 0.033203125
0 0.587890625 0.8935546875 0.03125 0.029296875
0 0.6435546875 0.9365234375 0.029296875 0.029296875
0 0.2705078125 0.845703125 0.037109375 0.0390625
0 0.3212890625 0.9296875 0.025390625 0.03125
