0 0.9755859375 0.0263671875 0.017578125 0.037109375
0 0.8564453125 0.0400390625 0.021484375 0.029296875
0 0.798828125 0.0517578125 0.04296875 0.017578125
0 0.74609375 0.052734375 0.0390625 0.01953125
0 0.0966796875 0.056640625 0.017578125 0.03515625
0 0.265625 0.0302734375 0.01953125 0.033203125
0 0.314453125 0.0498046875 0.015625 0.029296875
0 0.3359375 0.0458984375 0.01953125 0.037109375
0 0.3564453125 0.0478515625 0.013671875 0.033203125
0 0.26171875 0.1494140625 0.03515625 0.017578125
0 0.40625 0.1650390625 0.01953125 0.033203125
0 0.48828125 0.1630859375 0.01953125 0.041015625
0 0.5556640625 0.1572265625 0.021484375 0.037109375
0 0.6005859375 0.15625 0.021484375 0.0390625
0 0.1708984375 0.2568359375 0.025390625 0.037109375
0 0.1826171875 0.3310546875 0.017578125 0.029296875
0 0.265625 0.564453125 0.04296875 0.01953125
0 0.1943359375 0.5986328125 0.017578125 0.041015625
0 0.1923828125 0.5400390625 0.017578125 0.033203125
0 0.19140625 0.5029296875 0.015625 0.033203125
0 0.1904296875 0.4658203125 0.017578125 0.029296875
0 0.19921875 0.6767578125 0.015625 0.029296875
0 0.8251953125 0.1533203125 0.017578125 0.029296875
0 0.474609375 0.01953125 0.015625 0.0234375
0 0.427734375 0.0361328125 0.01953125 0.041015625
