0 0.32421875 0.033203125 0.03515625 0.03515625
0 0.615234375 0.1298828125 0.0390625 0.037109375
0 0.609375 0.19140625 0.0390625 0.03515625
0 0.6357421875 0.2109375 0.037109375 0.0390625
0 0.484375 0.5048828125 0.0390625 0.021484375
0 0.4384765625 0.509765625 0.037109375 0.01953125
0 0.2080078125 0.623046875 0.021484375 0.0390625
0 0.34375 0.779296875 0.01953125 0.04296875
0 0.5078125 0.9248046875 0.03515625 0.017578125
0 0.4365234375 0.9013671875 0.021484375 0.037109375
0 0.3955078125 0.896484375 0.017578125 0.03515625
0 0.515625 0.943359375 0.0390625 0.01953125
0 0.5234375 0.6103515625 0.01953125 0.037109375
