0 0.6669921875 0.1064453125 0.017578125 0.037109375
0 0.5283203125 0.078125 0.033203125 0.02734375
0 0.5361328125 0.1044921875 0.037109375 0.017578125
0 0.5419921875 0.1259765625 0.044921875 0.021484375
0 0.568359375 0.142578125 0.0390625 0.015625
0 0.9091796875 0.04296875 0.056640625 0.0234375
0 0.9091796875 0.0693359375 0.037109375 0.017578125
0 0.9111328125 0.109375 0.044921875 0.015625
0 0.9189453125 0.1494140625 0.041015625 0.017578125
0 0.0126953125 0.2080078125 0.017578125 0.037109375
0 0.0341796875 0.20703125 0.017578125 0.03515625
0 0.0556640625 0.2080078125 0.017578125 0.037109375
0 0.0380859375 0.2705078125 0.037109375 0.017578125
0 0.099609375 0.2080078125 0.015625 0.029296875
0 0.12109375 0.2041015625 0.01953125 0.037109375
0 0.1416015625 0.2021484375 0.021484375 0.033203125
0 0.1708984375 0.203125 0.017578125 0.03125
0 0.138671875 0.3955078125 0.03515625 0.017578125
0 0.1474609375 0.4140625 0.037109375 0.01953125
0 0.1396484375 0.4365234375 0.033203125 0.013671875
0 0.1416015625 0.453125 0.037109375 0.01953125
0 0.142578125 0.4736328125 0.0390625 0.021484375
0 0.14453125 0.4921875 0.03125 0.015625
0 0.1767578125 0.521484375 0.021484375 0.05078125
0 0.1416015625 0.5126953125 0.037109375 0.017578125
0 0.140625 0.5302734375 0.03515625 0.017578125
0 0.1455078125 0.5478515625 0.044921875 0.017578125
0 0.0322265625 0.5078125 0.025390625 0.02734375
0 0.1513671875 0.5869140625 0.029296875 0.017578125
0 0.140625 0.60546875 0.03125 0.01953125
0 0.1484375 0.62890625 0.0390625 0.015625
0 0.15234375 0.6494140625 0.0390625 0.017578125
0 0.1572265625 0.68359375 0.037109375 0.01953125
0 0.154296875 0.7529296875 0.0390625 0.017578125
0 0.158203125 0.7724609375 0.03125 0.021484375
0 0.1572265625 0.794921875 0.044921875 0.015625
0 0.154296875 0.8125 0.0390625 0.01953125
0 0.1611328125 0.833984375 0.037109375 0.0234375
0 0.1572265625 0.8720703125 0.044921875 0.017578125
0 0.1630859375 0.8916015625 0.037109375 0.021484375
0 0.154296875 0.9130859375 0.0390625 0.017578125
0 0.162109375 0.9501953125 0.0390625 0.017578125
0 0.1640625 0.970703125 0.04296875 0.0234375
0 0.4697265625 0.248046875 0.044921875 0.0234375
0 0.4296875 0.3603515625 0.03515625 0.017578125
0 0.423828125 0.384765625 0.0390625 0.01953125
0 0.4326171875 0.4189453125 0.044921875 0.021484375
0 0.466796875 0.3701171875 0.0234375 0.037109375
0 0.4619140625 0.3349609375 0.021484375 0.033203125
0 0.484375 0.32421875 0.01953125 0.03515625
0 0.50390625 0.326171875 0.01953125 0.0390625
0 0.5244140625 0.3291015625 0.021484375 0.037109375
0 0.5625 0.3125 0.03515625 0.01953125
0 0.564453125 0.333984375 0.0390625 0.0234375
0 0.5625 0.3515625 0.03515625 0.01171875
0 0.5634765625 0.3671875 0.037109375 0.01953125
0 0.5654296875 0.3876953125 0.041015625 0.021484375
0 0.5595703125 0.40625 0.044921875 0.0234375
0 0.5498046875 0.439453125 0.037109375 0.01953125
0 0.4580078125 0.4462890625 0.041015625 0.021484375
0 0.4541015625 0.466796875 0.044921875 0.01953125
0 0.4560546875 0.486328125 0.037109375 0.01953125
0 0.4580078125 0.5048828125 0.041015625 0.017578125
0 0.4609375 0.5224609375 0.0390625 0.017578125
0 0.4609375 0.5400390625 0.0390625 0.017578125
0 0.45703125 0.560546875 0.04296875 0.01953125
0 0.4619140625 0.5791015625 0.041015625 0.017578125
0 0.4619140625 0.5966796875 0.041015625 0.017578125
0 0.4599609375 0.615234375 0.037109375 0.01953125
0 0.490234375 0.6025390625 0.0234375 0.041015625
0 0.48828125 0.5615234375 0.0234375 0.033203125
0 0.5244140625 0.5556640625 0.021484375 0.037109375
0 0.5244140625 0.5966796875 0.021484375 0.037109375
0 0.52734375 0.634765625 0.0234375 0.0390625
1 0.4609375 0.654296875 0.05078125 0.01953125
0 0.462890625 0.6689453125 0.03125 0.017578125
0 0.4658203125 0.6904296875 0.037109375 0.017578125
0 0.4658203125 0.7080078125 0.037109375 0.017578125
0 0.466796875 0.728515625 0.03515625 0.015625
0 0.46875 0.7470703125 0.0390625 0.017578125
0 0.466796875 0.7666015625 0.04296875 0.017578125
0 0.4677734375 0.78515625 0.044921875 0.01953125
0 0.5283203125 0.68359375 0.021484375 0.03125
0 0.53125 0.724609375 0.0234375 0.0390625
0 0.5322265625 0.7685546875 0.021484375 0.029296875
0 0.533203125 0.810546875 0.01953125 0.0390625
0 0.5361328125 0.8515625 0.021484375 0.03515625
0 0.537109375 0.896484375 0.0234375 0.0390625
0 0.474609375 0.8203125 0.03515625 0.01953125
0 0.47265625 0.841796875 0.04296875 0.01953125
0 0.4697265625 0.8564453125 0.044921875 0.021484375
0 0.474609375 0.876953125 0.03515625 0.01953125
0 0.4775390625 0.8974609375 0.041015625 0.021484375
0 0.478515625 0.916015625 0.0390625 0.015625
0 0.478515625 0.93359375 0.0390625 0.01953125
0 0.4814453125 0.955078125 0.037109375 0.015625
0 0.482421875 0.9736328125 0.03515625 0.021484375
0 0.4365234375 0.904296875 0.021484375 0.02734375
0 0.7080078125 0.9638671875 0.025390625 0.048828125
0 0.7666015625 0.7548828125 0.048828125 0.025390625
0 0.66015625 0.529296875 0.01953125 0.03515625
0 0.595703125 0.3837890625 0.02734375 0.033203125
0 0.724609375 0.3515625 0.01953125 0.03125
0 0.74609375 0.353515625 0.0234375 0.03515625
0 0.7421875 0.396484375 0.03125 0.01953125
0 0.7470703125 0.416015625 0.033203125 0.01953125
0 0.7783203125 0.3955078125 0.017578125 0.041015625
0 0.875 0.4033203125 0.0234375 0.041015625
0 0.8974609375 0.4052734375 0.021484375 0.044921875
0 0.916015625 0.12890625 0.03515625 0.01953125
0 0.91796875 0.169921875 0.0390625 0.01953125
0 0.921875 0.189453125 0.0390625 0.01953125
0 0.9248046875 0.2099609375 0.044921875 0.021484375
0 0.927734375 0.2294921875 0.03515625 0.017578125
0 0.923828125 0.25390625 0.03515625 0.01953125
0 0.92578125 0.294921875 0.03515625 0.015625
0 0.931640625 0.318359375 0.03125 0.015625
0 0.9306640625 0.3583984375 0.029296875 0.017578125
0 0.931640625 0.400390625 0.03125 0.015625
0 0.9306640625 0.4248046875 0.037109375 0.013671875
0 0.935546875 0.4482421875 0.0390625 0.017578125
0 0.9326171875 0.4677734375 0.041015625 0.017578125
0 0.9296875 0.5146484375 0.0390625 0.021484375
0 0.9443359375 0.552734375 0.037109375 0.0234375
0 0.947265625 0.6142578125 0.03515625 0.017578125
0 0.9482421875 0.63671875 0.037109375 0.015625
0 0.9501953125 0.6552734375 0.041015625 0.021484375
0 0.9482421875 0.681640625 0.037109375 0.01953125
0 0.9443359375 0.720703125 0.033203125 0.015625
0 0.947265625 0.7392578125 0.0390625 0.021484375
0 0.953125 0.76171875 0.0390625 0.0234375
0 0.953125 0.7861328125 0.046875 0.017578125
0 0.9560546875 0.8056640625 0.044921875 0.021484375
0 0.9541015625 0.826171875 0.041015625 0.01953125
0 0.765625 0.7177734375 0.03515625 0.025390625
0 0.9501953125 0.8466796875 0.037109375 0.017578125
0 0.95703125 0.88671875 0.03515625 0.01953125
0 0.95703125 0.9072265625 0.0390625 0.017578125
0 0.9599609375 0.943359375 0.044921875 0.01953125
0 0.9638671875 0.9619140625 0.041015625 0.017578125
0 0.9609375 0.9814453125 0.04296875 0.017578125
