0 0.962890625 0.021484375 0.04296875 0.01953125
0 0.513671875 0.037109375 0.02734375 0.0546875
0 0.7060546875 0.05078125 0.044921875 0.02734375
0 0.7646484375 0.0634765625 0.041015625 0.021484375
0 0.76171875 0.1865234375 0.03515625 0.017578125
0 0.6455078125 0.21484375 0.037109375 0.01953125
0 0.759765625 0.138671875 0.0390625 0.02734375
0 0.8291015625 0.1064453125 0.044921875 0.021484375
0 0.822265625 0.1259765625 0.03125 0.017578125
0 0.83203125 0.080078125 0.03515625 0.01953125
0 0.8740234375 0.0791015625 0.037109375 0.017578125
0 0.8720703125 0.025390625 0.037109375 0.015625
0 0.8203125 0.2158203125 0.04296875 0.017578125
0 0.8291015625 0.2626953125 0.044921875 0.021484375
0 0.96875 0.1083984375 0.046875 0.021484375
0 0.9736328125 0.3125 0.044921875 0.0234375
0 0.978515625 0.5166015625 0.0390625 0.025390625
0 0.892578125 0.4921875 0.0390625 0.01953125
0 0.771484375 0.482421875 0.04296875 0.0234375
0 0.765625 0.4404296875 0.04296875 0.029296875
0 0.7509765625 0.35546875 0.048828125 0.02734375
0 0.669921875 0.3388671875 0.04296875 0.021484375
0 0.7236328125 0.5546875 0.041015625 0.0234375
0 0.82421875 0.478515625 0.0390625 0.01953125
0 0.7763671875 0.3994140625 0.041015625 0.021484375
0 0.642578125 0.4921875 0.05078125 0.02734375
0 0.6376953125 0.4619140625 0.033203125 0.021484375
0 0.64453125 0.4384765625 0.03515625 0.021484375
0 0.8955078125 0.5791015625 0.041015625 0.025390625
0 0.900390625 0.6015625 0.03125 0.01953125
0 0.896484375 0.517578125 0.03515625 0.01953125
0 0.89453125 0.658203125 0.04296875 0.01953125
0 0.8935546875 0.470703125 0.037109375 0.0234375
0 0.8955078125 0.400390625 0.044921875 0.0234375
0 0.8955078125 0.37109375 0.041015625 0.01953125
0 0.892578125 0.3466796875 0.0390625 0.021484375
0 0.8916015625 0.32421875 0.041015625 0.0234375
0 0.76953125 0.2783203125 0.03515625 0.021484375
0 0.8271484375 0.2841796875 0.041015625 0.021484375
0 0.669921875 0.302734375 0.0390625 0.0234375
0 0.509765625 0.740234375 0.015625 0.0390625
0 0.8173828125 0.189453125 0.033203125 0.01953125
0 0.9736328125 0.2880859375 0.044921875 0.025390625
0 0.9755859375 0.2294921875 0.037109375 0.017578125
0 0.9755859375 0.1640625 0.037109375 0.01953125
0 0.98046875 0.2080078125 0.0390625 0.017578125
0 0.7646484375 0.1005859375 0.041015625 0.021484375
0 0.88671875 0.1728515625 0.0390625 0.017578125
0 0.8798828125 0.24609375 0.041015625 0.01953125
0 0.65625 0.5517578125 0.0390625 0.021484375
0 0.53125 0.5830078125 0.01953125 0.037109375
