0 0.48046875 0.037109375 0.03515625 0.01953125
0 0.5322265625 0.0390625 0.044921875 0.01953125
0 0.48828125 0.083984375 0.04296875 0.01953125
0 0.486328125 0.1708984375 0.03125 0.017578125
0 0.5380859375 0.21875 0.037109375 0.0234375
0 0.5927734375 0.1845703125 0.021484375 0.033203125
0 0.5400390625 0.130859375 0.041015625 0.01953125
0 0.4921875 0.2568359375 0.04296875 0.021484375
0 0.4033203125 0.3095703125 0.041015625 0.021484375
0 0.3642578125 0.388671875 0.041015625 0.01953125
0 0.5498046875 0.3447265625 0.033203125 0.021484375
0 0.4853515625 0.33203125 0.037109375 0.01953125
0 0.5546875 0.37890625 0.03125 0.015625
0 0.3916015625 0.4619140625 0.037109375 0.017578125
0 0.3984375 0.4892578125 0.04296875 0.017578125
0 0.5576171875 0.46484375 0.041015625 0.01953125
0 0.5556640625 0.486328125 0.041015625 0.015625
0 0.5576171875 0.544921875 0.037109375 0.01953125
0 0.5595703125 0.5634765625 0.033203125 0.017578125
0 0.4990234375 0.6025390625 0.041015625 0.021484375
0 0.5625 0.580078125 0.0390625 0.015625
0 0.560546875 0.59765625 0.03515625 0.01953125
0 0.509765625 0.6494140625 0.03515625 0.017578125
0 0.509765625 0.6865234375 0.03515625 0.021484375
0 0.3935546875 0.7080078125 0.041015625 0.021484375
0 0.3837890625 0.78515625 0.041015625 0.01953125
0 0.4931640625 0.7265625 0.037109375 0.01953125
0 0.564453125 0.740234375 0.04296875 0.01953125
0 0.568359375 0.775390625 0.04296875 0.01953125
0 0.51953125 0.8046875 0.0390625 0.01953125
0 0.521484375 0.826171875 0.03125 0.015625
0 0.5712890625 0.8291015625 0.041015625 0.021484375
0 0.57421875 0.8642578125 0.046875 0.021484375
0 0.39453125 0.833984375 0.0390625 0.015625
0 0.408203125 0.8994140625 0.03125 0.017578125
0 0.4130859375 0.9462890625 0.037109375 0.021484375
0 0.6474609375 0.8701171875 0.021484375 0.037109375
0 0.51953125 0.9091796875 0.04296875 0.017578125
0 0.57421875 0.919921875 0.04296875 0.015625
0 0.5234375 0.927734375 0.0390625 0.01953125
0 0.5263671875 0.951171875 0.041015625 0.01953125
0 0.578125 0.986328125 0.04296875 0.0234375
0 0.5751953125 0.935546875 0.033203125 0.015625
0 0.5751953125 0.9521484375 0.033203125 0.017578125
0 0.0908203125 0.361328125 0.025390625 0.046875
0 0.6396484375 0.0625 0.021484375 0.04296875
0 0.681640625 0.9482421875 0.0234375 0.044921875
0 0.8623046875 0.0615234375 0.029296875 0.017578125
0 0.8623046875 0.1005859375 0.033203125 0.013671875
0 0.86328125 0.1220703125 0.0390625 0.017578125
0 0.970703125 0.58203125 0.01953125 0.03125
0 0.947265625 0.583984375 0.01171875 0.03125
0 0.92578125 0.5810546875 0.015625 0.033203125
0 0.9013671875 0.58203125 0.013671875 0.03125
0 0.87890625 0.5859375 0.01953125 0.03515625
0 0.8134765625 0.58203125 0.017578125 0.03515625
0 0.7919921875 0.583984375 0.017578125 0.03515625
0 0.7666015625 0.5830078125 0.017578125 0.033203125
0 0.75 0.623046875 0.03515625 0.015625
0 0.95703125 0.7685546875 0.01953125 0.037109375
0 0.8935546875 0.7734375 0.041015625 0.01953125
0 0.89453125 0.810546875 0.0390625 0.01953125
0 0.8984375 0.830078125 0.03515625 0.01953125
0 0.9052734375 0.8515625 0.048828125 0.0234375
0 0.9033203125 0.8916015625 0.044921875 0.021484375
0 0.9052734375 0.912109375 0.041015625 0.01953125
0 0.90234375 0.9306640625 0.03515625 0.017578125
0 0.8994140625 0.9521484375 0.041015625 0.021484375
0 0.904296875 0.9736328125 0.03515625 0.021484375
