0 0.19140625 0.265625 0.0390625 0.01953125
0 0.7744140625 0.296875 0.017578125 0.03515625
0 0.587890625 0.3154296875 0.03515625 0.021484375
0 0.0908203125 0.3369140625 0.017578125 0.021484375
0 0.0419921875 0.4091796875 0.021484375 0.044921875
0 0.173828125 0.9443359375 0.01953125 0.033203125
0 0.451171875 0.501953125 0.01953125 0.0390625
0 0.470703125 0.5068359375 0.01953125 0.037109375
0 0.4482421875 0.5380859375 0.021484375 0.044921875
0 0.4697265625 0.546875 0.017578125 0.04296875
