0 0.7314453125 0.953125 0.041015625 0.04296875
1 0.2578125 0.46875 0.09375 0.03515625
0 0.234375 0.4267578125 0.046875 0.021484375
0 0.23828125 0.3759765625 0.03515625 0.017578125
0 0.2607421875 0.2958984375 0.052734375 0.017578125
0 0.25390625 0.2734375 0.0546875 0.02734375
0 0.42578125 0.419921875 0.0390625 0.015625
0 0.427734375 0.4404296875 0.04296875 0.025390625
0 0.4072265625 0.158203125 0.041015625 0.015625
0 0.408203125 0.1396484375 0.0390625 0.021484375
0 0.4111328125 0.095703125 0.041015625 0.0234375
0 0.2216796875 0.15625 0.044921875 0.02734375
0 0.2265625 0.0673828125 0.03515625 0.017578125
0 0.2275390625 0.0439453125 0.041015625 0.017578125
0 0.21875 0.015625 0.03515625 0.01953125
0 0.947265625 0.0986328125 0.0390625 0.017578125
0 0.923828125 0.2490234375 0.05078125 0.021484375
0 0.7763671875 0.2607421875 0.029296875 0.033203125
