0 0.0126953125 0.125 0.021484375 0.03515625
0 0.0380859375 0.123046875 0.017578125 0.03125
0 0.05859375 0.1259765625 0.015625 0.029296875
0 0.08203125 0.1259765625 0.015625 0.037109375
0 0.15234375 0.1220703125 0.015625 0.033203125
0 0.1689453125 0.06640625 0.033203125 0.01953125
0 0.17578125 0.126953125 0.015625 0.03125
0 0.193359375 0.119140625 0.015625 0.03515625
0 0.248046875 0.1181640625 0.01953125 0.037109375
0 0.2666015625 0.119140625 0.017578125 0.03515625
0 0.322265625 0.0615234375 0.0390625 0.017578125
0 0.4638671875 0.0556640625 0.037109375 0.021484375
0 0.3115234375 0.1171875 0.017578125 0.0390625
0 0.35546875 0.1171875 0.0234375 0.0390625
0 0.37890625 0.1181640625 0.015625 0.037109375
0 0.4013671875 0.1201171875 0.013671875 0.037109375
0 0.4228515625 0.115234375 0.017578125 0.03515625
0 0.44921875 0.119140625 0.0234375 0.03515625
0 0.4716796875 0.1123046875 0.017578125 0.041015625
0 0.5 0.1416015625 0.03125 0.033203125
0 0.49609375 0.185546875 0.0390625 0.015625
0 0.396484375 0.1982421875 0.0390625 0.017578125
0 0.396484375 0.2509765625 0.0390625 0.021484375
0 0.39453125 0.2880859375 0.04296875 0.017578125
0 0.3935546875 0.32421875 0.037109375 0.015625
0 0.3916015625 0.345703125 0.044921875 0.01953125
0 0.294921875 0.3037109375 0.03515625 0.017578125
0 0.294921875 0.32421875 0.0390625 0.015625
0 0.3095703125 0.3486328125 0.037109375 0.017578125
0 0.2373046875 0.3671875 0.037109375 0.01953125
0 0.2353515625 0.3876953125 0.037109375 0.017578125
0 0.330078125 0.4033203125 0.04296875 0.021484375
0 0.2353515625 0.4150390625 0.037109375 0.021484375
0 0.232421875 0.4326171875 0.03125 0.017578125
0 0.2255859375 0.4580078125 0.041015625 0.017578125
0 0.30859375 0.4326171875 0.03515625 0.017578125
0 0.314453125 0.4755859375 0.0390625 0.017578125
0 0.314453125 0.509765625 0.0390625 0.01953125
0 0.310546875 0.533203125 0.03125 0.015625
0 0.3134765625 0.5634765625 0.037109375 0.013671875
0 0.3271484375 0.6494140625 0.037109375 0.017578125
0 0.251953125 0.48046875 0.03515625 0.01953125
0 0.3330078125 0.6923828125 0.033203125 0.017578125
0 0.0234375 0.8154296875 0.01953125 0.041015625
0 0.0478515625 0.8115234375 0.017578125 0.037109375
0 0.0712890625 0.814453125 0.017578125 0.03515625
0 0.091796875 0.814453125 0.01953125 0.03125
0 0.1181640625 0.810546875 0.021484375 0.0390625
0 0.1416015625 0.8076171875 0.017578125 0.037109375
0 0.1611328125 0.806640625 0.017578125 0.03515625
0 0.185546875 0.80859375 0.01953125 0.03515625
0 0.2060546875 0.8115234375 0.017578125 0.037109375
0 0.2509765625 0.80859375 0.009765625 0.0234375
0 0.2685546875 0.8017578125 0.017578125 0.037109375
0 0.2919921875 0.8017578125 0.021484375 0.037109375
0 0.34375 0.806640625 0.01171875 0.0234375
0 0.3896484375 0.80078125 0.021484375 0.03515625
0 0.4130859375 0.8017578125 0.021484375 0.037109375
0 0.3681640625 0.80078125 0.013671875 0.03125
0 0.3935546875 0.3681640625 0.037109375 0.013671875
0 0.40234375 0.3876953125 0.0390625 0.013671875
0 0.404296875 0.4033203125 0.03125 0.017578125
0 0.4111328125 0.4208984375 0.041015625 0.013671875
0 0.419921875 0.4365234375 0.03515625 0.013671875
0 0.4228515625 0.453125 0.037109375 0.01953125
0 0.4033203125 0.4765625 0.041015625 0.015625
0 0.3974609375 0.4912109375 0.041015625 0.013671875
0 0.4111328125 0.52734375 0.037109375 0.01953125
0 0.4150390625 0.5458984375 0.025390625 0.013671875
0 0.419921875 0.5693359375 0.0390625 0.013671875
0 0.416015625 0.5947265625 0.0390625 0.013671875
0 0.41796875 0.61328125 0.0390625 0.015625
0 0.4248046875 0.634765625 0.037109375 0.01953125
0 0.4267578125 0.658203125 0.041015625 0.01953125
0 0.439453125 0.80078125 0.015625 0.03125
0 0.458984375 0.7978515625 0.01953125 0.037109375
0 0.4814453125 0.7958984375 0.021484375 0.041015625
0 0.50390625 0.7939453125 0.01953125 0.041015625
0 0.4970703125 0.2236328125 0.033203125 0.013671875
0 0.494140625 0.244140625 0.03515625 0.015625
0 0.498046875 0.2763671875 0.03125 0.017578125
0 0.4931640625 0.29296875 0.041015625 0.01953125
0 0.4951171875 0.314453125 0.041015625 0.01171875
0 0.4970703125 0.33203125 0.041015625 0.015625
0 0.49609375 0.3486328125 0.0390625 0.017578125
0 0.49609375 0.3701171875 0.0390625 0.017578125
0 0.5 0.3857421875 0.03515625 0.013671875
0 0.5 0.4033203125 0.0390625 0.013671875
0 0.4990234375 0.4189453125 0.037109375 0.017578125
0 0.5 0.4638671875 0.03515625 0.013671875
0 0.5048828125 0.482421875 0.037109375 0.015625
0 0.5087890625 0.5029296875 0.033203125 0.017578125
0 0.5029296875 0.5234375 0.037109375 0.01953125
0 0.505859375 0.548828125 0.0390625 0.015625
0 0.501953125 0.5693359375 0.03515625 0.017578125
0 0.5048828125 0.5859375 0.033203125 0.01171875
0 0.5068359375 0.6044921875 0.037109375 0.017578125
0 0.5048828125 0.6220703125 0.033203125 0.017578125
0 0.505859375 0.6416015625 0.0390625 0.017578125
0 0.50390625 0.658203125 0.03515625 0.015625
0 0.51171875 0.67578125 0.03515625 0.01953125
0 0.5185546875 0.7197265625 0.044921875 0.021484375
0 0.5634765625 0.6982421875 0.033203125 0.017578125
0 0.5966796875 0.693359375 0.017578125 0.03515625
0 0.619140625 0.6962890625 0.01953125 0.033203125
0 0.53515625 0.0537109375 0.03125 0.017578125
0 0.5732421875 0.0498046875 0.029296875 0.017578125
0 0.611328125 0.048828125 0.03515625 0.015625
0 0.66015625 0.0478515625 0.03515625 0.017578125
0 0.7197265625 0.0458984375 0.037109375 0.017578125
0 0.6552734375 0.1162109375 0.041015625 0.021484375
0 0.548828125 0.1904296875 0.03125 0.013671875
0 0.548828125 0.2109375 0.03125 0.015625
0 0.548828125 0.2314453125 0.03125 0.013671875
0 0.55078125 0.251953125 0.03125 0.015625
0 0.55078125 0.271484375 0.03515625 0.015625
0 0.552734375 0.2900390625 0.03125 0.009765625
0 0.548828125 0.30859375 0.03515625 0.015625
0 0.5537109375 0.330078125 0.033203125 0.015625
0 0.55078125 0.3505859375 0.03515625 0.013671875
0 0.5556640625 0.3701171875 0.037109375 0.013671875
0 0.5498046875 0.3916015625 0.041015625 0.017578125
0 0.6015625 0.4111328125 0.03515625 0.029296875
0 0.626953125 0.3798828125 0.015625 0.033203125
0 0.6259765625 0.3388671875 0.017578125 0.037109375
0 0.587890625 0.1728515625 0.015625 0.037109375
0 0.625 0.236328125 0.015625 0.03515625
0 0.6572265625 0.146484375 0.037109375 0.015625
0 0.65625 0.1826171875 0.03515625 0.017578125
0 0.658203125 0.2236328125 0.03515625 0.013671875
0 0.66015625 0.24609375 0.03125 0.015625
0 0.6591796875 0.267578125 0.041015625 0.01953125
0 0.658203125 0.2841796875 0.03515625 0.013671875
0 0.662109375 0.3056640625 0.03125 0.017578125
0 0.666015625 0.326171875 0.0390625 0.015625
0 0.666015625 0.345703125 0.0390625 0.015625
0 0.666015625 0.3662109375 0.03125 0.017578125
0 0.6689453125 0.3857421875 0.037109375 0.021484375
0 0.5556640625 0.494140625 0.041015625 0.015625
0 0.5546875 0.5126953125 0.0390625 0.013671875
0 0.5556640625 0.53125 0.037109375 0.015625
0 0.5595703125 0.5712890625 0.041015625 0.017578125
0 0.55859375 0.5478515625 0.0390625 0.013671875
0 0.560546875 0.6123046875 0.03515625 0.013671875
0 0.5673828125 0.6728515625 0.029296875 0.013671875
0 0.634765625 0.494140625 0.03515625 0.02734375
0 0.66796875 0.5302734375 0.03515625 0.017578125
0 0.64453125 0.544921875 0.015625 0.03515625
0 0.671875 0.5517578125 0.03125 0.017578125
0 0.6689453125 0.5693359375 0.033203125 0.013671875
0 0.677734375 0.646484375 0.0390625 0.015625
0 0.6767578125 0.6923828125 0.033203125 0.017578125
0 0.67578125 0.7119140625 0.0390625 0.017578125
0 0.6142578125 0.8046875 0.021484375 0.0390625
0 0.5673828125 0.755859375 0.033203125 0.01953125
0 0.5673828125 0.732421875 0.033203125 0.015625
0 0.56640625 0.71484375 0.03125 0.0078125
0 0.6484375 0.7119140625 0.015625 0.029296875
0 0.6806640625 0.7314453125 0.033203125 0.013671875
0 0.6806640625 0.75 0.033203125 0.015625
0 0.67578125 0.66796875 0.03125 0.015625
0 0.078125 0.85546875 0.0390625 0.02734375
0 0.068359375 0.900390625 0.015625 0.0390625
0 0.0908203125 0.8994140625 0.013671875 0.033203125
0 0.1142578125 0.9052734375 0.013671875 0.029296875
0 0.1328125 0.9013671875 0.015625 0.041015625
0 0.1513671875 0.8681640625 0.033203125 0.017578125
0 0.1923828125 0.8671875 0.041015625 0.015625
0 0.216796875 0.8515625 0.0390625 0.0234375
0 0.3671875 0.8583984375 0.03515625 0.017578125
0 0.4150390625 0.8583984375 0.041015625 0.017578125
0 0.501953125 0.857421875 0.03515625 0.015625
0 0.396484375 0.8359375 0.03125 0.01953125
0 0.4619140625 0.8583984375 0.033203125 0.017578125
0 0.326171875 0.861328125 0.03125 0.015625
0 0.322265625 0.802734375 0.015625 0.03125
0 0.8798828125 0.095703125 0.017578125 0.03125
0 0.9052734375 0.0927734375 0.013671875 0.033203125
0 0.927734375 0.0947265625 0.015625 0.033203125
0 0.9794921875 0.03515625 0.037109375 0.015625
0 0.951171875 0.09375 0.01171875 0.03515625
0 0.5458984375 0.1474609375 0.029296875 0.017578125
0 0.611328125 0.275390625 0.01171875 0.03515625
0 0.646484375 0.849609375 0.02734375 0.015625
0 0.69140625 0.8466796875 0.03125 0.017578125
0 0.73046875 0.845703125 0.03515625 0.015625
0 0.7529296875 0.78515625 0.017578125 0.03515625
0 0.7744140625 0.783203125 0.017578125 0.03515625
0 0.7978515625 0.7802734375 0.017578125 0.033203125
0 0.8447265625 0.7822265625 0.013671875 0.037109375
0 0.869140625 0.7802734375 0.015625 0.029296875
0 0.8896484375 0.78125 0.017578125 0.03515625
0 0.9130859375 0.7783203125 0.013671875 0.033203125
0 0.935546875 0.779296875 0.015625 0.03515625
0 0.8828125 0.837890625 0.03515625 0.015625
0 0.9345703125 0.837890625 0.037109375 0.01953125
0 0.599609375 0.4609375 0.015625 0.03125
0 0.626953125 0.4443359375 0.015625 0.025390625
1 0.103515625 0.0615234375 0.08203125 0.021484375
1 0.38671875 0.052734375 0.08203125 0.01953125
1 0.8212890625 0.03515625 0.080078125 0.01953125
1 0.912109375 0.03125 0.08203125 0.01953125
1 0.8115234375 0.8388671875 0.080078125 0.021484375
1 0.642578125 0.65234375 0.01953125 0.05078125
1 0.5546875 0.650390625 0.05859375 0.01953125
1 0.5400390625 0.1669921875 0.056640625 0.017578125
0 0.6474609375 0.9462890625 0.029296875 0.017578125
0 0.67578125 0.9208984375 0.03125 0.013671875
0 0.7373046875 0.9208984375 0.037109375 0.017578125
0 0.783203125 0.91796875 0.03125 0.015625
0 0.8349609375 0.919921875 0.037109375 0.015625
0 0.6728515625 0.9736328125 0.033203125 0.017578125
0 0.826171875 0.9697265625 0.03125 0.029296875
