0 0.03515625 0.279296875 0.03515625 0.015625
0 0.0361328125 0.3125 0.044921875 0.01953125
0 0.1650390625 0.3125 0.021484375 0.0390625
0 0.173828125 0.3583984375 0.0234375 0.044921875
0 0.0400390625 0.4072265625 0.041015625 0.025390625
0 0.2314453125 0.3076171875 0.041015625 0.017578125
0 0.23046875 0.326171875 0.03515625 0.015625
0 0.232421875 0.3486328125 0.0390625 0.017578125
0 0.240234375 0.3662109375 0.0390625 0.017578125
0 0.255859375 0.46484375 0.0390625 0.01953125
0 0.255859375 0.4853515625 0.0390625 0.021484375
0 0.2587890625 0.5224609375 0.041015625 0.021484375
0 0.2568359375 0.5458984375 0.041015625 0.021484375
0 0.1787109375 0.5703125 0.021484375 0.0390625
0 0.259765625 0.58984375 0.0390625 0.01953125
0 0.03515625 0.6923828125 0.0390625 0.021484375
0 0.2841796875 0.8134765625 0.025390625 0.041015625
0 0.27734375 0.8466796875 0.0390625 0.025390625
