1 0.8740234375 0.06640625 0.021484375 0.0546875
1 0.89453125 0.0810546875 0.015625 0.052734375
1 0.9169921875 0.0810546875 0.021484375 0.060546875
1 0.9404296875 0.0810546875 0.021484375 0.056640625
1 0.9658203125 0.0751953125 0.021484375 0.076171875
1 0.9091796875 0.2119140625 0.025390625 0.056640625
1 0.9326171875 0.2080078125 0.021484375 0.056640625
1 0.958984375 0.2099609375 0.01953125 0.052734375
1 0.9853515625 0.2099609375 0.025390625 0.076171875
1 0.8740234375 0.3486328125 0.025390625 0.060546875
1 0.9033203125 0.3525390625 0.021484375 0.076171875
1 0.9296875 0.345703125 0.01953125 0.07421875
1 0.9638671875 0.3466796875 0.029296875 0.080078125
1 0.88671875 0.587890625 0.02734375 0.07421875
1 0.9453125 0.58984375 0.0234375 0.07421875
1 0.974609375 0.5927734375 0.01953125 0.076171875
1 0.98046875 0.6640625 0.01953125 0.04296875
0 0.10546875 0.892578125 0.0390625 0.01953125
0 0.080078125 0.861328125 0.01953125 0.0390625
0 0.0419921875 0.7470703125 0.021484375 0.037109375
0 0.0634765625 0.74609375 0.021484375 0.0390625
0 0.0810546875 0.7451171875 0.021484375 0.033203125
0 0.1748046875 0.73828125 0.025390625 0.0390625
0 0.248046875 0.73828125 0.01953125 0.0390625
0 0.2861328125 0.73828125 0.021484375 0.0390625
0 0.32421875 0.7333984375 0.01953125 0.037109375
0 0.3427734375 0.7333984375 0.017578125 0.041015625
0 0.37890625 0.732421875 0.015625 0.0390625
0 0.3994140625 0.732421875 0.021484375 0.0390625
0 0.3017578125 0.8447265625 0.017578125 0.044921875
0 0.3232421875 0.845703125 0.021484375 0.0390625
0 0.361328125 0.845703125 0.01953125 0.04296875
0 0.380859375 0.8486328125 0.01953125 0.041015625
0 0.66796875 0.7236328125 0.01953125 0.037109375
0 0.7021484375 0.71484375 0.021484375 0.0390625
0 0.7373046875 0.6845703125 0.041015625 0.021484375
0 0.6669921875 0.7685546875 0.044921875 0.021484375
0 0.7978515625 0.7529296875 0.021484375 0.041015625
0 0.734375 0.87109375 0.03125 0.015625
0 0.7275390625 0.8955078125 0.037109375 0.017578125
0 0.7353515625 0.9296875 0.041015625 0.01953125
0 0.73828125 0.9521484375 0.04296875 0.017578125
0 0.7333984375 0.9677734375 0.041015625 0.013671875
0 0.73046875 0.986328125 0.0390625 0.0234375
0 0.7294921875 0.4931640625 0.041015625 0.029296875
0 0.7744140625 0.533203125 0.021484375 0.03125
0 0.7392578125 0.6123046875 0.033203125 0.029296875
0 0.8564453125 0.625 0.044921875 0.02734375
0 0.849609375 0.548828125 0.0390625 0.0234375
0 0.8515625 0.486328125 0.0390625 0.03125
0 0.9609375 0.705078125 0.01953125 0.03515625
