0 0.06640625 0.0478515625 0.0234375 0.041015625
0 0.0693359375 0.095703125 0.017578125 0.03125
0 0.1796875 0.0947265625 0.015625 0.029296875
0 0.201171875 0.0927734375 0.015625 0.033203125
0 0.2685546875 0.0380859375 0.021484375 0.041015625
0 0.2734375 0.091796875 0.015625 0.02734375
0 0.310546875 0.0849609375 0.01953125 0.037109375
0 0.3232421875 0.0390625 0.017578125 0.02734375
0 0.0966796875 0.1884765625 0.029296875 0.041015625
0 0.15625 0.1826171875 0.02734375 0.041015625
0 0.1005859375 0.2216796875 0.041015625 0.017578125
0 0.1025390625 0.240234375 0.044921875 0.01953125
0 0.10546875 0.259765625 0.0390625 0.01953125
0 0.1064453125 0.28125 0.041015625 0.015625
0 0.1064453125 0.298828125 0.041015625 0.01953125
0 0.107421875 0.3173828125 0.04296875 0.017578125
0 0.1064453125 0.3349609375 0.041015625 0.017578125
0 0.1162109375 0.36328125 0.041015625 0.0234375
0 0.119140625 0.4091796875 0.0390625 0.017578125
0 0.11328125 0.427734375 0.0390625 0.015625
0 0.1201171875 0.443359375 0.033203125 0.015625
0 0.1181640625 0.4609375 0.041015625 0.015625
0 0.11328125 0.4794921875 0.04296875 0.017578125
0 0.11328125 0.4970703125 0.04296875 0.017578125
0 0.1201171875 0.52734375 0.037109375 0.01953125
0 0.1201171875 0.5478515625 0.037109375 0.021484375
1 0.17578125 0.4775390625 0.02734375 0.060546875
0 0.185546875 0.408203125 0.0234375 0.03515625
0 0.177734375 0.2802734375 0.0234375 0.037109375
0 0.1806640625 0.3232421875 0.021484375 0.037109375
0 0.130859375 0.6435546875 0.03515625 0.017578125
0 0.1318359375 0.6796875 0.041015625 0.01953125
0 0.1357421875 0.7109375 0.037109375 0.01953125
0 0.1357421875 0.73046875 0.037109375 0.01953125
0 0.13671875 0.7666015625 0.04296875 0.017578125
0 0.138671875 0.7822265625 0.03125 0.013671875
0 0.126953125 0.7998046875 0.03515625 0.017578125
0 0.13671875 0.8154296875 0.03125 0.013671875
0 0.138671875 0.8349609375 0.0390625 0.017578125
0 0.1396484375 0.88671875 0.033203125 0.01953125
0 0.1416015625 0.8681640625 0.029296875 0.017578125
0 0.23828125 0.734375 0.04296875 0.01953125
0 0.2392578125 0.75390625 0.044921875 0.01953125
0 0.2431640625 0.78515625 0.041015625 0.01953125
0 0.2353515625 0.8046875 0.037109375 0.01953125
0 0.244140625 0.82421875 0.0390625 0.01953125
0 0.3759765625 0.798828125 0.025390625 0.0390625
0 0.4755859375 0.904296875 0.041015625 0.01953125
0 0.4755859375 0.884765625 0.041015625 0.01953125
0 0.4755859375 0.8671875 0.029296875 0.015625
0 0.47265625 0.8505859375 0.03515625 0.017578125
0 0.4736328125 0.8330078125 0.033203125 0.017578125
0 0.43359375 0.84375 0.0234375 0.03515625
0 0.462890625 0.7822265625 0.03515625 0.017578125
0 0.4638671875 0.74609375 0.033203125 0.015625
0 0.470703125 0.728515625 0.0390625 0.01953125
0 0.46484375 0.658203125 0.03125 0.015625
0 0.4638671875 0.67578125 0.029296875 0.01953125
0 0.458984375 0.5810546875 0.0390625 0.017578125
0 0.45703125 0.546875 0.0390625 0.01953125
0 0.4541015625 0.5283203125 0.033203125 0.017578125
0 0.4443359375 0.458984375 0.037109375 0.01953125
0 0.44921875 0.4423828125 0.0390625 0.021484375
0 0.443359375 0.421875 0.0390625 0.01953125
0 0.435546875 0.2314453125 0.04296875 0.021484375
0 0.3916015625 0.259765625 0.037109375 0.015625
0 0.392578125 0.2783203125 0.0390625 0.021484375
0 0.396484375 0.2978515625 0.03515625 0.017578125
0 0.39453125 0.31640625 0.0390625 0.015625
0 0.310546875 0.216796875 0.04296875 0.015625
0 0.3720703125 0.1728515625 0.025390625 0.048828125
0 0.42578125 0.0234375 0.0234375 0.0390625
0 0.3876953125 0.0244140625 0.025390625 0.037109375
0 0.83203125 0.0263671875 0.0234375 0.041015625
0 0.7734375 0.0673828125 0.01953125 0.033203125
0 0.7900390625 0.16015625 0.021484375 0.0390625
0 0.8271484375 0.28515625 0.037109375 0.0390625
0 0.8642578125 0.2861328125 0.021484375 0.041015625
0 0.84765625 0.0673828125 0.01953125 0.041015625
0 0.5615234375 0.5859375 0.041015625 0.01953125
0 0.69140625 0.5966796875 0.0234375 0.033203125
0 0.73828125 0.634765625 0.0390625 0.015625
0 0.7392578125 0.654296875 0.041015625 0.0234375
0 0.7802734375 0.4443359375 0.037109375 0.017578125
0 0.78125 0.462890625 0.0390625 0.01953125
0 0.7841796875 0.498046875 0.041015625 0.015625
0 0.7841796875 0.5146484375 0.041015625 0.017578125
0 0.78125 0.5322265625 0.03515625 0.017578125
0 0.787109375 0.611328125 0.0390625 0.015625
0 0.7890625 0.62890625 0.04296875 0.01953125
0 0.7939453125 0.6474609375 0.037109375 0.017578125
0 0.7958984375 0.6669921875 0.041015625 0.021484375
0 0.794921875 0.6865234375 0.0390625 0.017578125
0 0.8017578125 0.7880859375 0.044921875 0.021484375
0 0.7998046875 0.80859375 0.041015625 0.01953125
0 0.736328125 0.58984375 0.03515625 0.01953125
0 0.8330078125 0.3408203125 0.041015625 0.013671875
0 0.8251953125 0.32421875 0.033203125 0.01953125
0 0.8896484375 0.529296875 0.033203125 0.01953125
0 0.857421875 0.5869140625 0.0234375 0.037109375
0 0.8935546875 0.552734375 0.041015625 0.02734375
0 0.9033203125 0.6591796875 0.033203125 0.017578125
0 0.9033203125 0.6787109375 0.033203125 0.021484375
0 0.90625 0.6982421875 0.03125 0.017578125
0 0.9033203125 0.748046875 0.041015625 0.01953125
0 0.90625 0.73046875 0.03515625 0.015625
0 0.9072265625 0.71484375 0.033203125 0.015625
0 0.9541015625 0.7646484375 0.037109375 0.021484375
