0 0.7138671875 0.5205078125 0.044921875 0.017578125
0 0.693359375 0.6083984375 0.03125 0.037109375
0 0.685546875 0.6484375 0.04296875 0.01953125
0 0.734375 0.6708984375 0.03515625 0.017578125
0 0.66015625 0.703125 0.03515625 0.015625
0 0.6630859375 0.724609375 0.033203125 0.01171875
0 0.66015625 0.7412109375 0.03125 0.009765625
0 0.6630859375 0.763671875 0.037109375 0.015625
0 0.7314453125 0.7265625 0.041015625 0.015625
0 0.73046875 0.7451171875 0.0390625 0.021484375
0 0.724609375 0.7890625 0.03515625 0.015625
0 0.6845703125 0.8271484375 0.017578125 0.029296875
0 0.783203125 0.826171875 0.01953125 0.03515625
0 0.8017578125 0.7822265625 0.029296875 0.017578125
0 0.755859375 0.5478515625 0.03515625 0.013671875
0 0.1201171875 0.2822265625 0.044921875 0.025390625
0 0.25390625 0.208984375 0.046875 0.0234375
0 0.4169921875 0.3857421875 0.021484375 0.041015625
0 0.3740234375 0.3798828125 0.021484375 0.037109375
0 0.3466796875 0.37890625 0.017578125 0.03515625
0 0.54296875 0.435546875 0.0390625 0.01953125
0 0.6201171875 0.4619140625 0.041015625 0.021484375
0 0.0771484375 0.8603515625 0.021484375 0.041015625
0 0.056640625 0.861328125 0.01953125 0.0390625
0 0.0380859375 0.8642578125 0.017578125 0.033203125
