0 0.0810546875 0.5869140625 0.037109375 0.017578125
0 0.2294921875 0.6494140625 0.033203125 0.017578125
0 0.3369140625 0.650390625 0.017578125 0.03125
0 0.224609375 0.5634765625 0.03125 0.017578125
0 0.12890625 0.6162109375 0.0234375 0.009765625
0 0.130859375 0.634765625 0.03515625 0.015625
0 0.322265625 0.841796875 0.015625 0.03515625
0 0.3447265625 0.83984375 0.017578125 0.03515625
0 0.5634765625 0.6337890625 0.033203125 0.013671875
0 0.5634765625 0.6552734375 0.037109375 0.021484375
0 0.564453125 0.6953125 0.03515625 0.015625
0 0.5673828125 0.71875 0.033203125 0.015625
0 0.5654296875 0.736328125 0.033203125 0.015625
0 0.564453125 0.7548828125 0.03515625 0.013671875
0 0.5693359375 0.775390625 0.037109375 0.015625
0 0.5673828125 0.798828125 0.029296875 0.01171875
0 0.5654296875 0.8193359375 0.029296875 0.013671875
0 0.568359375 0.8583984375 0.03125 0.017578125
0 0.82421875 0.9833984375 0.03515625 0.017578125
0 0.1552734375 0.0478515625 0.033203125 0.017578125
0 0.037109375 0.2626953125 0.01953125 0.029296875
0 0.0576171875 0.2646484375 0.021484375 0.033203125
0 0.0771484375 0.2626953125 0.017578125 0.029296875
0 0.0986328125 0.2587890625 0.025390625 0.041015625
0 0.1904296875 0.2685546875 0.025390625 0.041015625
0 0.2705078125 0.2568359375 0.029296875 0.037109375
0 0.3427734375 0.2861328125 0.021484375 0.037109375
0 0.21484375 0.369140625 0.046875 0.01953125
0 0.216796875 0.4091796875 0.03515625 0.013671875
0 0.26953125 0.419921875 0.03515625 0.0234375
0 0.1201171875 0.4287109375 0.037109375 0.021484375
0 0.078125 0.4296875 0.046875 0.01953125
0 0.08203125 0.4638671875 0.0390625 0.021484375
0 0.0830078125 0.4814453125 0.041015625 0.013671875
0 0.1240234375 0.498046875 0.041015625 0.01953125
0 0.220703125 0.4306640625 0.04296875 0.029296875
0 0.2197265625 0.4619140625 0.048828125 0.021484375
0 0.21875 0.4921875 0.046875 0.0234375
0 0.216796875 0.5263671875 0.03515625 0.017578125
0 0.2255859375 0.5986328125 0.033203125 0.017578125
0 0.2763671875 0.6103515625 0.044921875 0.017578125
0 0.0791015625 0.568359375 0.048828125 0.01953125
0 0.013671875 0.5166015625 0.02734375 0.033203125
0 0.13671875 0.6015625 0.03125 0.015625
0 0.5556640625 0.54296875 0.029296875 0.01953125
0 0.6181640625 0.5595703125 0.021484375 0.041015625
0 0.6162109375 0.5048828125 0.025390625 0.044921875
0 0.556640625 0.4990234375 0.05078125 0.021484375
0 0.560546875 0.4794921875 0.04296875 0.017578125
0 0.556640625 0.458984375 0.02734375 0.0234375
0 0.55078125 0.4150390625 0.03515625 0.021484375
0 0.552734375 0.373046875 0.046875 0.02734375
0 0.6103515625 0.3388671875 0.021484375 0.037109375
0 0.546875 0.3115234375 0.04296875 0.021484375
0 0.5390625 0.2470703125 0.0390625 0.021484375
0 0.5400390625 0.1982421875 0.037109375 0.017578125
0 0.9775390625 0.287109375 0.044921875 0.01953125
0 0.9755859375 0.2685546875 0.029296875 0.017578125
0 0.96875 0.142578125 0.04296875 0.0234375
0 0.96875 0.0849609375 0.046875 0.017578125
0 0.966796875 0.060546875 0.04296875 0.015625
0 0.96484375 0.0185546875 0.04296875 0.017578125
