1 0.4609375 0.416015625 0.046875 0.08984375
1 0.4765625 0.5068359375 0.14453125 0.048828125
0 0.6220703125 0.8330078125 0.017578125 0.037109375
0 0.6943359375 0.810546875 0.025390625 0.0390625
0 0.6982421875 0.8642578125 0.025390625 0.037109375
0 0.06640625 0.703125 0.01953125 0.03125
0 0.3291015625 0.087890625 0.033203125 0.0390625
0 0.34765625 0.080078125 0.03125 0.0390625
0 0.380859375 0.083984375 0.03515625 0.046875
0 0.4228515625 0.1064453125 0.033203125 0.056640625
0 0.37890625 0.1923828125 0.03125 0.041015625
0 0.419921875 0.1708984375 0.03125 0.037109375
0 0.498046875 0.1552734375 0.02734375 0.041015625
0 0.591796875 0.1552734375 0.03125 0.044921875
0 0.609375 0.19921875 0.03515625 0.04296875
0 0.6328125 0.283203125 0.0390625 0.046875
0 0.666015625 0.4443359375 0.03515625 0.048828125
