0 0.8173828125 0.59765625 0.021484375 0.04296875
0 0.447265625 0.619140625 0.01953125 0.03515625
0 0.3291015625 0.64453125 0.041015625 0.03125
0 0.197265625 0.6171875 0.0234375 0.03515625
0 0.3115234375 0.6923828125 0.037109375 0.025390625
0 0.314453125 0.7177734375 0.04296875 0.033203125
0 0.3486328125 0.8251953125 0.033203125 0.041015625
0 0.1650390625 0.6025390625 0.025390625 0.033203125
0 0.1220703125 0.6103515625 0.017578125 0.025390625
0 0.359375 0.875 0.03125 0.0390625
0 0.375 0.9150390625 0.03125 0.041015625
0 0.42578125 0.953125 0.0234375 0.04296875
0 0.4580078125 0.94921875 0.041015625 0.03515625
0 0.7109375 0.986328125 0.0390625 0.02734375
0 0.7861328125 0.935546875 0.041015625 0.03125
0 0.7841796875 0.9052734375 0.044921875 0.029296875
0 0.7763671875 0.8642578125 0.037109375 0.021484375
0 0.7822265625 0.7802734375 0.033203125 0.025390625
