0 0.169921875 0.9599609375 0.0390625 0.013671875
0 0.078125 0.8037109375 0.03125 0.013671875
0 0.0869140625 0.861328125 0.041015625 0.01953125
0 0.173828125 0.80859375 0.03515625 0.01953125
0 0.265625 0.8935546875 0.04296875 0.021484375
0 0.3330078125 0.8876953125 0.021484375 0.041015625
0 0.39453125 0.9462890625 0.015625 0.025390625
0 0.244140625 0.7216796875 0.015625 0.037109375
0 0.2646484375 0.728515625 0.017578125 0.0390625
0 0.412109375 0.8798828125 0.02734375 0.021484375
0 0.3974609375 0.7734375 0.041015625 0.02734375
0 0.3974609375 0.7138671875 0.037109375 0.025390625
0 0.25 0.3681640625 0.04296875 0.017578125
0 0.2431640625 0.349609375 0.037109375 0.015625
0 0.2421875 0.3271484375 0.0390625 0.017578125
0 0.2451171875 0.3095703125 0.037109375 0.013671875
0 0.30859375 0.3408203125 0.01953125 0.033203125
0 0.298828125 0.18359375 0.01953125 0.0390625
0 0.322265625 0.021484375 0.01953125 0.0390625
0 0.609375 0.953125 0.03515625 0.015625
0 0.609375 0.9736328125 0.0390625 0.013671875
0 0.611328125 0.9912109375 0.0390625 0.013671875
0 0.607421875 0.8837890625 0.0390625 0.017578125
0 0.6064453125 0.8271484375 0.041015625 0.017578125
0 0.41015625 0.791015625 0.0234375 0.015625
0 0.6005859375 0.6962890625 0.037109375 0.017578125
0 0.603515625 0.677734375 0.0390625 0.015625
0 0.599609375 0.658203125 0.0390625 0.015625
0 0.5966796875 0.619140625 0.037109375 0.01953125
0 0.5966796875 0.583984375 0.033203125 0.015625
0 0.5947265625 0.564453125 0.037109375 0.015625
0 0.599609375 0.548828125 0.03515625 0.015625
0 0.5888671875 0.484375 0.041015625 0.015625
0 0.5869140625 0.46484375 0.037109375 0.015625
0 0.5869140625 0.43359375 0.037109375 0.01953125
0 0.5859375 0.4130859375 0.03515625 0.013671875
0 0.5888671875 0.39453125 0.037109375 0.015625
0 0.5849609375 0.375 0.033203125 0.015625
0 0.5859375 0.3505859375 0.03125 0.013671875
0 0.587890625 0.33203125 0.0390625 0.015625
0 0.681640625 0.396484375 0.0234375 0.01953125
0 0.5888671875 0.2900390625 0.037109375 0.017578125
0 0.58203125 0.2666015625 0.03515625 0.017578125
0 0.5859375 0.2470703125 0.03515625 0.017578125
0 0.5810546875 0.21875 0.044921875 0.01953125
0 0.578125 0.1953125 0.03515625 0.015625
0 0.580078125 0.1552734375 0.0390625 0.017578125
0 0.5771484375 0.125 0.037109375 0.015625
0 0.66796875 0.2275390625 0.0234375 0.017578125
0 0.578125 0.10546875 0.03515625 0.015625
0 0.6044921875 0.068359375 0.021484375 0.03515625
0 0.5693359375 0.0302734375 0.029296875 0.013671875
0 0.666015625 0.130859375 0.015625 0.015625
0 0.87109375 0.0673828125 0.015625 0.029296875
0 0.892578125 0.0625 0.01953125 0.0390625
0 0.9345703125 0.0576171875 0.017578125 0.033203125
0 0.95703125 0.060546875 0.01953125 0.0390625
0 0.912109375 0.40625 0.0390625 0.015625
0 0.951171875 0.40234375 0.03515625 0.015625
0 0.8720703125 0.4208984375 0.033203125 0.013671875
0 0.875 0.44140625 0.03515625 0.015625
0 0.880859375 0.5283203125 0.0390625 0.017578125
0 0.9775390625 0.529296875 0.037109375 0.015625
0 0.98046875 0.5458984375 0.03515625 0.013671875
0 0.880859375 0.6279296875 0.03125 0.017578125
0 0.9853515625 0.669921875 0.029296875 0.015625
0 0.89453125 0.75 0.03515625 0.015625
0 0.89453125 0.7822265625 0.03515625 0.013671875
0 0.8955078125 0.80078125 0.033203125 0.015625
0 0.8935546875 0.8193359375 0.029296875 0.013671875
0 0.9541015625 0.9345703125 0.013671875 0.029296875
0 0.8388671875 0.94140625 0.017578125 0.0390625
0 0.8583984375 0.9423828125 0.013671875 0.021484375
0 0.79296875 0.9501953125 0.01171875 0.025390625
