0 0.73828125 0.2275390625 0.046875 0.021484375
0 0.7216796875 0.4140625 0.044921875 0.01953125
0 0.7236328125 0.4375 0.044921875 0.01953125
0 0.8779296875 0.4111328125 0.041015625 0.017578125
0 0.87890625 0.431640625 0.03515625 0.01171875
0 0.8701171875 0.453125 0.048828125 0.01953125
0 0.8671875 0.470703125 0.03515625 0.01171875
0 0.8896484375 0.4912109375 0.033203125 0.013671875
0 0.8916015625 0.5087890625 0.037109375 0.013671875
0 0.8974609375 0.5263671875 0.041015625 0.017578125
0 0.892578125 0.5458984375 0.04296875 0.017578125
0 0.8935546875 0.60546875 0.044921875 0.0234375
0 0.90625 0.6396484375 0.0390625 0.017578125
0 0.8935546875 0.6591796875 0.044921875 0.025390625
0 0.888671875 0.703125 0.04296875 0.01953125
0 0.87890625 0.7470703125 0.046875 0.021484375
0 0.984375 0.65625 0.015625 0.0390625
0 0.611328125 0.9697265625 0.02734375 0.044921875
