0 0.5380859375 0.85546875 0.037109375 0.03515625
0 0.6259765625 0.880859375 0.033203125 0.02734375
0 0.53515625 0.603515625 0.0390625 0.0234375
0 0.6005859375 0.642578125 0.037109375 0.03515625
0 0.6259765625 0.7392578125 0.033203125 0.029296875
0 0.7001953125 0.6787109375 0.033203125 0.029296875
0 0.6630859375 0.6005859375 0.029296875 0.029296875
0 0.4658203125 0.84375 0.044921875 0.0390625
0 0.6806640625 0.9208984375 0.041015625 0.041015625
0 0.697265625 0.9365234375 0.0390625 0.041015625
0 0.7265625 0.9296875 0.03515625 0.046875
0 0.7392578125 0.970703125 0.033203125 0.03515625
0 0.544921875 0.95703125 0.046875 0.0390625
