0 0.5107421875 0.87109375 0.017578125 0.03515625
0 0.5478515625 0.865234375 0.017578125 0.03515625
0 0.49609375 0.9599609375 0.01953125 0.033203125
0 0.5302734375 0.7880859375 0.037109375 0.021484375
0 0.5205078125 0.7607421875 0.041015625 0.021484375
0 0.4970703125 0.7109375 0.037109375 0.0234375
0 0.55078125 0.712890625 0.0390625 0.03515625
0 0.484375 0.66796875 0.015625 0.0390625
0 0.51953125 0.6650390625 0.015625 0.037109375
0 0.490234375 0.611328125 0.0390625 0.0234375
0 0.65625 0.609375 0.046875 0.0234375
0 0.6630859375 0.5859375 0.044921875 0.01953125
0 0.6630859375 0.7041015625 0.037109375 0.021484375
0 0.67578125 0.7255859375 0.03515625 0.021484375
0 0.669921875 0.78125 0.0390625 0.01953125
0 0.669921875 0.8046875 0.03515625 0.015625
0 0.6796875 0.828125 0.0390625 0.015625
0 0.6904296875 0.93359375 0.037109375 0.015625
0 0.6904296875 0.9609375 0.052734375 0.0234375
0 0.056640625 0.5166015625 0.015625 0.033203125
0 0.45703125 0.0595703125 0.04296875 0.021484375
0 0.4580078125 0.0810546875 0.044921875 0.021484375
0 0.4609375 0.1279296875 0.04296875 0.021484375
0 0.462890625 0.1787109375 0.04296875 0.025390625
0 0.4609375 0.236328125 0.04296875 0.0234375
0 0.4609375 0.28125 0.0390625 0.02734375
0 0.6044921875 0.2314453125 0.021484375 0.037109375
0 0.6396484375 0.16015625 0.037109375 0.02734375
0 0.712890625 0.2431640625 0.01953125 0.037109375
0 0.7568359375 0.24609375 0.017578125 0.0390625
0 0.7197265625 0.3203125 0.017578125 0.03125
0 0.7431640625 0.3193359375 0.017578125 0.037109375
0 0.6669921875 0.447265625 0.017578125 0.0390625
0 0.6572265625 0.4775390625 0.041015625 0.021484375
0 0.6162109375 0.044921875 0.044921875 0.0234375
0 0.216796875 0.0751953125 0.0390625 0.025390625
0 0.2177734375 0.0234375 0.056640625 0.01953125
