1 0.599609375 0.7705078125 0.0625 0.025390625
0 0.2265625 0.662109375 0.0234375 0.0390625
0 0.166015625 0.6123046875 0.0390625 0.021484375
0 0.16796875 0.6328125 0.04296875 0.01953125
0 0.1748046875 0.693359375 0.044921875 0.0234375
0 0.1728515625 0.71484375 0.041015625 0.01953125
0 0.18359375 0.9580078125 0.03515625 0.017578125
0 0.18359375 0.98046875 0.03125 0.015625
0 0.458984375 0.587890625 0.0390625 0.015625
0 0.462890625 0.609375 0.04296875 0.01953125
0 0.458984375 0.640625 0.0390625 0.01953125
0 0.4638671875 0.6591796875 0.037109375 0.017578125
0 0.4736328125 0.6767578125 0.029296875 0.017578125
0 0.466796875 0.693359375 0.03515625 0.015625
0 0.46484375 0.7119140625 0.0390625 0.017578125
0 0.4658203125 0.73046875 0.033203125 0.01953125
0 0.16015625 0.76953125 0.015625 0.03125
0 0.462890625 0.7939453125 0.04296875 0.017578125
0 0.4716796875 0.8291015625 0.037109375 0.017578125
0 0.4716796875 0.8486328125 0.044921875 0.017578125
0 0.6103515625 0.6474609375 0.029296875 0.021484375
0 0.5537109375 0.6728515625 0.033203125 0.013671875
0 0.5517578125 0.6923828125 0.044921875 0.017578125
0 0.5546875 0.7099609375 0.02734375 0.017578125
0 0.6015625 0.70703125 0.04296875 0.01953125
0 0.5380859375 0.587890625 0.037109375 0.01953125
0 0.8798828125 0.642578125 0.041015625 0.01953125
0 0.88671875 0.66015625 0.03125 0.015625
0 0.888671875 0.6767578125 0.03515625 0.017578125
0 0.88671875 0.7392578125 0.04296875 0.017578125
0 0.8916015625 0.8037109375 0.029296875 0.017578125
0 0.890625 0.8408203125 0.03125 0.017578125
0 0.8876953125 0.86328125 0.029296875 0.01953125
0 0.888671875 0.96875 0.04296875 0.01953125
0 0.890625 0.98828125 0.03515625 0.01953125
0 0.4697265625 0.9482421875 0.037109375 0.021484375
0 0.4677734375 0.982421875 0.033203125 0.01953125
0 0.55859375 0.8251953125 0.03125 0.017578125
0 0.6083984375 0.8251953125 0.037109375 0.021484375
0 0.6103515625 0.892578125 0.037109375 0.01953125
0 0.607421875 0.912109375 0.04296875 0.015625
0 0.6015625 0.9287109375 0.0390625 0.017578125
0 0.869140625 0.5556640625 0.04296875 0.017578125
0 0.138671875 0.015625 0.0390625 0.015625
0 0.1416015625 0.0361328125 0.044921875 0.017578125
0 0.1416015625 0.076171875 0.037109375 0.01953125
0 0.1455078125 0.12109375 0.037109375 0.01953125
0 0.1416015625 0.162109375 0.037109375 0.015625
0 0.146484375 0.1845703125 0.03515625 0.017578125
0 0.142578125 0.2041015625 0.04296875 0.017578125
0 0.1474609375 0.2841796875 0.033203125 0.017578125
0 0.1533203125 0.3271484375 0.041015625 0.017578125
0 0.2060546875 0.353515625 0.033203125 0.03125
0 0.15625 0.3662109375 0.0390625 0.017578125
0 0.158203125 0.3857421875 0.0390625 0.021484375
0 0.166015625 0.408203125 0.03515625 0.015625
0 0.166015625 0.4306640625 0.0390625 0.021484375
0 0.1640625 0.4697265625 0.03515625 0.017578125
0 0.1630859375 0.490234375 0.037109375 0.015625
0 0.1650390625 0.51171875 0.041015625 0.01953125
0 0.2177734375 0.4990234375 0.021484375 0.033203125
0 0.166015625 0.552734375 0.03515625 0.015625
0 0.1650390625 0.5751953125 0.041015625 0.017578125
0 0.220703125 0.5537109375 0.01953125 0.037109375
0 0.474609375 0.1396484375 0.02734375 0.041015625
0 0.4990234375 0.138671875 0.021484375 0.0390625
0 0.564453125 0.1328125 0.01953125 0.03125
0 0.5859375 0.1328125 0.0234375 0.03125
0 0.6748046875 0.1376953125 0.021484375 0.037109375
0 0.4326171875 0.2265625 0.025390625 0.0390625
0 0.4755859375 0.2265625 0.017578125 0.03515625
0 0.521484375 0.2255859375 0.01953125 0.033203125
0 0.564453125 0.2294921875 0.01953125 0.037109375
0 0.58984375 0.2236328125 0.01953125 0.033203125
0 0.6083984375 0.2197265625 0.021484375 0.037109375
0 0.6513671875 0.220703125 0.017578125 0.03125
0 0.525390625 0.587890625 0.046875 0.01953125
0 0.763671875 0.1279296875 0.01953125 0.041015625
0 0.7392578125 0.12890625 0.017578125 0.03515625
0 0.7197265625 0.1298828125 0.021484375 0.033203125
0 0.6962890625 0.12890625 0.017578125 0.03515625
0 0.86328125 0.2802734375 0.0390625 0.021484375
0 0.8603515625 0.30078125 0.041015625 0.015625
0 0.8642578125 0.318359375 0.037109375 0.01953125
0 0.86328125 0.3388671875 0.03515625 0.021484375
0 0.86328125 0.3642578125 0.04296875 0.021484375
0 0.8701171875 0.4677734375 0.037109375 0.017578125
0 0.87109375 0.486328125 0.03515625 0.01953125
0 0.8740234375 0.5068359375 0.033203125 0.021484375
0 0.869140625 0.5732421875 0.03125 0.017578125
