1 0.9375 0.36328125 0.02734375 0.06640625
1 0.93359375 0.212890625 0.0234375 0.0625
1 0.935546875 0.2978515625 0.03125 0.064453125
1 0.9287109375 0.1357421875 0.025390625 0.060546875
1 0.865234375 0.107421875 0.0234375 0.04296875
1 0.107421875 0.123046875 0.02734375 0.06640625
0 0.0625 0.1845703125 0.05078125 0.041015625
0 0.728515625 0.02734375 0.01953125 0.03515625
0 0.806640625 0.0341796875 0.046875 0.021484375
0 0.806640625 0.0732421875 0.0390625 0.021484375
0 0.3974609375 0.640625 0.033203125 0.0234375
