0 0.671875 0.208984375 0.02734375 0.03515625
0 0.7158203125 0.2392578125 0.033203125 0.037109375
0 0.744140625 0.244140625 0.02734375 0.03125
0 0.5634765625 0.2861328125 0.033203125 0.029296875
0 0.67578125 0.2861328125 0.02734375 0.029296875
0 0.583984375 0.3974609375 0.03515625 0.037109375
0 0.525390625 0.240234375 0.03125 0.03515625
0 0.5048828125 0.248046875 0.029296875 0.0390625
0 0.478515625 0.2724609375 0.03515625 0.029296875
0 0.4658203125 0.28515625 0.037109375 0.03515625
0 0.474609375 0.3505859375 0.03515625 0.041015625
0 0.43359375 0.0849609375 0.04296875 0.037109375
0 0.376953125 0.1279296875 0.02734375 0.041015625
0 0.3330078125 0.103515625 0.037109375 0.0390625
0 0.3076171875 0.080078125 0.041015625 0.0390625
0 0.265625 0.044921875 0.03515625 0.03515625
0 0.45703125 0.310546875 0.02734375 0.03125
