0 0.2548828125 0.150390625 0.021484375 0.04296875
0 0.0830078125 0.228515625 0.041015625 0.01953125
0 0.1875 0.2509765625 0.05078125 0.021484375
0 0.5361328125 0.0185546875 0.044921875 0.017578125
0 0.53515625 0.037109375 0.04296875 0.015625
0 0.53515625 0.0595703125 0.0390625 0.017578125
0 0.53515625 0.0810546875 0.0390625 0.017578125
0 0.4912109375 0.12890625 0.037109375 0.03125
0 0.5537109375 0.125 0.037109375 0.03515625
0 0.578125 0.123046875 0.03515625 0.03125
0 0.60546875 0.1201171875 0.0390625 0.033203125
0 0.4716796875 0.236328125 0.037109375 0.01953125
0 0.4951171875 0.259765625 0.041015625 0.01953125
0 0.603515625 0.2041015625 0.046875 0.021484375
0 0.61328125 0.2294921875 0.03515625 0.017578125
0 0.478515625 0.353515625 0.06640625 0.02734375
0 0.20703125 0.3671875 0.0390625 0.01953125
0 0.052734375 0.3857421875 0.04296875 0.029296875
0 0.37890625 0.3623046875 0.0390625 0.021484375
0 0.0595703125 0.642578125 0.013671875 0.0234375
0 0.080078125 0.6376953125 0.015625 0.037109375
0 0.021484375 0.638671875 0.0234375 0.046875
0 0.1025390625 0.638671875 0.017578125 0.03125
0 0.1201171875 0.6328125 0.017578125 0.03125
0 0.1455078125 0.6376953125 0.017578125 0.033203125
0 0.244140625 0.513671875 0.015625 0.03515625
0 0.265625 0.5107421875 0.015625 0.033203125
0 0.2861328125 0.515625 0.013671875 0.03125
0 0.2001953125 0.5107421875 0.021484375 0.033203125
0 0.4052734375 0.6240234375 0.017578125 0.033203125
0 0.4296875 0.626953125 0.015625 0.03515625
0 0.44921875 0.6201171875 0.015625 0.029296875
0 0.4697265625 0.6240234375 0.017578125 0.033203125
0 0.54296875 0.693359375 0.0390625 0.02734375
0 0.5810546875 0.6171875 0.017578125 0.0390625
0 0.6044921875 0.6103515625 0.017578125 0.033203125
0 0.671875 0.6103515625 0.01953125 0.037109375
0 0.4990234375 0.3984375 0.033203125 0.01953125
0 0.611328125 0.2529296875 0.03515625 0.021484375
0 0.2060546875 0.783203125 0.041015625 0.01953125
0 0.212890625 0.8232421875 0.04296875 0.021484375
0 0.2080078125 0.8486328125 0.041015625 0.017578125
0 0.2099609375 0.90625 0.037109375 0.01953125
0 0.2177734375 0.953125 0.041015625 0.01953125
0 0.21484375 0.9716796875 0.03515625 0.017578125
0 0.287109375 0.931640625 0.01953125 0.03125
0 0.5859375 0.7841796875 0.02734375 0.048828125
0 0.54296875 0.76953125 0.03125 0.015625
0 0.541015625 0.787109375 0.03515625 0.015625
0 0.541015625 0.8037109375 0.03515625 0.017578125
0 0.5439453125 0.8232421875 0.041015625 0.021484375
0 0.54296875 0.84765625 0.03125 0.015625
0 0.546875 0.865234375 0.0390625 0.01953125
0 0.5478515625 0.8876953125 0.037109375 0.017578125
0 0.5478515625 0.908203125 0.029296875 0.015625
0 0.55078125 0.9453125 0.046875 0.01953125
0 0.556640625 0.96484375 0.03515625 0.01953125
0 0.9453125 0.1005859375 0.04296875 0.029296875
0 0.8828125 0.09765625 0.05078125 0.02734375
0 0.8671875 0.166015625 0.0390625 0.0234375
0 0.962890625 0.2099609375 0.05859375 0.033203125
0 0.85546875 0.2431640625 0.0546875 0.029296875
0 0.7451171875 0.1962890625 0.044921875 0.025390625
0 0.740234375 0.220703125 0.03515625 0.0234375
0 0.7236328125 0.25 0.044921875 0.01953125
0 0.701171875 0.328125 0.05078125 0.0234375
0 0.8681640625 0.2880859375 0.041015625 0.021484375
0 0.8916015625 0.3193359375 0.048828125 0.021484375
0 0.953125 0.28125 0.05078125 0.01953125
0 0.947265625 0.3125 0.04296875 0.0234375
0 0.9775390625 0.595703125 0.017578125 0.0390625
0 0.955078125 0.6044921875 0.01953125 0.029296875
0 0.8828125 0.6025390625 0.01953125 0.037109375
0 0.857421875 0.603515625 0.0234375 0.03515625
0 0.8359375 0.5986328125 0.01953125 0.025390625
0 0.8154296875 0.6005859375 0.021484375 0.037109375
0 0.7890625 0.60546875 0.0234375 0.03515625
0 0.767578125 0.6083984375 0.01953125 0.029296875
0 0.6962890625 0.6103515625 0.017578125 0.025390625
0 0.69140625 0.8857421875 0.01953125 0.033203125
0 0.736328125 0.8818359375 0.015625 0.041015625
0 0.7724609375 0.8779296875 0.017578125 0.033203125
0 0.841796875 0.8779296875 0.0234375 0.048828125
0 0.8896484375 0.873046875 0.017578125 0.0390625
0 0.93359375 0.873046875 0.01953125 0.04296875
0 0.9560546875 0.8662109375 0.013671875 0.029296875
0 0.98046875 0.873046875 0.015625 0.0390625
0 0.9208984375 0.958984375 0.017578125 0.0390625
0 0.90234375 0.9609375 0.01953125 0.03515625
0 0.8720703125 0.9697265625 0.025390625 0.060546875
0 0.845703125 0.982421875 0.015625 0.03515625
0 0.8291015625 0.9677734375 0.017578125 0.029296875
