0 0.177734375 0.052734375 0.01953125 0.03515625
0 0.2275390625 0.1611328125 0.029296875 0.033203125
0 0.283203125 0.1455078125 0.01953125 0.037109375
0 0.3486328125 0.1552734375 0.021484375 0.044921875
0 0.3720703125 0.154296875 0.025390625 0.04296875
0 0.140625 0.681640625 0.03515625 0.01953125
0 0.1455078125 0.701171875 0.044921875 0.01953125
0 0.1826171875 0.7099609375 0.029296875 0.037109375
0 0.1455078125 0.7197265625 0.044921875 0.017578125
0 0.146484375 0.744140625 0.04296875 0.015625
0 0.1455078125 0.7626953125 0.041015625 0.021484375
0 0.1494140625 0.783203125 0.033203125 0.01953125
0 0.1533203125 0.8046875 0.037109375 0.015625
0 0.154296875 0.822265625 0.03515625 0.01953125
0 0.150390625 0.8447265625 0.0390625 0.021484375
0 0.1904296875 0.8232421875 0.017578125 0.033203125
0 0.15625 0.8857421875 0.0390625 0.017578125
0 0.1943359375 0.900390625 0.017578125 0.03515625
0 0.1611328125 0.9072265625 0.033203125 0.013671875
0 0.1572265625 0.9248046875 0.041015625 0.017578125
0 0.1611328125 0.943359375 0.033203125 0.01953125
0 0.158203125 0.9638671875 0.04296875 0.017578125
0 0.16015625 0.984375 0.0390625 0.015625
0 0.6171875 0.1494140625 0.01953125 0.041015625
0 0.4736328125 0.197265625 0.041015625 0.0234375
0 0.4345703125 0.271484375 0.021484375 0.02734375
0 0.33203125 0.2265625 0.03515625 0.0234375
0 0.462890625 0.38671875 0.0390625 0.01953125
0 0.5205078125 0.4345703125 0.041015625 0.044921875
0 0.46875 0.42578125 0.0390625 0.01953125
0 0.466796875 0.447265625 0.03515625 0.0234375
0 0.4677734375 0.4697265625 0.037109375 0.021484375
0 0.4736328125 0.494140625 0.041015625 0.01953125
0 0.4736328125 0.5322265625 0.044921875 0.017578125
0 0.4716796875 0.556640625 0.037109375 0.015625
0 0.4755859375 0.5732421875 0.044921875 0.017578125
0 0.619140625 0.4912109375 0.0234375 0.037109375
0 0.4775390625 0.595703125 0.041015625 0.015625
0 0.474609375 0.6181640625 0.03515625 0.017578125
0 0.4765625 0.6533203125 0.03515625 0.017578125
1 0.51953125 0.66796875 0.02734375 0.0546875
0 0.548828125 0.63671875 0.01953125 0.0390625
0 0.64453125 0.4892578125 0.015625 0.033203125
0 0.4873046875 0.73828125 0.037109375 0.01953125
0 0.490234375 0.7607421875 0.0390625 0.017578125
0 0.4951171875 0.7822265625 0.041015625 0.013671875
0 0.4921875 0.8037109375 0.04296875 0.013671875
0 0.4892578125 0.8251953125 0.041015625 0.017578125
0 0.490234375 0.8857421875 0.03515625 0.021484375
0 0.49609375 0.9267578125 0.0390625 0.021484375
0 0.4990234375 0.9462890625 0.033203125 0.017578125
0 0.6357421875 0.14453125 0.013671875 0.03515625
0 0.654296875 0.1455078125 0.0234375 0.037109375
0 0.6767578125 0.14453125 0.021484375 0.03515625
0 0.6962890625 0.14453125 0.017578125 0.03515625
0 0.7177734375 0.142578125 0.017578125 0.04296875
0 0.73828125 0.1416015625 0.0234375 0.041015625
0 0.759765625 0.142578125 0.01953125 0.04296875
0 0.798828125 0.140625 0.015625 0.0390625
0 0.84765625 0.1396484375 0.01953125 0.037109375
0 0.873046875 0.140625 0.01953125 0.03515625
0 0.9814453125 0.1337890625 0.017578125 0.033203125
0 0.7314453125 0.248046875 0.021484375 0.0390625
0 0.7587890625 0.2509765625 0.017578125 0.041015625
0 0.7783203125 0.2490234375 0.021484375 0.037109375
0 0.806640625 0.2490234375 0.015625 0.037109375
0 0.828125 0.2431640625 0.015625 0.037109375
0 0.8740234375 0.2490234375 0.013671875 0.044921875
0 0.89453125 0.240234375 0.015625 0.04296875
0 0.8681640625 0.326171875 0.025390625 0.046875
0 0.80078125 0.3740234375 0.0390625 0.017578125
0 0.80078125 0.392578125 0.0390625 0.01953125
0 0.8115234375 0.412109375 0.037109375 0.01953125
0 0.8125 0.4306640625 0.0390625 0.017578125
0 0.8134765625 0.44921875 0.041015625 0.01953125
0 0.8759765625 0.4423828125 0.037109375 0.017578125
0 0.9423828125 0.439453125 0.041015625 0.02734375
0 0.876953125 0.46875 0.0234375 0.03515625
0 0.8203125 0.4833984375 0.015625 0.029296875
0 0.80078125 0.4833984375 0.0234375 0.029296875
0 0.77734375 0.4833984375 0.0234375 0.029296875
0 0.755859375 0.482421875 0.01953125 0.03125
0 0.7294921875 0.482421875 0.017578125 0.03515625
0 0.7080078125 0.4814453125 0.025390625 0.037109375
0 0.71484375 0.51171875 0.0390625 0.0234375
0 0.685546875 0.484375 0.01953125 0.03125
0 0.6669921875 0.486328125 0.017578125 0.02734375
0 0.9697265625 0.4833984375 0.021484375 0.041015625
0 0.8203125 0.5693359375 0.015625 0.037109375
0 0.8017578125 0.5693359375 0.021484375 0.037109375
0 0.78125 0.5751953125 0.01953125 0.025390625
0 0.775390625 0.685546875 0.03125 0.015625
0 0.771484375 0.716796875 0.02734375 0.01953125
0 0.771484375 0.82421875 0.04296875 0.01953125
0 0.77734375 0.8759765625 0.0390625 0.017578125
0 0.7802734375 0.908203125 0.044921875 0.01953125
0 0.779296875 0.9267578125 0.04296875 0.017578125
0 0.7802734375 0.9619140625 0.037109375 0.013671875
0 0.7841796875 0.9814453125 0.044921875 0.025390625
0 0.919921875 0.9697265625 0.03515625 0.013671875
0 0.8740234375 0.9765625 0.037109375 0.01953125
0 0.8740234375 0.9580078125 0.025390625 0.017578125
0 0.919921875 0.9541015625 0.03515625 0.017578125
0 0.91796875 0.921875 0.05078125 0.01953125
0 0.873046875 0.923828125 0.0390625 0.015625
0 0.8671875 0.908203125 0.03125 0.015625
0 0.86328125 0.888671875 0.0390625 0.0234375
0 0.916015625 0.8681640625 0.03515625 0.013671875
0 0.9208984375 0.8505859375 0.044921875 0.017578125
0 0.9140625 0.798828125 0.0390625 0.01953125
0 0.984375 0.6630859375 0.01953125 0.021484375
