0 0.0927734375 0.0986328125 0.025390625 0.037109375
0 0.1318359375 0.130859375 0.021484375 0.0390625
0 0.3193359375 0.4462890625 0.041015625 0.021484375
0 0.3466796875 0.0234375 0.056640625 0.03515625
0 0.3720703125 0.193359375 0.033203125 0.046875
0 0.5068359375 0.1015625 0.029296875 0.046875
0 0.376953125 0.240234375 0.03125 0.02734375
0 0.3779296875 0.28125 0.021484375 0.03125
0 0.3935546875 0.462890625 0.025390625 0.0390625
0 0.57421875 0.7041015625 0.03125 0.021484375
0 0.646484375 0.6982421875 0.0390625 0.025390625
0 0.716796875 0.697265625 0.03125 0.0234375
0 0.7919921875 0.6962890625 0.048828125 0.021484375
0 0.591796875 0.7685546875 0.04296875 0.017578125
0 0.6005859375 0.8603515625 0.033203125 0.044921875
0 0.603515625 0.91796875 0.04296875 0.0234375
0 0.943359375 0.384765625 0.046875 0.0234375
