0 0.72265625 0.0810546875 0.0390625 0.021484375
0 0.7158203125 0.125 0.037109375 0.02734375
0 0.400390625 0.044921875 0.0390625 0.0234375
0 0.1513671875 0.53515625 0.013671875 0.03125
0 0.30078125 0.578125 0.0390625 0.02734375
0 0.5078125 0.568359375 0.015625 0.02734375
0 0.53125 0.58203125 0.015625 0.03515625
0 0.5537109375 0.576171875 0.017578125 0.03515625
0 0.583984375 0.5732421875 0.015625 0.037109375
0 0.611328125 0.5703125 0.015625 0.03515625
0 0.63671875 0.5673828125 0.01953125 0.037109375
0 0.701171875 0.572265625 0.01953125 0.0390625
