0 0.8330078125 0.294921875 0.013671875 0.03125
0 0.921875 0.2685546875 0.015625 0.037109375
0 0.9072265625 0.2265625 0.017578125 0.0390625
0 0.955078125 0.1416015625 0.03515625 0.017578125
0 0.935546875 0.1669921875 0.0390625 0.017578125
0 0.95703125 0.1796875 0.0390625 0.015625
0 0.81640625 0.626953125 0.04296875 0.0234375
0 0.9345703125 0.66015625 0.017578125 0.03515625
0 0.822265625 0.71875 0.0390625 0.01953125
0 0.1962890625 0.044921875 0.025390625 0.01953125
0 0.2265625 0.0361328125 0.0234375 0.025390625
0 0.24609375 0.0146484375 0.02734375 0.013671875
0 0.9443359375 0.1416015625 0.060546875 0.021484375
0 0.9453125 0.1669921875 0.0546875 0.013671875
