0 0.287109375 0.5439453125 0.046875 0.029296875
0 0.2744140625 0.58203125 0.025390625 0.01953125
0 0.4248046875 0.6513671875 0.033203125 0.021484375
0 0.43359375 0.68359375 0.03515625 0.01953125
0 0.4658203125 0.703125 0.029296875 0.01953125
0 0.470703125 0.7216796875 0.0390625 0.017578125
0 0.47265625 0.7421875 0.04296875 0.0234375
0 0.451171875 0.7685546875 0.0390625 0.021484375
0 0.443359375 0.8798828125 0.0390625 0.017578125
0 0.4443359375 0.8955078125 0.041015625 0.013671875
0 0.4423828125 0.9130859375 0.037109375 0.021484375
0 0.4423828125 0.93359375 0.037109375 0.01953125
0 0.2978515625 0.953125 0.025390625 0.0390625
0 0.296875 0.64453125 0.0625 0.01953125
0 0.296875 0.666015625 0.0625 0.0234375
0 0.5361328125 0.5234375 0.033203125 0.046875
0 0.0986328125 0.951171875 0.025390625 0.03515625
0 0.1259765625 0.9521484375 0.021484375 0.048828125
0 0.244140625 0.9814453125 0.03515625 0.017578125
