0 0.2373046875 0.03125 0.044921875 0.01953125
0 0.2412109375 0.0517578125 0.033203125 0.021484375
0 0.2421875 0.09375 0.04296875 0.0234375
0 0.2841796875 0.1259765625 0.025390625 0.048828125
0 0.3046875 0.0859375 0.0234375 0.03515625
0 0.244140625 0.15234375 0.03125 0.01171875
0 0.24609375 0.173828125 0.0390625 0.01953125
0 0.244140625 0.1962890625 0.03125 0.013671875
0 0.25 0.234375 0.03125 0.015625
0 0.25390625 0.25390625 0.0390625 0.0234375
0 0.255859375 0.310546875 0.03125 0.015625
0 0.26171875 0.3330078125 0.04296875 0.017578125
0 0.302734375 0.3701171875 0.03125 0.037109375
0 0.2587890625 0.37109375 0.037109375 0.0234375
0 0.2626953125 0.392578125 0.044921875 0.01953125
0 0.2587890625 0.4111328125 0.044921875 0.013671875
0 0.2587890625 0.4296875 0.041015625 0.0234375
0 0.1513671875 0.4794921875 0.021484375 0.033203125
0 0.2177734375 0.48046875 0.017578125 0.03515625
0 0.10546875 0.478515625 0.015625 0.03125
0 0.0830078125 0.4765625 0.017578125 0.03125
0 0.0615234375 0.4814453125 0.021484375 0.037109375
0 0.01953125 0.484375 0.01953125 0.03515625
0 0.0146484375 0.7666015625 0.021484375 0.041015625
0 0.0361328125 0.765625 0.021484375 0.0390625
0 0.0703125 0.7666015625 0.0234375 0.044921875
0 0.091796875 0.76953125 0.01953125 0.03515625
0 0.11328125 0.7724609375 0.0234375 0.041015625
0 0.13671875 0.7734375 0.0234375 0.04296875
0 0.1748046875 0.7509765625 0.025390625 0.044921875
0 0.2021484375 0.7470703125 0.021484375 0.041015625
0 0.2646484375 0.8994140625 0.044921875 0.021484375
0 0.3212890625 0.8564453125 0.021484375 0.041015625
0 0.39453125 0.73046875 0.03515625 0.0390625
0 0.44140625 0.732421875 0.01953125 0.03515625
0 0.462890625 0.7255859375 0.01953125 0.033203125
0 0.5009765625 0.8193359375 0.021484375 0.037109375
0 0.4990234375 0.7216796875 0.017578125 0.033203125
0 0.51953125 0.728515625 0.015625 0.03515625
0 0.5390625 0.724609375 0.015625 0.03515625
0 0.5517578125 0.90234375 0.041015625 0.0234375
0 0.755859375 0.861328125 0.0390625 0.0234375
0 0.5380859375 0.814453125 0.017578125 0.03515625
0 0.55859375 0.8154296875 0.0234375 0.037109375
0 0.6103515625 0.8125 0.021484375 0.03515625
0 0.669921875 0.8134765625 0.02734375 0.041015625
0 0.6484375 0.720703125 0.0234375 0.04296875
0 0.5830078125 0.6533203125 0.044921875 0.021484375
0 0.576171875 0.6123046875 0.05078125 0.029296875
0 0.5849609375 0.595703125 0.033203125 0.0234375
0 0.5791015625 0.55859375 0.033203125 0.01953125
0 0.576171875 0.5400390625 0.0390625 0.017578125
0 0.578125 0.521484375 0.03515625 0.01953125
0 0.6708984375 0.4697265625 0.041015625 0.017578125
0 0.5771484375 0.5029296875 0.037109375 0.017578125
0 0.5693359375 0.4150390625 0.044921875 0.025390625
0 0.6669921875 0.3994140625 0.044921875 0.021484375
0 0.7275390625 0.4052734375 0.044921875 0.021484375
0 0.568359375 0.341796875 0.0390625 0.01953125
0 0.5654296875 0.2451171875 0.041015625 0.017578125
0 0.5625 0.2646484375 0.03515625 0.021484375
0 0.5703125 0.3017578125 0.0390625 0.017578125
0 0.662109375 0.33203125 0.03125 0.01953125
0 0.6650390625 0.2509765625 0.033203125 0.017578125
0 0.716796875 0.2490234375 0.0390625 0.021484375
0 0.7236328125 0.28125 0.041015625 0.0234375
0 0.7177734375 0.2294921875 0.037109375 0.017578125
0 0.712890625 0.1611328125 0.046875 0.021484375
0 0.7109375 0.1279296875 0.03515625 0.017578125
0 0.708984375 0.1103515625 0.0390625 0.017578125
0 0.6533203125 0.1337890625 0.044921875 0.017578125
0 0.6533203125 0.1142578125 0.044921875 0.021484375
0 0.5517578125 0.138671875 0.041015625 0.0234375
0 0.6572265625 0.21875 0.037109375 0.01953125
0 0.654296875 0.0791015625 0.0390625 0.017578125
0 0.6552734375 0.0634765625 0.037109375 0.013671875
0 0.642578125 0.046875 0.04296875 0.01953125
0 0.7119140625 0.0751953125 0.044921875 0.021484375
0 0.7587890625 0.044921875 0.021484375 0.046875
0 0.7841796875 0.07421875 0.029296875 0.0390625
0 0.7890625 0.15625 0.01953125 0.04296875
0 0.5537109375 0.0283203125 0.041015625 0.021484375
0 0.7080078125 0.041015625 0.033203125 0.01953125
0 0.6484375 0.0107421875 0.03515625 0.017578125
0 0.853515625 0.2783203125 0.04296875 0.025390625
0 0.861328125 0.30078125 0.03515625 0.01953125
0 0.8603515625 0.3251953125 0.041015625 0.017578125
0 0.861328125 0.3447265625 0.04296875 0.021484375
0 0.861328125 0.37109375 0.04296875 0.01953125
0 0.802734375 0.501953125 0.01953125 0.04296875
0 0.87109375 0.9130859375 0.0390625 0.029296875
0 0.77734375 0.8955078125 0.03515625 0.021484375
0 0.705078125 0.9033203125 0.0546875 0.025390625
