0 0.03125 0.2255859375 0.01953125 0.037109375
0 0.01171875 0.3974609375 0.01953125 0.029296875
0 0.048828125 0.3974609375 0.01953125 0.025390625
0 0.0166015625 0.0654296875 0.017578125 0.033203125
0 0.037109375 0.07421875 0.015625 0.0234375
0 0.126953125 0.7119140625 0.01953125 0.044921875
0 0.9912109375 0.728515625 0.017578125 0.04296875
0 0.9794921875 0.6943359375 0.033203125 0.013671875
0 0.986328125 0.63671875 0.01953125 0.03515625
0 0.982421875 0.578125 0.01953125 0.04296875
0 0.7021484375 0.544921875 0.037109375 0.01953125
0 0.185546875 0.1083984375 0.04296875 0.017578125
0 0.177734375 0.142578125 0.0390625 0.01953125
0 0.19921875 0.22265625 0.0390625 0.015625
0 0.2724609375 0.4638671875 0.021484375 0.044921875
0 0.193359375 0.4150390625 0.0390625 0.017578125
0 0.173828125 0.517578125 0.0390625 0.01953125
0 0.177734375 0.5869140625 0.04296875 0.021484375
0 0.177734375 0.646484375 0.04296875 0.0234375
