0 0.02734375 0.888671875 0.01953125 0.0390625
0 0.1240234375 0.861328125 0.017578125 0.0390625
0 0.1376953125 0.5185546875 0.017578125 0.037109375
0 0.42578125 0.98046875 0.03515625 0.01953125
0 0.4580078125 0.30078125 0.041015625 0.01953125
0 0.53125 0.20703125 0.015625 0.03515625
0 0.4892578125 0.044921875 0.021484375 0.03515625
0 0.52734375 0.0791015625 0.01953125 0.037109375
0 0.615234375 0.0888671875 0.03125 0.025390625
0 0.685546875 0.0771484375 0.0234375 0.029296875
0 0.7177734375 0.0771484375 0.025390625 0.037109375
1 0.3291015625 0.9853515625 0.056640625 0.021484375
