0 0.3388671875 0.03515625 0.041015625 0.01953125
0 0.33984375 0.0146484375 0.03515625 0.013671875
0 0.5068359375 0.0224609375 0.021484375 0.037109375
0 0.5263671875 0.025390625 0.017578125 0.03515625
0 0.5478515625 0.0224609375 0.017578125 0.037109375
0 0.5732421875 0.0224609375 0.017578125 0.029296875
0 0.625 0.0205078125 0.015625 0.029296875
0 0.7119140625 0.0185546875 0.013671875 0.037109375
0 0.87890625 0.0546875 0.0390625 0.02734375
0 0.5078125 0.1103515625 0.015625 0.037109375
0 0.5302734375 0.1103515625 0.013671875 0.029296875
0 0.5732421875 0.111328125 0.017578125 0.0390625
0 0.59765625 0.1162109375 0.015625 0.029296875
0 0.640625 0.109375 0.015625 0.03125
0 0.6650390625 0.107421875 0.009765625 0.02734375
0 0.802734375 0.103515625 0.015625 0.03515625
0 0.708984375 0.103515625 0.01171875 0.03125
0 0.77734375 0.1025390625 0.015625 0.029296875
0 0.869140625 0.099609375 0.015625 0.0390625
0 0.8916015625 0.0986328125 0.013671875 0.033203125
0 0.9150390625 0.1044921875 0.013671875 0.029296875
0 0.93359375 0.1005859375 0.015625 0.041015625
0 0.9521484375 0.0673828125 0.033203125 0.017578125
0 0.3935546875 0.1748046875 0.033203125 0.017578125
0 0.4580078125 0.1708984375 0.033203125 0.013671875
0 0.521484375 0.1708984375 0.0390625 0.017578125
0 0.6005859375 0.1640625 0.037109375 0.01953125
1 0.0634765625 0.0185546875 0.048828125 0.017578125
0 0.3037109375 0.1064453125 0.017578125 0.021484375
0 0.3447265625 0.1572265625 0.021484375 0.021484375
0 0.2783203125 0.1728515625 0.013671875 0.021484375
0 0.3271484375 0.2099609375 0.041015625 0.017578125
0 0.201171875 0.2109375 0.0390625 0.015625
0 0.3017578125 0.25 0.017578125 0.02734375
0 0.314453125 0.9580078125 0.015625 0.037109375
0 0.2412109375 0.951171875 0.029296875 0.03125
0 0.3046875 0.32421875 0.015625 0.03125
0 0.287109375 0.396484375 0.015625 0.03125
0 0.423828125 0.4287109375 0.015625 0.041015625
0 0.451171875 0.4287109375 0.015625 0.033203125
0 0.47265625 0.4267578125 0.015625 0.033203125
0 0.5205078125 0.4296875 0.013671875 0.02734375
0 0.5419921875 0.4228515625 0.013671875 0.033203125
0 0.56640625 0.427734375 0.015625 0.03125
0 0.7314453125 0.419921875 0.017578125 0.03515625
0 0.7548828125 0.423828125 0.013671875 0.02734375
0 0.7763671875 0.416015625 0.013671875 0.03515625
0 0.796875 0.416015625 0.015625 0.03515625
0 0.8203125 0.416015625 0.015625 0.03515625
0 0.8427734375 0.416015625 0.013671875 0.03515625
0 0.8671875 0.4169921875 0.015625 0.037109375
0 0.888671875 0.4169921875 0.015625 0.037109375
0 0.986328125 0.4130859375 0.015625 0.029296875
0 0.37890625 0.8935546875 0.02734375 0.017578125
0 0.5751953125 0.57421875 0.037109375 0.015625
0 0.578125 0.5927734375 0.03515625 0.021484375
0 0.5810546875 0.615234375 0.037109375 0.015625
0 0.576171875 0.63671875 0.0390625 0.015625
0 0.5771484375 0.6572265625 0.041015625 0.013671875
0 0.58203125 0.67578125 0.03125 0.015625
0 0.58203125 0.6962890625 0.0390625 0.017578125
0 0.5771484375 0.7177734375 0.029296875 0.013671875
0 0.5830078125 0.7373046875 0.033203125 0.017578125
0 0.5810546875 0.759765625 0.029296875 0.015625
0 0.583984375 0.779296875 0.03125 0.015625
0 0.583984375 0.7998046875 0.03515625 0.009765625
0 0.5810546875 0.8193359375 0.037109375 0.017578125
0 0.5849609375 0.841796875 0.033203125 0.01953125
0 0.5849609375 0.86328125 0.033203125 0.015625
0 0.6416015625 0.841796875 0.013671875 0.03125
0 0.6982421875 0.59765625 0.033203125 0.01953125
0 0.734375 0.53125 0.015625 0.03125
0 0.7568359375 0.5283203125 0.017578125 0.033203125
0 0.833984375 0.68359375 0.015625 0.03515625
0 0.5908203125 0.9052734375 0.033203125 0.017578125
0 0.587890625 0.923828125 0.02734375 0.01953125
0 0.5927734375 0.962890625 0.033203125 0.015625
0 0.595703125 0.9853515625 0.03515625 0.021484375
0 0.646484375 0.9638671875 0.01953125 0.033203125
0 0.90625 0.921875 0.015625 0.03125
0 0.9423828125 0.939453125 0.037109375 0.015625
0 0.9453125 0.9599609375 0.04296875 0.017578125
0 0.98828125 0.9404296875 0.01953125 0.033203125
