0 0.3896484375 0.611328125 0.041015625 0.01953125
0 0.4697265625 0.521484375 0.048828125 0.02734375
0 0.576171875 0.53515625 0.046875 0.0234375
0 0.615234375 0.48828125 0.046875 0.02734375
0 0.6572265625 0.65625 0.033203125 0.01953125
0 0.7119140625 0.6533203125 0.041015625 0.021484375
0 0.771484375 0.6455078125 0.0390625 0.021484375
1 0.8056640625 0.6728515625 0.111328125 0.025390625
0 0.841796875 0.6474609375 0.04296875 0.017578125
0 0.9013671875 0.6455078125 0.044921875 0.025390625
0 0.908203125 0.6689453125 0.04296875 0.021484375
0 0.865234375 0.6220703125 0.0390625 0.021484375
0 0.9169921875 0.6201171875 0.041015625 0.021484375
0 0.8994140625 0.5966796875 0.044921875 0.025390625
0 0.8603515625 0.5712890625 0.044921875 0.017578125
0 0.80078125 0.6259765625 0.0390625 0.025390625
0 0.923828125 0.572265625 0.04296875 0.0234375
0 0.9189453125 0.4912109375 0.037109375 0.021484375
