0 0.5576171875 0.212890625 0.025390625 0.04296875
0 0.5126953125 0.2041015625 0.021484375 0.048828125
0 0.4873046875 0.20703125 0.021484375 0.05078125
0 0.435546875 0.2197265625 0.0234375 0.052734375
0 0.4091796875 0.2216796875 0.021484375 0.048828125
0 0.4931640625 0.091796875 0.029296875 0.046875
0 0.4716796875 0.0947265625 0.013671875 0.033203125
0 0.4541015625 0.1015625 0.021484375 0.0390625
0 0.2705078125 0.2373046875 0.021484375 0.048828125
0 0.2470703125 0.236328125 0.025390625 0.05078125
0 0.205078125 0.23828125 0.0234375 0.04296875
0 0.181640625 0.2451171875 0.0234375 0.041015625
0 0.1640625 0.2392578125 0.0234375 0.041015625
0 0.275390625 0.09765625 0.0234375 0.03515625
0 0.154296875 0.103515625 0.0234375 0.0390625
0 0.1298828125 0.23046875 0.021484375 0.04296875
0 0.115234375 0.107421875 0.015625 0.02734375
0 0.0830078125 0.2373046875 0.021484375 0.044921875
0 0.04296875 0.232421875 0.01953125 0.04296875
