0 0.0849609375 0.087890625 0.041015625 0.0234375
0 0.080078125 0.1142578125 0.0390625 0.013671875
0 0.1533203125 0.14453125 0.021484375 0.0390625
0 0.1552734375 0.2373046875 0.025390625 0.041015625
0 0.1611328125 0.3408203125 0.033203125 0.056640625
0 0.14453125 0.375 0.0234375 0.03515625
0 0.09765625 0.5234375 0.0390625 0.0234375
0 0.177734375 0.853515625 0.01953125 0.03515625
0 0.2275390625 0.9619140625 0.029296875 0.033203125
0 0.283203125 0.9462890625 0.01953125 0.037109375
0 0.3486328125 0.9560546875 0.021484375 0.044921875
0 0.3720703125 0.955078125 0.025390625 0.04296875
0 0.6171875 0.9501953125 0.01953125 0.041015625
0 0.638671875 0.6171875 0.02734375 0.0390625
0 0.6630859375 0.6171875 0.021484375 0.0390625
0 0.4423828125 0.5732421875 0.041015625 0.021484375
0 0.4404296875 0.4931640625 0.033203125 0.017578125
0 0.4306640625 0.4296875 0.033203125 0.01953125
0 0.4384765625 0.4091796875 0.041015625 0.017578125
0 0.5361328125 0.37109375 0.029296875 0.015625
0 0.5361328125 0.2919921875 0.037109375 0.017578125
0 0.435546875 0.3076171875 0.03515625 0.017578125
0 0.4296875 0.328125 0.03515625 0.015625
0 0.62890625 0.3623046875 0.03125 0.033203125
0 0.5361328125 0.310546875 0.037109375 0.01953125
0 0.6513671875 0.365234375 0.013671875 0.0234375
0 0.4306640625 0.2724609375 0.033203125 0.017578125
0 0.4306640625 0.251953125 0.037109375 0.015625
0 0.4287109375 0.23046875 0.037109375 0.015625
0 0.4267578125 0.2080078125 0.037109375 0.017578125
0 0.427734375 0.1904296875 0.03515625 0.017578125
0 0.427734375 0.1708984375 0.03515625 0.013671875
0 0.4248046875 0.1494140625 0.037109375 0.017578125
0 0.4228515625 0.1123046875 0.037109375 0.017578125
0 0.421875 0.091796875 0.03515625 0.015625
0 0.4208984375 0.0703125 0.041015625 0.015625
0 0.41796875 0.0517578125 0.0390625 0.021484375
0 0.41796875 0.0263671875 0.03125 0.017578125
0 0.5263671875 0.025390625 0.037109375 0.01953125
0 0.5244140625 0.0458984375 0.041015625 0.021484375
0 0.52734375 0.0859375 0.04296875 0.01953125
0 0.8291015625 0.357421875 0.037109375 0.03515625
0 0.6513671875 0.359375 0.029296875 0.04296875
0 0.8984375 0.2080078125 0.03125 0.048828125
0 0.896484375 0.1630859375 0.03515625 0.041015625
0 0.7939453125 0.6162109375 0.017578125 0.041015625
0 0.7744140625 0.6171875 0.021484375 0.0390625
0 0.7275390625 0.615234375 0.017578125 0.03515625
0 0.7060546875 0.6162109375 0.025390625 0.033203125
0 0.6357421875 0.9453125 0.013671875 0.03515625
0 0.654296875 0.9462890625 0.0234375 0.037109375
0 0.6767578125 0.9453125 0.021484375 0.03515625
0 0.6962890625 0.9453125 0.017578125 0.03515625
0 0.7177734375 0.943359375 0.017578125 0.04296875
0 0.73828125 0.9423828125 0.0234375 0.041015625
0 0.759765625 0.943359375 0.01953125 0.04296875
0 0.798828125 0.94140625 0.015625 0.0390625
0 0.84765625 0.9404296875 0.01953125 0.037109375
0 0.873046875 0.94140625 0.01953125 0.03515625
0 0.9814453125 0.9345703125 0.017578125 0.033203125
