0 0.33203125 0.716796875 0.046875 0.0234375
0 0.5830078125 0.7646484375 0.033203125 0.048828125
0 0.73046875 0.669921875 0.0546875 0.02734375
0 0.8564453125 0.69140625 0.052734375 0.02734375
1 0.44140625 0.9873046875 0.0625 0.025390625
1 0.6201171875 0.9443359375 0.029296875 0.091796875
1 0.646484375 0.9404296875 0.0234375 0.083984375
1 0.6748046875 0.9404296875 0.025390625 0.087890625
1 0.69921875 0.94140625 0.02734375 0.08984375
1 0.7236328125 0.9228515625 0.021484375 0.060546875
1 0.6162109375 0.86328125 0.025390625 0.0625
1 0.6435546875 0.857421875 0.029296875 0.08203125
1 0.669921875 0.8544921875 0.03125 0.083984375
1 0.6923828125 0.849609375 0.029296875 0.0859375
1 0.71875 0.85546875 0.0234375 0.0625
1 0.146484375 0.822265625 0.0546875 0.0234375
