0 0.1123046875 0.80859375 0.025390625 0.03515625
0 0.169921875 0.8017578125 0.0234375 0.041015625
0 0.2822265625 0.703125 0.021484375 0.04296875
0 0.3046875 0.7001953125 0.0234375 0.037109375
0 0.189453125 0.7978515625 0.015625 0.033203125
0 0.20703125 0.798828125 0.01953125 0.03515625
0 0.2265625 0.8017578125 0.01953125 0.041015625
0 0.2607421875 0.7978515625 0.021484375 0.041015625
0 0.2802734375 0.7958984375 0.017578125 0.037109375
0 0.298828125 0.7900390625 0.01953125 0.037109375
0 0.3662109375 0.7685546875 0.017578125 0.037109375
0 0.2001953125 0.912109375 0.021484375 0.03515625
0 0.2724609375 0.9072265625 0.025390625 0.041015625
0 0.2919921875 0.90234375 0.013671875 0.03125
0 0.3095703125 0.9033203125 0.021484375 0.033203125
0 0.328125 0.8994140625 0.01953125 0.041015625
0 0.3466796875 0.9013671875 0.017578125 0.044921875
0 0.3642578125 0.9013671875 0.017578125 0.029296875
0 0.3916015625 0.66796875 0.041015625 0.0234375
0 0.3916015625 0.6298828125 0.037109375 0.025390625
0 0.3935546875 0.5712890625 0.041015625 0.033203125
0 0.3818359375 0.263671875 0.033203125 0.01953125
0 0.3759765625 0.2421875 0.044921875 0.0234375
0 0.37890625 0.2216796875 0.0390625 0.017578125
0 0.3701171875 0.12109375 0.037109375 0.01953125
0 0.3701171875 0.1025390625 0.037109375 0.017578125
0 0.3603515625 0.08203125 0.041015625 0.0234375
0 0.427734375 0.1669921875 0.03125 0.044921875
0 0.3603515625 0.05859375 0.037109375 0.015625
0 0.3525390625 0.0361328125 0.033203125 0.017578125
0 0.4873046875 0.4609375 0.017578125 0.03515625
0 0.48828125 0.505859375 0.01953125 0.03515625
0 0.4873046875 0.5478515625 0.017578125 0.029296875
0 0.529296875 0.55859375 0.01953125 0.03125
0 0.5283203125 0.517578125 0.017578125 0.03125
0 0.5263671875 0.48046875 0.017578125 0.03515625
0 0.525390625 0.4365234375 0.01953125 0.037109375
1 0.4931640625 0.341796875 0.060546875 0.0234375
1 0.4951171875 0.318359375 0.056640625 0.0234375
1 0.4921875 0.2802734375 0.05859375 0.025390625
1 0.4921875 0.2587890625 0.05859375 0.025390625
0 0.4794921875 0.0322265625 0.060546875 0.021484375
0 0.482421875 0.0517578125 0.05859375 0.017578125
0 0.4814453125 0.0712890625 0.056640625 0.021484375
0 0.4853515625 0.154296875 0.056640625 0.01953125
1 0.91796875 0.650390625 0.05859375 0.015625
1 0.6015625 0.6630859375 0.06640625 0.021484375
0 0.564453125 0.7353515625 0.02734375 0.037109375
0 0.5849609375 0.7373046875 0.025390625 0.029296875
0 0.662109375 0.7314453125 0.0234375 0.037109375
0 0.70703125 0.73046875 0.02734375 0.0390625
0 0.7275390625 0.728515625 0.029296875 0.03515625
0 0.7509765625 0.7314453125 0.029296875 0.033203125
0 0.7783203125 0.724609375 0.029296875 0.0390625
0 0.8466796875 0.7197265625 0.037109375 0.041015625
0 0.8974609375 0.72265625 0.029296875 0.0390625
0 0.9453125 0.71484375 0.02734375 0.04296875
0 0.9658203125 0.72265625 0.025390625 0.03515625
0 0.9873046875 0.72265625 0.025390625 0.03125
0 0.9873046875 0.76171875 0.017578125 0.03515625
0 0.962890625 0.76171875 0.01953125 0.03125
0 0.9443359375 0.7607421875 0.017578125 0.033203125
0 0.923828125 0.765625 0.01953125 0.03515625
0 0.8896484375 0.765625 0.017578125 0.02734375
0 0.8720703125 0.771484375 0.017578125 0.03125
0 0.849609375 0.763671875 0.015625 0.02734375
0 0.8330078125 0.7705078125 0.017578125 0.029296875
0 0.8134765625 0.7724609375 0.021484375 0.033203125
