1 0.1416015625 0.28125 0.087890625 0.0390625
1 0.2353515625 0.2578125 0.029296875 0.09765625
1 0.28125 0.244140625 0.0234375 0.06640625
1 0.287109375 0.3095703125 0.02734375 0.064453125
1 0.4384765625 0.34765625 0.060546875 0.03125
1 0.50390625 0.3369140625 0.05859375 0.029296875
1 0.482421875 0.513671875 0.07421875 0.078125
1 0.541015625 0.48046875 0.04296875 0.0390625
1 0.5458984375 0.5068359375 0.052734375 0.052734375
0 0.5478515625 0.5693359375 0.033203125 0.041015625
1 0.5537109375 0.63671875 0.025390625 0.0859375
0 0.580078125 0.6484375 0.015625 0.0390625
1 0.615234375 0.55859375 0.0234375 0.0859375
1 0.6201171875 0.6376953125 0.021484375 0.056640625
1 0.62109375 0.69921875 0.0234375 0.06640625
1 0.6796875 0.533203125 0.0703125 0.08203125
1 0.6875 0.578125 0.0546875 0.06640625
1 0.689453125 0.6689453125 0.0546875 0.064453125
1 0.6845703125 0.7158203125 0.048828125 0.060546875
1 0.6962890625 0.751953125 0.056640625 0.05859375
1 0.7041015625 0.787109375 0.052734375 0.0625
1 0.6962890625 0.84765625 0.056640625 0.05859375
1 0.703125 0.8837890625 0.0546875 0.060546875
1 0.6298828125 0.8662109375 0.033203125 0.083984375
1 0.5712890625 0.896484375 0.029296875 0.0859375
1 0.505859375 0.89453125 0.078125 0.0625
1 0.4462890625 0.9208984375 0.072265625 0.072265625
1 0.4453125 0.8798828125 0.06640625 0.072265625
1 0.4462890625 0.833984375 0.068359375 0.0703125
1 0.4462890625 0.7861328125 0.068359375 0.076171875
1 0.439453125 0.75 0.06640625 0.078125
1 0.498046875 0.6884765625 0.0703125 0.072265625
1 0.5009765625 0.75390625 0.033203125 0.0859375
1 0.53125 0.7294921875 0.03125 0.083984375
1 0.5576171875 0.728515625 0.033203125 0.08203125
1 0.5341796875 0.8134765625 0.025390625 0.083984375
1 0.5068359375 0.837890625 0.029296875 0.08203125
1 0.5615234375 0.8125 0.029296875 0.08203125
1 0.6240234375 0.7763671875 0.029296875 0.087890625
0 0.44140625 0.9755859375 0.03515625 0.037109375
0 0.744140625 0.30859375 0.04296875 0.0234375
0 0.744140625 0.2578125 0.0390625 0.01953125
0 0.744140625 0.27734375 0.0390625 0.01953125
0 0.7314453125 0.1416015625 0.041015625 0.025390625
0 0.732421875 0.087890625 0.04296875 0.01953125
0 0.650390625 0.0576171875 0.0390625 0.017578125
1 0.6083984375 0.431640625 0.021484375 0.05078125
1 0.6123046875 0.486328125 0.029296875 0.05859375
