0 0.962890625 0.716796875 0.01953125 0.03125
0 0.919921875 0.7138671875 0.02734375 0.033203125
0 0.8525390625 0.716796875 0.025390625 0.03125
0 0.8359375 0.673828125 0.03515625 0.015625
0 0.8828125 0.669921875 0.02734375 0.01171875
0 0.89453125 0.6240234375 0.015625 0.033203125
0 0.873046875 0.62890625 0.015625 0.0390625
0 0.912109375 0.6376953125 0.01953125 0.037109375
0 0.841796875 0.626953125 0.015625 0.03515625
0 0.779296875 0.6064453125 0.0390625 0.017578125
0 0.9404296875 0.41796875 0.025390625 0.03515625
0 0.8994140625 0.4189453125 0.021484375 0.037109375
0 0.8779296875 0.4208984375 0.021484375 0.033203125
0 0.841796875 0.412109375 0.015625 0.03515625
0 0.7802734375 0.7294921875 0.021484375 0.044921875
0 0.6494140625 0.7265625 0.041015625 0.03125
