0 0.708984375 0.70703125 0.01953125 0.0390625
0 0.7099609375 0.748046875 0.021484375 0.03515625
0 0.75390625 0.6767578125 0.0390625 0.017578125
1 0.6796875 0.1337890625 0.0234375 0.064453125
0 0.29296875 0.5048828125 0.0234375 0.037109375
0 0.40234375 0.37109375 0.01953125 0.0390625
0 0.4208984375 0.1513671875 0.021484375 0.037109375
0 0.0625 0.125 0.01953125 0.03515625
0 0.0615234375 0.0869140625 0.017578125 0.029296875
0 0.0625 0.048828125 0.015625 0.02734375
0 0.109375 0.03515625 0.0390625 0.01953125
