0 0.015625 0.068359375 0.015625 0.03125
0 0.0380859375 0.068359375 0.017578125 0.03515625
0 0.0595703125 0.072265625 0.017578125 0.03515625
0 0.080078125 0.0654296875 0.015625 0.029296875
0 0.1044921875 0.068359375 0.017578125 0.03515625
0 0.1240234375 0.0673828125 0.017578125 0.037109375
0 0.146484375 0.0615234375 0.015625 0.029296875
0 0.1728515625 0.0625 0.013671875 0.02734375
0 0.1943359375 0.0595703125 0.017578125 0.029296875
0 0.21484375 0.0556640625 0.01171875 0.021484375
0 0.236328125 0.0625 0.01953125 0.03515625
0 0.2626953125 0.0615234375 0.013671875 0.025390625
0 0.302734375 0.021484375 0.01953125 0.03515625
0 0.306640625 0.060546875 0.015625 0.03515625
0 0.0859375 0.123046875 0.015625 0.03125
0 0.1083984375 0.119140625 0.017578125 0.03515625
0 0.15625 0.119140625 0.01953125 0.03125
0 0.3291015625 0.0927734375 0.017578125 0.037109375
0 0.43359375 0.0087890625 0.0390625 0.017578125
0 0.435546875 0.04296875 0.03515625 0.015625
0 0.3876953125 0.1533203125 0.033203125 0.017578125
0 0.44140625 0.1474609375 0.03125 0.017578125
0 0.4384765625 0.166015625 0.037109375 0.015625
0 0.3837890625 0.1923828125 0.037109375 0.013671875
0 0.29296875 0.201171875 0.015625 0.03515625
0 0.310546875 0.197265625 0.01171875 0.03125
0 0.3876953125 0.2353515625 0.037109375 0.017578125
0 0.3828125 0.255859375 0.0390625 0.015625
0 0.3955078125 0.302734375 0.033203125 0.015625
0 0.39453125 0.3232421875 0.0390625 0.017578125
0 0.4462890625 0.2978515625 0.033203125 0.013671875
0 0.0615234375 0.1962890625 0.017578125 0.041015625
0 0.140625 0.1943359375 0.015625 0.033203125
0 0.16015625 0.193359375 0.015625 0.03125
0 0.1875 0.197265625 0.015625 0.02734375
0 0.2080078125 0.1982421875 0.017578125 0.037109375
0 0.1298828125 0.2490234375 0.029296875 0.017578125
0 0.134765625 0.26953125 0.0390625 0.015625
0 0.1279296875 0.2939453125 0.037109375 0.017578125
0 0.015625 0.748046875 0.0234375 0.03515625
0 0.4501953125 0.369140625 0.037109375 0.015625
0 0.44921875 0.3857421875 0.03515625 0.013671875
0 0.4560546875 0.4365234375 0.029296875 0.013671875
0 0.45703125 0.455078125 0.02734375 0.015625
0 0.4599609375 0.4697265625 0.025390625 0.013671875
0 0.5078125 0.537109375 0.015625 0.03515625
0 0.458984375 0.5634765625 0.03125 0.017578125
0 0.392578125 0.3583984375 0.03125 0.013671875
0 0.388671875 0.3828125 0.03125 0.015625
0 0.4453125 0.3154296875 0.03515625 0.013671875
0 0.4521484375 0.4189453125 0.037109375 0.013671875
0 0.453125 0.400390625 0.03515625 0.015625
0 0.158203125 0.490234375 0.03515625 0.02734375
0 0.07421875 0.5146484375 0.03515625 0.017578125
0 0.07421875 0.533203125 0.03125 0.01953125
0 0.080078125 0.5556640625 0.03125 0.013671875
0 0.0810546875 0.5810546875 0.033203125 0.013671875
0 0.072265625 0.6005859375 0.0390625 0.013671875
0 0.07421875 0.6259765625 0.03515625 0.017578125
0 0.072265625 0.64453125 0.03515625 0.015625
0 0.06640625 0.7021484375 0.0234375 0.033203125
0 0.109375 0.7529296875 0.015625 0.033203125
0 0.1337890625 0.7509765625 0.017578125 0.033203125
0 0.158203125 0.75 0.01953125 0.03515625
0 0.1767578125 0.74609375 0.017578125 0.03125
0 0.201171875 0.7451171875 0.015625 0.037109375
0 0.220703125 0.74609375 0.015625 0.03125
0 0.244140625 0.7470703125 0.01953125 0.033203125
0 0.267578125 0.744140625 0.015625 0.03515625
0 0.2880859375 0.7421875 0.013671875 0.03125
0 0.1875 0.7001953125 0.01171875 0.029296875
0 0.2333984375 0.6982421875 0.017578125 0.037109375
0 0.2802734375 0.7001953125 0.017578125 0.037109375
0 0.306640625 0.69921875 0.01171875 0.03125
0 0.3076171875 0.7373046875 0.013671875 0.033203125
0 0.0244140625 0.810546875 0.037109375 0.01953125
0 0.072265625 0.8076171875 0.03125 0.017578125
0 0.1328125 0.806640625 0.03515625 0.015625
0 0.1640625 0.5478515625 0.0390625 0.017578125
0 0.173828125 0.658203125 0.03125 0.03515625
0 0.232421875 0.6328125 0.01953125 0.0390625
0 0.455078125 0.6318359375 0.0390625 0.021484375
0 0.46484375 0.6494140625 0.03125 0.013671875
0 0.4658203125 0.669921875 0.033203125 0.01171875
0 0.4638671875 0.701171875 0.033203125 0.01953125
0 0.4619140625 0.736328125 0.041015625 0.015625
1 0.2802734375 0.0546875 0.025390625 0.08203125
1 0.2763671875 0.1357421875 0.083984375 0.025390625
1 0.4384765625 0.2119140625 0.056640625 0.017578125
1 0.443359375 0.34765625 0.0546875 0.015625
1 0.1025390625 0.4580078125 0.080078125 0.021484375
1 0.12109375 0.6630859375 0.05859375 0.076171875
1 0.32421875 0.65234375 0.0234375 0.078125
1 0.326171875 0.73828125 0.02734375 0.078125
1 0.24609375 0.80078125 0.08203125 0.05078125
0 0.4404296875 0.8935546875 0.037109375 0.013671875
0 0.53125 0.0361328125 0.0390625 0.017578125
0 0.5322265625 0.0576171875 0.041015625 0.013671875
0 0.5322265625 0.07421875 0.041015625 0.01953125
0 0.53125 0.107421875 0.03515625 0.01171875
0 0.5302734375 0.125 0.041015625 0.015625
0 0.533203125 0.1455078125 0.0390625 0.009765625
0 0.5341796875 0.1572265625 0.041015625 0.013671875
0 0.5390625 0.1748046875 0.046875 0.021484375
0 0.537109375 0.193359375 0.04296875 0.015625
0 0.5322265625 0.2255859375 0.048828125 0.017578125
0 0.53515625 0.2431640625 0.04296875 0.017578125
0 0.544921875 0.31640625 0.0390625 0.015625
0 0.54296875 0.3349609375 0.0390625 0.013671875
0 0.5419921875 0.3525390625 0.044921875 0.013671875
0 0.5458984375 0.369140625 0.041015625 0.01953125
0 0.546875 0.40234375 0.04296875 0.015625
0 0.5478515625 0.41796875 0.041015625 0.015625
0 0.5478515625 0.4384765625 0.041015625 0.017578125
0 0.5498046875 0.48828125 0.041015625 0.01953125
0 0.546875 0.5205078125 0.046875 0.021484375
0 0.55078125 0.5517578125 0.04296875 0.017578125
0 0.5517578125 0.5732421875 0.041015625 0.017578125
0 0.5537109375 0.60546875 0.041015625 0.015625
0 0.556640625 0.6240234375 0.0546875 0.017578125
0 0.5576171875 0.65625 0.041015625 0.01953125
0 0.5595703125 0.673828125 0.033203125 0.015625
0 0.5546875 0.69140625 0.04296875 0.015625
0 0.5576171875 0.7255859375 0.041015625 0.021484375
0 0.5654296875 0.7607421875 0.041015625 0.013671875
0 0.5654296875 0.7802734375 0.044921875 0.017578125
0 0.4658203125 0.72265625 0.029296875 0.015625
0 0.7509765625 0.650390625 0.025390625 0.04296875
0 0.8740234375 0.3388671875 0.017578125 0.041015625
