1 0.9189453125 0.9765625 0.056640625 0.01171875
1 0.9228515625 0.9345703125 0.080078125 0.017578125
1 0.9189453125 0.875 0.064453125 0.015625
1 0.91796875 0.857421875 0.046875 0.01171875
1 0.916015625 0.837890625 0.05859375 0.01171875
1 0.8642578125 0.708984375 0.013671875 0.05078125
1 0.8427734375 0.7119140625 0.017578125 0.048828125
1 0.82421875 0.7109375 0.01953125 0.05078125
1 0.7744140625 0.712890625 0.017578125 0.05078125
1 0.68359375 0.708984375 0.08203125 0.01953125
1 0.5849609375 0.720703125 0.076171875 0.015625
1 0.3896484375 0.76171875 0.021484375 0.078125
1 0.2802734375 0.7294921875 0.083984375 0.017578125
1 0.1962890625 0.7353515625 0.064453125 0.025390625
0 0.5029296875 0.609375 0.033203125 0.04296875
0 0.3095703125 0.6162109375 0.025390625 0.044921875
0 0.2666015625 0.6181640625 0.021484375 0.025390625
0 0.400390625 0.5498046875 0.0234375 0.025390625
