0 0.7099609375 0.3212890625 0.037109375 0.025390625
1 0.7841796875 0.3603515625 0.052734375 0.029296875
0 0.4794921875 0.2626953125 0.041015625 0.029296875
0 0.3994140625 0.294921875 0.033203125 0.046875
0 0.4384765625 0.39453125 0.021484375 0.0390625
0 0.3759765625 0.4521484375 0.041015625 0.033203125
0 0.341796875 0.4560546875 0.0390625 0.033203125
0 0.3251953125 0.4736328125 0.041015625 0.033203125
0 0.0556640625 0.52734375 0.052734375 0.03125
0 0.1123046875 0.7919921875 0.021484375 0.044921875
0 0.146484375 0.7666015625 0.01953125 0.041015625
0 0.3427734375 0.6142578125 0.013671875 0.033203125
0 0.49609375 0.8525390625 0.01953125 0.041015625
0 0.5048828125 0.9892578125 0.037109375 0.021484375
0 0.6494140625 0.833984375 0.041015625 0.01953125
0 0.6513671875 0.89453125 0.044921875 0.0234375
0 0.654296875 0.9375 0.04296875 0.0234375
0 0.6611328125 0.958984375 0.041015625 0.01953125
0 0.734375 0.8935546875 0.04296875 0.017578125
0 0.728515625 0.744140625 0.04296875 0.01953125
0 0.7158203125 0.6640625 0.044921875 0.0234375
