0 0.11328125 0.046875 0.01953125 0.03515625
0 0.134765625 0.0498046875 0.0234375 0.037109375
0 0.158203125 0.044921875 0.01953125 0.0390625
0 0.181640625 0.0517578125 0.015625 0.037109375
0 0.1962890625 0.044921875 0.017578125 0.0390625
0 0.1689453125 0.1533203125 0.041015625 0.021484375
0 0.21875 0.048828125 0.01953125 0.0390625
0 0.2421875 0.044921875 0.015625 0.0390625
0 0.2587890625 0.04296875 0.017578125 0.03515625
0 0.27734375 0.0380859375 0.01953125 0.037109375
0 0.296875 0.0390625 0.015625 0.03515625
0 0.3173828125 0.0400390625 0.017578125 0.033203125
0 0.3857421875 0.0380859375 0.021484375 0.033203125
0 0.3408203125 0.0380859375 0.017578125 0.033203125
0 0.3603515625 0.0380859375 0.017578125 0.033203125
0 0.447265625 0.033203125 0.01171875 0.02734375
0 0.4658203125 0.0361328125 0.017578125 0.033203125
1 0.556640625 0.11328125 0.06640625 0.0234375
0 0.009765625 0.373046875 0.01953125 0.03515625
0 0.0107421875 0.4130859375 0.017578125 0.037109375
0 0.0146484375 0.4892578125 0.017578125 0.037109375
0 0.021484375 0.66015625 0.0234375 0.04296875
0 0.03125 0.7978515625 0.01953125 0.037109375
0 0.0322265625 0.8447265625 0.021484375 0.044921875
0 0.03515625 0.8994140625 0.0234375 0.041015625
0 0.0390625 0.9443359375 0.01953125 0.037109375
0 0.0400390625 0.9814453125 0.017578125 0.033203125
0 0.1845703125 0.1845703125 0.013671875 0.029296875
0 0.2578125 0.177734375 0.01953125 0.0390625
0 0.2822265625 0.1865234375 0.017578125 0.037109375
0 0.3056640625 0.1845703125 0.021484375 0.044921875
0 0.330078125 0.18359375 0.01953125 0.04296875
0 0.396484375 0.1787109375 0.015625 0.041015625
0 0.41796875 0.1767578125 0.015625 0.037109375
0 0.4658203125 0.1708984375 0.017578125 0.029296875
0 0.4853515625 0.1640625 0.017578125 0.0390625
0 0.794921875 0.021484375 0.015625 0.03515625
0 0.8798828125 0.021484375 0.021484375 0.0390625
0 0.732421875 0.11328125 0.0390625 0.01953125
0 0.7822265625 0.1689453125 0.017578125 0.033203125
0 0.8486328125 0.1416015625 0.017578125 0.033203125
0 0.8720703125 0.142578125 0.017578125 0.0390625
0 0.9375 0.1455078125 0.01953125 0.033203125
0 0.8525390625 0.8876953125 0.037109375 0.017578125
