0 0.9814453125 0.8935546875 0.013671875 0.033203125
0 0.9580078125 0.8896484375 0.017578125 0.033203125
0 0.9140625 0.888671875 0.01953125 0.03125
0 0.8896484375 0.88671875 0.017578125 0.03125
0 0.84765625 0.8994140625 0.01953125 0.033203125
0 0.8232421875 0.900390625 0.017578125 0.03125
0 0.7646484375 0.912109375 0.013671875 0.0234375
0 0.720703125 0.9091796875 0.01953125 0.033203125
0 0.58203125 0.7890625 0.015625 0.03125
0 0.53125 0.8271484375 0.0390625 0.017578125
0 0.529296875 0.7958984375 0.0390625 0.017578125
0 0.52734375 0.775390625 0.03125 0.015625
0 0.5302734375 0.75390625 0.041015625 0.01953125
0 0.5244140625 0.7158203125 0.037109375 0.017578125
0 0.5224609375 0.6982421875 0.033203125 0.013671875
0 0.5234375 0.681640625 0.03515625 0.015625
0 0.5244140625 0.6611328125 0.033203125 0.017578125
0 0.5263671875 0.642578125 0.033203125 0.015625
0 0.521484375 0.6201171875 0.03515625 0.021484375
0 0.5205078125 0.59765625 0.033203125 0.015625
0 0.5205078125 0.57421875 0.029296875 0.015625
0 0.51953125 0.5380859375 0.0390625 0.017578125
0 0.51171875 0.4951171875 0.03125 0.013671875
0 0.517578125 0.4619140625 0.02734375 0.013671875
0 0.509765625 0.4169921875 0.0390625 0.017578125
0 0.5439453125 0.341796875 0.021484375 0.03515625
0 0.6005859375 0.328125 0.017578125 0.03515625
0 0.5029296875 0.2734375 0.033203125 0.01953125
0 0.498046875 0.1875 0.04296875 0.0234375
0 0.49609375 0.1669921875 0.0390625 0.017578125
0 0.4970703125 0.146484375 0.041015625 0.015625
0 0.4970703125 0.126953125 0.041015625 0.015625
0 0.494140625 0.10546875 0.04296875 0.01953125
0 0.5517578125 0.171875 0.017578125 0.03125
1 0.24609375 0.1923828125 0.01953125 0.056640625
0 0.642578125 0.0341796875 0.015625 0.029296875
0 0.9267578125 0.025390625 0.013671875 0.0234375
0 0.9033203125 0.021484375 0.009765625 0.01953125
0 0.7880859375 0.2958984375 0.041015625 0.017578125
0 0.7939453125 0.31640625 0.033203125 0.01171875
0 0.798828125 0.3515625 0.03515625 0.01171875
0 0.794921875 0.4228515625 0.03125 0.009765625
0 0.80078125 0.44140625 0.03515625 0.01171875
0 0.796875 0.4609375 0.03125 0.01171875
0 0.80078125 0.478515625 0.0390625 0.015625
0 0.796875 0.529296875 0.03515625 0.015625
0 0.802734375 0.5458984375 0.0390625 0.013671875
0 0.7998046875 0.5625 0.029296875 0.01171875
0 0.8017578125 0.5986328125 0.025390625 0.013671875
0 0.90625 0.52734375 0.03515625 0.015625
0 0.90625 0.5478515625 0.0390625 0.017578125
0 0.90625 0.5673828125 0.0390625 0.013671875
0 0.9521484375 0.5830078125 0.037109375 0.017578125
0 0.9111328125 0.6044921875 0.041015625 0.017578125
0 0.9541015625 0.6181640625 0.041015625 0.017578125
0 0.88671875 0.3623046875 0.03515625 0.013671875
0 0.888671875 0.3447265625 0.02734375 0.017578125
0 0.892578125 0.310546875 0.04296875 0.01953125
0 0.8896484375 0.2919921875 0.041015625 0.017578125
0 0.9375 0.2587890625 0.0390625 0.017578125
0 0.94140625 0.3359375 0.03125 0.015625
0 0.9384765625 0.3583984375 0.033203125 0.013671875
0 0.185546875 0.68359375 0.0390625 0.01953125
0 0.1884765625 0.72265625 0.037109375 0.01953125
0 0.1904296875 0.7626953125 0.037109375 0.017578125
0 0.1865234375 0.7978515625 0.033203125 0.017578125
0 0.1884765625 0.8232421875 0.037109375 0.013671875
0 0.1943359375 0.8427734375 0.033203125 0.013671875
0 0.19140625 0.8828125 0.03515625 0.015625
0 0.201171875 0.9384765625 0.0390625 0.017578125
0 0.2080078125 0.9765625 0.033203125 0.015625
0 0.2275390625 0.8994140625 0.025390625 0.041015625
0 0.2900390625 0.9150390625 0.021484375 0.041015625
