0 0.13671875 0.955078125 0.0390625 0.03515625
0 0.150390625 0.9375 0.04296875 0.03125
0 0.1376953125 0.900390625 0.037109375 0.02734375
0 0.14453125 0.87890625 0.04296875 0.03125
0 0.134765625 0.837890625 0.04296875 0.03515625
0 0.1435546875 0.810546875 0.048828125 0.03125
0 0.138671875 0.765625 0.03125 0.04296875
0 0.220703125 0.6513671875 0.03125 0.029296875
0 0.224609375 0.6728515625 0.0390625 0.025390625
0 0.232421875 0.9130859375 0.04296875 0.025390625
0 0.2607421875 0.8466796875 0.041015625 0.021484375
0 0.216796875 0.54296875 0.03515625 0.03125
0 0.2158203125 0.501953125 0.041015625 0.02734375
0 0.21875 0.4755859375 0.03515625 0.025390625
0 0.2158203125 0.451171875 0.041015625 0.03515625
0 0.2177734375 0.3779296875 0.044921875 0.025390625
0 0.0966796875 0.2470703125 0.060546875 0.048828125
0 0.10546875 0.2314453125 0.04296875 0.037109375
0 0.1044921875 0.208984375 0.044921875 0.03515625
0 0.099609375 0.189453125 0.0390625 0.03515625
0 0.107421875 0.17578125 0.0625 0.046875
0 0.1025390625 0.150390625 0.048828125 0.03515625
1 0.1015625 0.119140625 0.06640625 0.046875
0 0.09765625 0.0810546875 0.04296875 0.029296875
0 0.0927734375 0.0595703125 0.052734375 0.033203125
0 0.0966796875 0.0419921875 0.044921875 0.025390625
0 0.095703125 0.021484375 0.046875 0.02734375
