0 0.1279296875 0.5830078125 0.021484375 0.029296875
0 0.71875 0.021484375 0.0234375 0.0390625
0 0.6767578125 0.1142578125 0.041015625 0.025390625
0 0.6865234375 0.1513671875 0.041015625 0.021484375
0 0.6748046875 0.1728515625 0.041015625 0.025390625
0 0.826171875 0.3935546875 0.046875 0.021484375
0 0.830078125 0.3701171875 0.04296875 0.021484375
0 0.8388671875 0.3427734375 0.037109375 0.017578125
0 0.859375 0.2783203125 0.03515625 0.017578125
0 0.8466796875 0.2548828125 0.037109375 0.021484375
0 0.8232421875 0.236328125 0.041015625 0.0234375
0 0.708984375 0.40234375 0.0234375 0.03515625
0 0.7509765625 0.86328125 0.021484375 0.0390625
0 0.9345703125 0.7080078125 0.021484375 0.037109375
0 0.9609375 0.74609375 0.03125 0.0390625
