0 0.955078125 0.9423828125 0.03515625 0.017578125
0 0.935546875 0.9677734375 0.0390625 0.017578125
0 0.95703125 0.98046875 0.0390625 0.015625
0 0.1962890625 0.845703125 0.025390625 0.01953125
0 0.2265625 0.8369140625 0.0234375 0.025390625
0 0.24609375 0.8154296875 0.02734375 0.013671875
0 0.0341796875 0.6005859375 0.017578125 0.041015625
0 0.6796875 0.6806640625 0.0234375 0.044921875
0 0.505859375 0.4326171875 0.05078125 0.029296875
0 0.5205078125 0.4013671875 0.041015625 0.021484375
0 0.5419921875 0.353515625 0.044921875 0.02734375
0 0.537109375 0.326171875 0.0546875 0.02734375
0 0.6689453125 0.3837890625 0.037109375 0.025390625
0 0.01953125 0.396484375 0.02734375 0.046875
0 0.146484375 0.3974609375 0.04296875 0.021484375
0 0.7509765625 0.345703125 0.048828125 0.0234375
0 0.65234375 0.1572265625 0.0390625 0.017578125
0 0.908203125 0.0458984375 0.0390625 0.021484375
0 0.75 0.037109375 0.03515625 0.01953125
0 0.7392578125 0.0712890625 0.041015625 0.021484375
0 0.9443359375 0.9423828125 0.060546875 0.021484375
0 0.9453125 0.9677734375 0.0546875 0.013671875
