0 0.02734375 0.701171875 0.01953125 0.0390625
0 0.0986328125 0.716796875 0.037109375 0.01953125
0 0.693359375 0.0322265625 0.015625 0.037109375
0 0.7958984375 0.0947265625 0.037109375 0.021484375
0 0.802734375 0.1669921875 0.04296875 0.021484375
0 0.2626953125 0.7421875 0.017578125 0.03515625
0 0.2080078125 0.8017578125 0.013671875 0.029296875
0 0.2275390625 0.806640625 0.017578125 0.03515625
0 0.244140625 0.802734375 0.01953125 0.03515625
0 0.2646484375 0.802734375 0.021484375 0.03515625
0 0.2880859375 0.7978515625 0.021484375 0.037109375
0 0.32421875 0.79296875 0.0234375 0.0390625
0 0.34375 0.796875 0.01953125 0.03515625
0 0.3779296875 0.7958984375 0.021484375 0.033203125
0 0.4013671875 0.796875 0.017578125 0.03125
0 0.431640625 0.7939453125 0.01953125 0.037109375
0 0.4716796875 0.791015625 0.021484375 0.03515625
0 0.5126953125 0.791015625 0.021484375 0.0390625
0 0.5595703125 0.7900390625 0.021484375 0.037109375
0 0.6044921875 0.7880859375 0.017578125 0.037109375
0 0.666015625 0.69140625 0.0390625 0.01953125
0 0.6650390625 0.7109375 0.041015625 0.01953125
0 0.7119140625 0.5029296875 0.021484375 0.041015625
0 0.84375 0.6708984375 0.03515625 0.017578125
0 0.8505859375 0.6923828125 0.033203125 0.017578125
0 0.8369140625 0.908203125 0.033203125 0.02734375
0 0.6845703125 0.912109375 0.037109375 0.0234375
0 0.91796875 0.9091796875 0.03125 0.017578125
