0 0.1025390625 0.78515625 0.017578125 0.03125
0 0.134765625 0.787109375 0.01953125 0.03125
0 0.0673828125 0.7939453125 0.021484375 0.037109375
0 0.033203125 0.9150390625 0.01953125 0.033203125
0 0.052734375 0.916015625 0.01953125 0.03125
0 0.07421875 0.921875 0.01953125 0.03125
0 0.0927734375 0.91796875 0.017578125 0.03515625
0 0.224609375 0.5732421875 0.04296875 0.021484375
0 0.2412109375 0.6845703125 0.041015625 0.017578125
0 0.251953125 0.7177734375 0.03125 0.017578125
0 0.25 0.7353515625 0.0390625 0.021484375
0 0.2431640625 0.06640625 0.044921875 0.01953125
0 0.248046875 0.1083984375 0.0390625 0.017578125
0 0.2451171875 0.1865234375 0.033203125 0.021484375
0 0.2509765625 0.2861328125 0.037109375 0.017578125
0 0.2548828125 0.3076171875 0.037109375 0.017578125
0 0.2578125 0.349609375 0.04296875 0.01953125
0 0.251953125 0.369140625 0.03515625 0.01953125
0 0.2607421875 0.3896484375 0.025390625 0.013671875
0 0.2578125 0.412109375 0.0390625 0.01953125
0 0.267578125 0.43359375 0.03125 0.015625
0 0.2705078125 0.451171875 0.041015625 0.01953125
0 0.0712890625 0.48046875 0.037109375 0.01953125
0 0.267578125 0.470703125 0.03515625 0.015625
0 0.5869140625 0.048828125 0.037109375 0.01953125
0 0.5888671875 0.2529296875 0.048828125 0.017578125
0 0.59375 0.275390625 0.0390625 0.01953125
0 0.59765625 0.3369140625 0.03515625 0.017578125
0 0.6015625 0.3984375 0.04296875 0.01953125
0 0.603515625 0.421875 0.0390625 0.01953125
0 0.609375 0.4423828125 0.03515625 0.013671875
0 0.6025390625 0.8955078125 0.021484375 0.037109375
0 0.525390625 0.8984375 0.01953125 0.03515625
0 0.544921875 0.7763671875 0.01953125 0.037109375
0 0.49609375 0.7763671875 0.01953125 0.033203125
0 0.474609375 0.779296875 0.01953125 0.0390625
0 0.958984375 0.0244140625 0.0390625 0.021484375
0 0.8662109375 0.0888671875 0.037109375 0.017578125
0 0.869140625 0.140625 0.03515625 0.015625
0 0.8701171875 0.1572265625 0.037109375 0.017578125
0 0.634765625 0.2646484375 0.01953125 0.041015625
0 0.7626953125 0.2470703125 0.017578125 0.029296875
0 0.787109375 0.2490234375 0.015625 0.025390625
0 0.8076171875 0.2490234375 0.017578125 0.025390625
0 0.8291015625 0.2451171875 0.017578125 0.037109375
0 0.7734375 0.50390625 0.01953125 0.0390625
0 0.8212890625 0.5 0.021484375 0.0390625
0 0.865234375 0.4990234375 0.01953125 0.029296875
0 0.939453125 0.494140625 0.01953125 0.0390625
0 0.9794921875 0.4853515625 0.021484375 0.029296875
0 0.662109375 0.77734375 0.01953125 0.03515625
0 0.755859375 0.7763671875 0.01953125 0.037109375
0 0.8046875 0.775390625 0.01953125 0.03125
0 0.8984375 0.771484375 0.01953125 0.03515625
0 0.9404296875 0.7744140625 0.021484375 0.037109375
0 0.7275390625 0.9013671875 0.017578125 0.033203125
0 0.8017578125 0.8955078125 0.017578125 0.033203125
0 0.783203125 0.896484375 0.01953125 0.03125
0 0.8388671875 0.8955078125 0.017578125 0.033203125
0 0.857421875 0.89453125 0.015625 0.03515625
0 0.9033203125 0.890625 0.025390625 0.0390625
