1 0.083984375 0.640625 0.01953125 0.0546875
1 0.1044921875 0.6416015625 0.017578125 0.052734375
1 0.12890625 0.6552734375 0.01953125 0.076171875
1 0.15234375 0.66015625 0.01953125 0.078125
1 0.1767578125 0.6630859375 0.021484375 0.076171875
1 0.2021484375 0.6640625 0.021484375 0.078125
1 0.2275390625 0.662109375 0.021484375 0.078125
1 0.26171875 0.6669921875 0.0234375 0.076171875
1 0.2880859375 0.66796875 0.021484375 0.078125
1 0.3134765625 0.6708984375 0.021484375 0.076171875
1 0.337890625 0.669921875 0.01953125 0.05078125
1 0.3828125 0.662109375 0.0234375 0.07421875
1 0.4091796875 0.6630859375 0.021484375 0.076171875
1 0.439453125 0.6533203125 0.0234375 0.076171875
1 0.46484375 0.6533203125 0.0234375 0.076171875
1 0.490234375 0.6533203125 0.0234375 0.076171875
1 0.515625 0.6552734375 0.02734375 0.076171875
1 0.544921875 0.6474609375 0.0234375 0.052734375
1 0.56640625 0.6455078125 0.0234375 0.052734375
1 0.5888671875 0.642578125 0.029296875 0.05859375
1 0.61328125 0.6328125 0.02734375 0.05078125
1 0.6376953125 0.626953125 0.021484375 0.05078125
1 0.6689453125 0.6279296875 0.021484375 0.052734375
1 0.6943359375 0.6337890625 0.025390625 0.076171875
1 0.7197265625 0.623046875 0.025390625 0.05859375
1 0.7724609375 0.6337890625 0.025390625 0.056640625
1 0.79296875 0.626953125 0.02734375 0.05078125
1 0.8134765625 0.619140625 0.029296875 0.05078125
1 0.0732421875 0.7744140625 0.017578125 0.052734375
1 0.0927734375 0.767578125 0.025390625 0.05859375
1 0.1181640625 0.7744140625 0.017578125 0.052734375
1 0.1376953125 0.7724609375 0.021484375 0.056640625
1 0.1572265625 0.767578125 0.021484375 0.0546875
1 0.18359375 0.76953125 0.0234375 0.05859375
1 0.2099609375 0.76953125 0.021484375 0.0546875
1 0.2763671875 0.767578125 0.017578125 0.05859375
1 0.3525390625 0.7685546875 0.025390625 0.060546875
1 0.0732421875 0.8671875 0.021484375 0.0546875
1 0.09375 0.8818359375 0.015625 0.052734375
1 0.1162109375 0.8818359375 0.021484375 0.060546875
1 0.1396484375 0.8818359375 0.021484375 0.056640625
1 0.1650390625 0.8759765625 0.021484375 0.076171875
1 0.1904296875 0.87890625 0.021484375 0.078125
1 0.2216796875 0.8681640625 0.017578125 0.052734375
1 0.25 0.869140625 0.01953125 0.05859375
1 0.302734375 0.8642578125 0.0234375 0.060546875
1 0.3271484375 0.8701171875 0.017578125 0.048828125
1 0.357421875 0.861328125 0.0234375 0.05859375
1 0.3828125 0.86328125 0.0234375 0.0546875
1 0.4111328125 0.8505859375 0.029296875 0.076171875
1 0.4423828125 0.8564453125 0.021484375 0.060546875
1 0.4677734375 0.8525390625 0.021484375 0.056640625
1 0.49609375 0.8447265625 0.0234375 0.076171875
1 0.5234375 0.8515625 0.015625 0.0546875
1 0.546875 0.8408203125 0.0234375 0.080078125
1 0.5771484375 0.8427734375 0.025390625 0.072265625
1 0.607421875 0.8447265625 0.01953125 0.072265625
1 0.634765625 0.849609375 0.0234375 0.05859375
1 0.6630859375 0.84765625 0.025390625 0.078125
1 0.6953125 0.8505859375 0.01953125 0.060546875
1 0.724609375 0.8447265625 0.0234375 0.076171875
1 0.7607421875 0.8388671875 0.025390625 0.076171875
1 0.7958984375 0.845703125 0.029296875 0.0625
0 0.05078125 0.26953125 0.01953125 0.0390625
0 0.1103515625 0.265625 0.021484375 0.04296875
0 0.1328125 0.2646484375 0.015625 0.037109375
0 0.1513671875 0.2646484375 0.021484375 0.037109375
0 0.1748046875 0.2646484375 0.021484375 0.041015625
0 0.2626953125 0.2666015625 0.017578125 0.033203125
0 0.283203125 0.259765625 0.01953125 0.0390625
0 0.3046875 0.2626953125 0.0234375 0.044921875
0 0.328125 0.2578125 0.0234375 0.046875
0 0.3447265625 0.2548828125 0.021484375 0.041015625
0 0.365234375 0.2607421875 0.02734375 0.041015625
0 0.4091796875 0.255859375 0.021484375 0.05078125
0 0.4296875 0.2548828125 0.01953125 0.048828125
0 0.4541015625 0.2607421875 0.017578125 0.041015625
0 0.37890625 0.2919921875 0.0546875 0.021484375
0 0.26171875 0.3955078125 0.01953125 0.041015625
0 0.2841796875 0.384765625 0.025390625 0.04296875
0 0.3740234375 0.3779296875 0.029296875 0.044921875
0 0.365234375 0.431640625 0.03125 0.04296875
0 0.4267578125 0.375 0.021484375 0.0390625
0 0.4423828125 0.423828125 0.029296875 0.04296875
0 0.412109375 0.4091796875 0.03125 0.044921875
0 0.4521484375 0.37109375 0.025390625 0.0390625
0 0.5341796875 0.36328125 0.033203125 0.04296875
0 0.494140625 0.2548828125 0.0234375 0.041015625
0 0.5322265625 0.25390625 0.021484375 0.05078125
0 0.552734375 0.255859375 0.01953125 0.04296875
0 0.5703125 0.2548828125 0.015625 0.041015625
0 0.587890625 0.2578125 0.01953125 0.0390625
0 0.607421875 0.2568359375 0.01953125 0.037109375
0 0.6376953125 0.37890625 0.029296875 0.04296875
0 0.7392578125 0.255859375 0.021484375 0.04296875
0 0.7451171875 0.3173828125 0.041015625 0.025390625
0 0.80078125 0.3623046875 0.0234375 0.041015625
0 0.8291015625 0.37109375 0.017578125 0.03515625
0 0.85546875 0.369140625 0.0234375 0.0390625
0 0.814453125 0.28515625 0.04296875 0.0234375
0 0.8134765625 0.224609375 0.017578125 0.0390625
0 0.83203125 0.2255859375 0.01953125 0.041015625
0 0.849609375 0.220703125 0.01953125 0.04296875
0 0.87109375 0.2294921875 0.0234375 0.041015625
0 0.8935546875 0.23046875 0.021484375 0.0390625
0 0.9140625 0.2275390625 0.0234375 0.041015625
0 0.9755859375 0.2236328125 0.025390625 0.048828125
0 0.2109375 0.3935546875 0.01953125 0.052734375
0 0.193359375 0.40234375 0.01953125 0.03515625
0 0.1826171875 0.4560546875 0.021484375 0.037109375
0 0.1611328125 0.455078125 0.013671875 0.03125
0 0.1396484375 0.4521484375 0.021484375 0.041015625
0 0.0693359375 0.392578125 0.017578125 0.03515625
0 0.091796875 0.39453125 0.015625 0.03125
0 0.025390625 0.423828125 0.03515625 0.0234375
