0 0.0283203125 0.068359375 0.017578125 0.03125
0 0.201171875 0.0595703125 0.01953125 0.041015625
0 0.2236328125 0.056640625 0.013671875 0.0390625
0 0.2431640625 0.0576171875 0.017578125 0.037109375
0 0.296875 0.0546875 0.01953125 0.0390625
0 0.3173828125 0.056640625 0.017578125 0.02734375
0 0.337890625 0.0537109375 0.01953125 0.037109375
0 0.5693359375 0.142578125 0.037109375 0.0234375
0 0.6396484375 0.1611328125 0.017578125 0.033203125
0 0.7978515625 0.017578125 0.017578125 0.02734375
0 0.04296875 0.3173828125 0.03515625 0.025390625
0 0.3935546875 0.3056640625 0.041015625 0.017578125
1 0.1630859375 0.2900390625 0.056640625 0.017578125
1 0.4521484375 0.275390625 0.052734375 0.0234375
1 0.5166015625 0.2958984375 0.052734375 0.021484375
