0 0.71484375 0.662109375 0.046875 0.02734375
0 0.70703125 0.71484375 0.0390625 0.01953125
0 0.876953125 0.58984375 0.03515625 0.01953125
0 0.875 0.6494140625 0.04296875 0.021484375
0 0.8740234375 0.6796875 0.041015625 0.0234375
0 0.8662109375 0.72265625 0.041015625 0.0234375
0 0.8720703125 0.74609375 0.041015625 0.0234375
0 0.8740234375 0.7880859375 0.037109375 0.021484375
0 0.8818359375 0.810546875 0.041015625 0.0234375
0 0.7568359375 0.87890625 0.017578125 0.0390625
0 0.7578125 0.9306640625 0.0234375 0.037109375
0 0.9208984375 0.3916015625 0.025390625 0.037109375
0 0.9453125 0.39453125 0.0234375 0.04296875
0 0.0439453125 0.517578125 0.021484375 0.046875
