0 0.048828125 0.2333984375 0.04296875 0.021484375
0 0.0517578125 0.271484375 0.044921875 0.015625
0 0.0537109375 0.2958984375 0.041015625 0.017578125
0 0.060546875 0.517578125 0.04296875 0.015625
0 0.0595703125 0.474609375 0.037109375 0.015625
0 0.0556640625 0.4521484375 0.037109375 0.017578125
0 0.0546875 0.3935546875 0.04296875 0.017578125
0 0.08984375 0.46875 0.0234375 0.0390625
1 0.1123046875 0.1865234375 0.025390625 0.064453125
0 0.021484375 0.03515625 0.015625 0.03125
0 0.0751953125 0.037109375 0.021484375 0.0390625
0 0.1328125 0.037109375 0.01953125 0.0390625
0 0.1513671875 0.033203125 0.017578125 0.03515625
0 0.1708984375 0.033203125 0.017578125 0.03515625
0 0.1904296875 0.0361328125 0.017578125 0.041015625
0 0.2109375 0.0283203125 0.015625 0.033203125
0 0.23046875 0.0302734375 0.015625 0.033203125
0 0.25 0.0361328125 0.01953125 0.041015625
0 0.3037109375 0.03125 0.017578125 0.03515625
0 0.32421875 0.0283203125 0.015625 0.041015625
0 0.3447265625 0.0283203125 0.017578125 0.037109375
0 0.4345703125 0.0185546875 0.013671875 0.029296875
0 0.4951171875 0.0205078125 0.017578125 0.037109375
0 0.5205078125 0.0224609375 0.017578125 0.033203125
0 0.5439453125 0.0185546875 0.017578125 0.037109375
0 0.0654296875 0.6533203125 0.041015625 0.017578125
0 0.0693359375 0.6728515625 0.041015625 0.017578125
0 0.0693359375 0.693359375 0.033203125 0.01171875
0 0.072265625 0.708984375 0.03125 0.01171875
0 0.0712890625 0.7275390625 0.041015625 0.017578125
0 0.076171875 0.7626953125 0.04296875 0.017578125
0 0.076171875 0.783203125 0.03515625 0.015625
0 0.0810546875 0.8046875 0.041015625 0.0234375
0 0.07421875 0.83984375 0.03515625 0.015625
0 0.0771484375 0.8642578125 0.033203125 0.013671875
0 0.4384765625 0.96875 0.017578125 0.03515625
0 0.4609375 0.958984375 0.01953125 0.03515625
0 0.482421875 0.966796875 0.015625 0.0390625
0 0.5185546875 0.9609375 0.017578125 0.03515625
0 0.61328125 0.9775390625 0.01953125 0.037109375
0 0.6357421875 0.9775390625 0.013671875 0.033203125
0 0.6572265625 0.9765625 0.017578125 0.03515625
0 0.6767578125 0.9716796875 0.017578125 0.037109375
0 0.6982421875 0.9755859375 0.017578125 0.037109375
0 0.7958984375 0.9248046875 0.013671875 0.033203125
0 0.78125 0.8779296875 0.03125 0.013671875
0 0.775390625 0.8583984375 0.0390625 0.017578125
0 0.759765625 0.716796875 0.03515625 0.01953125
0 0.76953125 0.6337890625 0.03125 0.017578125
0 0.767578125 0.5986328125 0.0390625 0.017578125
0 0.712890625 0.6201171875 0.0390625 0.017578125
0 0.7119140625 0.6005859375 0.037109375 0.013671875
0 0.7109375 0.583984375 0.0390625 0.01953125
0 0.76171875 0.517578125 0.04296875 0.01953125
0 0.6474609375 0.544921875 0.017578125 0.03125
0 0.5791015625 0.5791015625 0.041015625 0.017578125
0 0.580078125 0.5576171875 0.0390625 0.017578125
0 0.447265625 0.53125 0.04296875 0.015625
0 0.3447265625 0.5146484375 0.041015625 0.025390625
0 0.4404296875 0.4765625 0.037109375 0.015625
0 0.4423828125 0.458984375 0.041015625 0.015625
0 0.345703125 0.462890625 0.03515625 0.01953125
0 0.3486328125 0.3759765625 0.037109375 0.021484375
0 0.34765625 0.41015625 0.03125 0.01953125
0 0.3486328125 0.4443359375 0.033203125 0.013671875
0 0.4306640625 0.3193359375 0.021484375 0.037109375
0 0.4541015625 0.31640625 0.017578125 0.0390625
0 0.4873046875 0.3154296875 0.013671875 0.029296875
0 0.525390625 0.3134765625 0.015625 0.029296875
0 0.5458984375 0.3154296875 0.013671875 0.025390625
0 0.564453125 0.3173828125 0.015625 0.029296875
0 0.6015625 0.3125 0.015625 0.03515625
0 0.62109375 0.30859375 0.015625 0.03125
0 0.654296875 0.3076171875 0.01953125 0.029296875
0 0.404296875 0.0908203125 0.0390625 0.013671875
0 0.6083984375 0.0234375 0.013671875 0.02734375
0 0.630859375 0.0205078125 0.015625 0.033203125
0 0.65234375 0.0205078125 0.01171875 0.029296875
0 0.671875 0.017578125 0.015625 0.03515625
0 0.79296875 0.146484375 0.02734375 0.04296875
0 0.7548828125 0.25 0.037109375 0.015625
0 0.501953125 0.4033203125 0.015625 0.033203125
0 0.5625 0.4013671875 0.015625 0.037109375
0 0.5400390625 0.4423828125 0.013671875 0.033203125
0 0.5400390625 0.400390625 0.017578125 0.02734375
0 0.6142578125 0.3994140625 0.017578125 0.041015625
0 0.5830078125 0.4521484375 0.013671875 0.025390625
0 0.6142578125 0.4404296875 0.013671875 0.033203125
0 0.6533203125 0.400390625 0.013671875 0.02734375
0 0.970703125 0.9599609375 0.0390625 0.013671875
0 0.87890625 0.8037109375 0.03125 0.013671875
0 0.8876953125 0.861328125 0.041015625 0.01953125
0 0.974609375 0.80859375 0.03515625 0.01953125
0 0.71875 0.97265625 0.01953125 0.03515625
