0 0.427734375 0.82421875 0.04296875 0.0234375
0 0.4228515625 0.8525390625 0.041015625 0.025390625
0 0.4365234375 0.876953125 0.037109375 0.0234375
0 0.3662109375 0.6806640625 0.037109375 0.025390625
0 0.68359375 0.90625 0.02734375 0.0390625
0 0.73046875 0.8974609375 0.03125 0.037109375
0 0.7724609375 0.873046875 0.025390625 0.0390625
0 0.9013671875 0.8525390625 0.025390625 0.037109375
0 0.939453125 0.8408203125 0.01953125 0.037109375
0 0.9736328125 0.818359375 0.021484375 0.03515625
0 0.9072265625 0.7646484375 0.021484375 0.041015625
0 0.9345703125 0.6240234375 0.029296875 0.041015625
0 0.9521484375 0.6064453125 0.029296875 0.037109375
