0 0.728515625 0.3701171875 0.01953125 0.044921875
0 0.8544921875 0.6845703125 0.013671875 0.029296875
0 0.9296875 0.705078125 0.03515625 0.01953125
0 0.5869140625 0.6748046875 0.037109375 0.021484375
0 0.6630859375 0.7119140625 0.025390625 0.017578125
0 0.6669921875 0.7314453125 0.021484375 0.013671875
0 0.5859375 0.765625 0.03125 0.01953125
0 0.671875 0.7822265625 0.03515625 0.021484375
0 0.5869140625 0.73046875 0.037109375 0.01953125
0 0.583984375 0.708984375 0.03515625 0.01953125
0 0.6767578125 0.888671875 0.033203125 0.01953125
0 0.8447265625 0.9482421875 0.021484375 0.037109375
0 0.9453125 0.93359375 0.04296875 0.01953125
