0 0.9462890625 0.5595703125 0.021484375 0.037109375
0 0.8837890625 0.544921875 0.044921875 0.0234375
0 0.8837890625 0.5673828125 0.044921875 0.021484375
0 0.798828125 0.599609375 0.04296875 0.01953125
0 0.7998046875 0.583984375 0.041015625 0.01171875
0 0.7265625 0.61328125 0.0390625 0.01953125
0 0.0244140625 0.8681640625 0.044921875 0.025390625
0 0.0712890625 0.8447265625 0.021484375 0.048828125
0 0.06640625 0.3076171875 0.01953125 0.041015625
0 0.603515625 0.9560546875 0.02734375 0.048828125
