0 0.078125 0.283203125 0.02734375 0.04296875
0 0.1533203125 0.2138671875 0.037109375 0.021484375
0 0.15625 0.232421875 0.03515625 0.015625
0 0.1572265625 0.2548828125 0.041015625 0.013671875
0 0.158203125 0.271484375 0.04296875 0.01953125
0 0.1630859375 0.2958984375 0.044921875 0.017578125
0 0.162109375 0.3486328125 0.03125 0.013671875
0 0.16796875 0.3662109375 0.04296875 0.021484375
0 0.1640625 0.4287109375 0.046875 0.029296875
1 0.6640625 0.400390625 0.09765625 0.03125
1 0.6201171875 0.4404296875 0.083984375 0.017578125
1 0.763671875 0.4365234375 0.0859375 0.021484375
1 0.8681640625 0.4384765625 0.087890625 0.025390625
0 0.353515625 0.9814453125 0.0390625 0.021484375
0 0.337890625 0.8486328125 0.04296875 0.029296875
