0 0.3701171875 0.921875 0.037109375 0.01953125
0 0.3701171875 0.9033203125 0.037109375 0.017578125
0 0.3603515625 0.8828125 0.041015625 0.0234375
0 0.427734375 0.9677734375 0.03125 0.044921875
0 0.3603515625 0.859375 0.037109375 0.015625
0 0.3525390625 0.8369140625 0.033203125 0.017578125
0 0.359375 0.7900390625 0.03125 0.021484375
0 0.4765625 0.755859375 0.05859375 0.0234375
0 0.4775390625 0.77734375 0.056640625 0.01953125
0 0.4775390625 0.7978515625 0.052734375 0.021484375
0 0.4794921875 0.8330078125 0.060546875 0.021484375
0 0.482421875 0.8525390625 0.05859375 0.017578125
0 0.4814453125 0.8720703125 0.056640625 0.021484375
0 0.4853515625 0.955078125 0.056640625 0.01953125
0 0.048828125 0.2197265625 0.03515625 0.017578125
0 0.048828125 0.2412109375 0.03125 0.013671875
0 0.0126953125 0.36328125 0.017578125 0.0390625
0 0.03125 0.3623046875 0.01953125 0.037109375
0 0.0556640625 0.3642578125 0.013671875 0.033203125
0 0.078125 0.3662109375 0.01953125 0.033203125
0 0.052734375 0.3076171875 0.0390625 0.021484375
0 0.10546875 0.271484375 0.01953125 0.03515625
0 0.1005859375 0.2060546875 0.017578125 0.033203125
0 0.140625 0.3662109375 0.01953125 0.037109375
0 0.162109375 0.36328125 0.0234375 0.03125
0 0.20703125 0.35546875 0.01953125 0.03125
0 0.2275390625 0.3515625 0.021484375 0.0390625
0 0.267578125 0.3466796875 0.01953125 0.037109375
0 0.2880859375 0.3544921875 0.021484375 0.037109375
0 0.3349609375 0.033203125 0.041015625 0.01953125
0 0.3369140625 0.0673828125 0.041015625 0.017578125
0 0.333984375 0.05078125 0.03125 0.015625
0 0.33984375 0.1015625 0.0390625 0.01953125
0 0.28125 0.037109375 0.03515625 0.015625
0 0.3486328125 0.201171875 0.033203125 0.015625
0 0.34375 0.2197265625 0.03515625 0.017578125
0 0.34375 0.2392578125 0.03515625 0.017578125
0 0.0732421875 0.48828125 0.017578125 0.03515625
0 0.0927734375 0.4873046875 0.021484375 0.033203125
0 0.1298828125 0.484375 0.021484375 0.0390625
0 0.12109375 0.60546875 0.015625 0.03125
0 0.09375 0.5361328125 0.01953125 0.029296875
0 0.1689453125 0.48828125 0.021484375 0.04296875
0 0.2216796875 0.48046875 0.021484375 0.04296875
0 0.244140625 0.4833984375 0.0234375 0.037109375
0 0.3388671875 0.5224609375 0.041015625 0.041015625
0 0.6650390625 0.0185546875 0.044921875 0.021484375
0 0.978515625 0.0859375 0.03515625 0.01953125
0 0.322265625 0.4384765625 0.03515625 0.021484375
0 0.470703125 0.3984375 0.03515625 0.01953125
0 0.537109375 0.3427734375 0.015625 0.037109375
0 0.5576171875 0.3369140625 0.017578125 0.037109375
0 0.5810546875 0.3359375 0.017578125 0.0390625
0 0.6025390625 0.3369140625 0.025390625 0.041015625
0 0.6240234375 0.3349609375 0.017578125 0.037109375
0 0.6416015625 0.3330078125 0.017578125 0.033203125
0 0.6611328125 0.3369140625 0.021484375 0.041015625
0 0.681640625 0.33203125 0.01953125 0.03125
0 0.7041015625 0.3349609375 0.017578125 0.037109375
0 0.7236328125 0.33984375 0.021484375 0.046875
0 0.52734375 0.42578125 0.03515625 0.01953125
0 0.646484375 0.423828125 0.0390625 0.0234375
0 0.59765625 0.46484375 0.01953125 0.0390625
0 0.6533203125 0.4580078125 0.017578125 0.037109375
0 0.6708984375 0.458984375 0.017578125 0.0390625
0 0.689453125 0.45703125 0.01953125 0.03515625
0 0.708984375 0.4609375 0.01953125 0.04296875
0 0.7275390625 0.4599609375 0.017578125 0.029296875
0 0.7451171875 0.4580078125 0.017578125 0.037109375
0 0.7626953125 0.45703125 0.017578125 0.0390625
0 0.78125 0.443359375 0.01953125 0.04296875
0 0.802734375 0.45703125 0.0234375 0.04296875
0 0.8203125 0.4560546875 0.01953125 0.037109375
0 0.83984375 0.451171875 0.015625 0.04296875
0 0.8603515625 0.4541015625 0.017578125 0.041015625
0 0.8779296875 0.447265625 0.017578125 0.0390625
0 0.8955078125 0.4482421875 0.017578125 0.041015625
0 0.9150390625 0.451171875 0.021484375 0.03515625
0 0.8828125 0.4111328125 0.04296875 0.021484375
1 0.8212890625 0.3828125 0.052734375 0.02734375
0 0.7548828125 0.3271484375 0.029296875 0.017578125
0 0.7666015625 0.3466796875 0.037109375 0.021484375
0 0.728515625 0.302734375 0.03515625 0.01953125
0 0.7275390625 0.28125 0.037109375 0.015625
0 0.7275390625 0.263671875 0.037109375 0.01953125
0 0.724609375 0.2431640625 0.03515625 0.021484375
0 0.728515625 0.205078125 0.03515625 0.0234375
0 0.732421875 0.1748046875 0.0390625 0.029296875
0 0.7353515625 0.154296875 0.033203125 0.02734375
0 0.822265625 0.306640625 0.0390625 0.0234375
0 0.828125 0.337890625 0.01953125 0.0390625
0 0.84765625 0.328125 0.01953125 0.03515625
0 0.8671875 0.3193359375 0.01953125 0.037109375
0 0.88671875 0.3193359375 0.01953125 0.037109375
0 0.908203125 0.3193359375 0.0234375 0.037109375
0 0.9296875 0.3193359375 0.01953125 0.037109375
0 0.8828125 0.353515625 0.0390625 0.01953125
0 0.951171875 0.3203125 0.0234375 0.0390625
0 0.9755859375 0.32421875 0.025390625 0.046875
