0 0.888671875 0.4814453125 0.046875 0.025390625
0 0.88671875 0.44921875 0.04296875 0.03125
0 0.9306640625 0.2783203125 0.044921875 0.021484375
0 0.8544921875 0.279296875 0.044921875 0.0234375
0 0.859375 0.3017578125 0.0546875 0.021484375
0 0.8662109375 0.23828125 0.044921875 0.02734375
0 0.9326171875 0.23828125 0.041015625 0.0234375
0 0.9306640625 0.162109375 0.041015625 0.01953125
0 0.8623046875 0.19140625 0.041015625 0.02734375
0 0.9248046875 0.0947265625 0.044921875 0.025390625
0 0.92578125 0.0390625 0.0390625 0.01953125
0 0.9267578125 0.0185546875 0.037109375 0.021484375
0 0.931640625 0.1416015625 0.0390625 0.021484375
0 0.8798828125 0.3623046875 0.037109375 0.021484375
0 0.8642578125 0.109375 0.033203125 0.0234375
0 0.859375 0.0859375 0.03515625 0.0234375
0 0.5673828125 0.244140625 0.013671875 0.03515625
