0 0.54296875 0.9697265625 0.01953125 0.033203125
0 0.5888671875 0.0556640625 0.021484375 0.041015625
0 0.4130859375 0.248046875 0.041015625 0.015625
0 0.4677734375 0.451171875 0.033203125 0.015625
0 0.462890625 0.53515625 0.015625 0.03125
0 0.4423828125 0.5302734375 0.021484375 0.037109375
0 0.3955078125 0.501953125 0.017578125 0.02734375
0 0.3115234375 0.3017578125 0.037109375 0.021484375
0 0.3125 0.333984375 0.0390625 0.0234375
0 0.2939453125 0.53515625 0.041015625 0.0234375
0 0.1796875 0.447265625 0.04296875 0.01953125
0 0.1787109375 0.46875 0.041015625 0.01953125
0 0.1748046875 0.48828125 0.033203125 0.01953125
0 0.162109375 0.51953125 0.03515625 0.01953125
0 0.310546875 0.3662109375 0.0390625 0.021484375
0 0.310546875 0.3876953125 0.0390625 0.017578125
