0 0.7353515625 0.3310546875 0.037109375 0.017578125
0 0.681640625 0.337890625 0.0390625 0.01953125
0 0.7421875 0.3701171875 0.04296875 0.017578125
0 0.82421875 0.224609375 0.01953125 0.0390625
0 0.921875 0.240234375 0.01953125 0.0390625
0 0.6826171875 0.4384765625 0.017578125 0.033203125
0 0.7275390625 0.4375 0.013671875 0.03125
0 0.7529296875 0.439453125 0.021484375 0.0390625
0 0.625 0.5458984375 0.04296875 0.021484375
0 0.0498046875 0.646484375 0.017578125 0.0390625
0 0.076171875 0.6474609375 0.01953125 0.037109375
