0 0.0205078125 0.69921875 0.017578125 0.03515625
0 0.0595703125 0.6962890625 0.021484375 0.037109375
0 0.1064453125 0.505859375 0.021484375 0.0390625
0 0.2373046875 0.56640625 0.021484375 0.03515625
0 0.2763671875 0.5654296875 0.017578125 0.037109375
0 0.294921875 0.564453125 0.015625 0.0390625
0 0.3134765625 0.56640625 0.017578125 0.0390625
0 0.33203125 0.5673828125 0.01953125 0.037109375
0 0.3505859375 0.56640625 0.017578125 0.0390625
0 0.388671875 0.5625 0.01953125 0.0390625
0 0.41015625 0.5615234375 0.01953125 0.033203125
0 0.4794921875 0.5595703125 0.017578125 0.037109375
0 0.498046875 0.5595703125 0.01953125 0.037109375
0 0.5361328125 0.548828125 0.017578125 0.03125
0 0.5546875 0.5537109375 0.01953125 0.037109375
0 0.572265625 0.5478515625 0.015625 0.021484375
0 0.591796875 0.5537109375 0.01953125 0.033203125
0 0.6259765625 0.5556640625 0.017578125 0.041015625
0 0.646484375 0.5537109375 0.01953125 0.037109375
0 0.6884765625 0.552734375 0.021484375 0.0390625
0 0.7294921875 0.5517578125 0.017578125 0.029296875
0 0.7646484375 0.5458984375 0.017578125 0.037109375
0 0.783203125 0.5439453125 0.01953125 0.029296875
0 0.8193359375 0.5390625 0.017578125 0.03515625
0 0.837890625 0.54296875 0.01953125 0.03515625
0 0.025390625 0.7841796875 0.01953125 0.037109375
0 0.0625 0.7890625 0.01953125 0.0390625
0 0.0478515625 0.8330078125 0.021484375 0.037109375
0 0.09765625 0.7861328125 0.01953125 0.037109375
0 0.119140625 0.787109375 0.0234375 0.0390625
0 0.1943359375 0.775390625 0.021484375 0.04296875
0 0.2080078125 0.69140625 0.021484375 0.04296875
0 0.2431640625 0.6865234375 0.017578125 0.037109375
0 0.2626953125 0.6904296875 0.017578125 0.037109375
0 0.302734375 0.6875 0.01953125 0.03515625
0 0.357421875 0.685546875 0.01953125 0.0390625
0 0.396484375 0.68359375 0.01953125 0.0390625
0 0.2509765625 0.78515625 0.017578125 0.0390625
0 0.2705078125 0.783203125 0.017578125 0.03515625
0 0.3251953125 0.7763671875 0.021484375 0.041015625
0 0.380859375 0.775390625 0.01953125 0.0390625
0 0.4033203125 0.7744140625 0.017578125 0.037109375
0 0.4794921875 0.68359375 0.017578125 0.0390625
0 0.537109375 0.626953125 0.04296875 0.01953125
0 0.5166015625 0.6767578125 0.017578125 0.037109375
0 0.556640625 0.673828125 0.01953125 0.03515625
0 0.576171875 0.67578125 0.015625 0.03125
0 0.6123046875 0.6708984375 0.021484375 0.037109375
0 0.6494140625 0.6728515625 0.017578125 0.033203125
0 0.5498046875 0.7353515625 0.037109375 0.017578125
0 0.5224609375 0.7705078125 0.021484375 0.037109375
0 0.5087890625 0.8076171875 0.017578125 0.037109375
0 0.560546875 0.7666015625 0.01953125 0.033203125
0 0.5615234375 0.8095703125 0.021484375 0.044921875
0 0.5966796875 0.759765625 0.017578125 0.03515625
0 0.6142578125 0.7626953125 0.017578125 0.037109375
0 0.654296875 0.76171875 0.01953125 0.0390625
0 0.6728515625 0.7626953125 0.017578125 0.033203125
0 0.6357421875 0.806640625 0.021484375 0.0390625
0 0.708984375 0.7626953125 0.01953125 0.037109375
0 0.7314453125 0.806640625 0.021484375 0.05078125
0 0.7607421875 0.669921875 0.017578125 0.03515625
0 0.779296875 0.6669921875 0.01953125 0.037109375
0 0.8193359375 0.669921875 0.021484375 0.0390625
0 0.8740234375 0.666015625 0.017578125 0.03515625
0 0.7861328125 0.7587890625 0.017578125 0.041015625
0 0.8056640625 0.7568359375 0.017578125 0.041015625
0 0.8603515625 0.755859375 0.017578125 0.0390625
0 0.8798828125 0.7529296875 0.017578125 0.037109375
0 0.828125 0.7978515625 0.01953125 0.041015625
0 0.8837890625 0.796875 0.017578125 0.03515625
0 0.9013671875 0.79296875 0.017578125 0.046875
0 0.919921875 0.791015625 0.01953125 0.03515625
0 0.9375 0.748046875 0.01953125 0.03515625
0 0.955078125 0.7490234375 0.015625 0.037109375
0 0.89453125 0.6611328125 0.01953125 0.033203125
0 0.93359375 0.6630859375 0.015625 0.037109375
0 0.9130859375 0.5400390625 0.017578125 0.033203125
0 0.9326171875 0.537109375 0.017578125 0.03515625
0 0.9521484375 0.5380859375 0.021484375 0.041015625
0 0.9736328125 0.5361328125 0.017578125 0.037109375
0 0.9921875 0.541015625 0.015625 0.02734375
0 0.8974609375 0.595703125 0.029296875 0.02734375
0 0.96875 0.662109375 0.01953125 0.0390625
0 0.98828125 0.6630859375 0.01953125 0.041015625
0 0.9736328125 0.75 0.017578125 0.0390625
0 0.9912109375 0.7490234375 0.017578125 0.037109375
0 0.9765625 0.7900390625 0.01953125 0.033203125
0 0.5126953125 0.896484375 0.021484375 0.04296875
0 0.068359375 0.3232421875 0.0390625 0.017578125
0 0.353515625 0.03515625 0.0390625 0.01953125
0 0.36328125 0.09375 0.03515625 0.015625
0 0.357421875 0.1357421875 0.03515625 0.013671875
0 0.35546875 0.1572265625 0.03125 0.013671875
0 0.3671875 0.197265625 0.0234375 0.01171875
0 0.359375 0.1142578125 0.0234375 0.013671875
