0 0.185546875 0.0302734375 0.01953125 0.037109375
0 0.2216796875 0.0244140625 0.017578125 0.033203125
0 0.298828125 0.0244140625 0.01953125 0.037109375
0 0.5625 0.017578125 0.01953125 0.03515625
0 0.392578125 0.0234375 0.015625 0.03125
0 0.6416015625 0.01953125 0.017578125 0.0390625
0 0.6591796875 0.017578125 0.017578125 0.03515625
0 0.1767578125 0.2451171875 0.044921875 0.048828125
0 0.029296875 0.708984375 0.0234375 0.04296875
0 0.0966796875 0.7021484375 0.017578125 0.033203125
0 0.1240234375 0.650390625 0.017578125 0.03125
0 0.150390625 0.658203125 0.01953125 0.03125
0 0.1806640625 0.7314453125 0.021484375 0.029296875
1 0.552734375 0.2548828125 0.0625 0.029296875
