0 0.140625 0.634765625 0.03125 0.0390625
0 0.1650390625 0.6513671875 0.033203125 0.033203125
0 0.2119140625 0.63671875 0.033203125 0.03515625
0 0.203125 0.673828125 0.03515625 0.03515625
0 0.2197265625 0.6904296875 0.029296875 0.029296875
0 0.3564453125 0.7265625 0.037109375 0.0390625
0 0.365234375 0.7802734375 0.0546875 0.048828125
0 0.2041015625 0.8251953125 0.033203125 0.029296875
0 0.1982421875 0.8564453125 0.037109375 0.037109375
0 0.2998046875 0.939453125 0.041015625 0.03125
0 0.2998046875 0.97265625 0.037109375 0.01953125
0 0.951171875 0.9189453125 0.03125 0.033203125
