0 0.07421875 0.9853515625 0.0390625 0.013671875
0 0.07421875 0.9501953125 0.0390625 0.021484375
0 0.0712890625 0.9189453125 0.041015625 0.017578125
0 0.072265625 0.9013671875 0.0390625 0.017578125
0 0.0673828125 0.78125 0.037109375 0.01953125
0 0.10546875 0.802734375 0.01953125 0.03515625
0 0.1005859375 0.6640625 0.021484375 0.03515625
0 0.2197265625 0.646484375 0.017578125 0.03125
0 0.1484375 0.859375 0.03515625 0.01953125
0 0.1494140625 0.9287109375 0.037109375 0.017578125
0 0.2275390625 0.904296875 0.017578125 0.03515625
0 0.2275390625 0.955078125 0.021484375 0.03515625
0 0.4599609375 0.55859375 0.041015625 0.01953125
0 0.4677734375 0.623046875 0.037109375 0.01953125
0 0.4716796875 0.662109375 0.041015625 0.01953125
0 0.48046875 0.763671875 0.02734375 0.015625
0 0.4765625 0.82421875 0.03515625 0.015625
0 0.478515625 0.7822265625 0.03515625 0.013671875
0 0.4765625 0.8017578125 0.03515625 0.017578125
1 0.4755859375 0.8427734375 0.033203125 0.013671875
0 0.4755859375 0.8623046875 0.033203125 0.013671875
0 0.478515625 0.884765625 0.03515625 0.01953125
0 0.4775390625 0.92578125 0.033203125 0.015625
1 0.482421875 0.96484375 0.0390625 0.015625
0 0.4814453125 0.9423828125 0.033203125 0.013671875
0 0.484375 0.984375 0.0390625 0.015625
0 0.64453125 0.9814453125 0.01953125 0.033203125
0 0.666015625 0.982421875 0.01953125 0.03125
0 0.7109375 0.9755859375 0.01953125 0.033203125
0 0.689453125 0.9794921875 0.01953125 0.033203125
0 0.5732421875 0.75390625 0.017578125 0.03515625
0 0.7841796875 0.5947265625 0.037109375 0.021484375
0 0.8818359375 0.5869140625 0.037109375 0.017578125
0 0.9296875 0.6162109375 0.0234375 0.009765625
0 0.931640625 0.634765625 0.03515625 0.015625
0 0.056640625 0.5263671875 0.05078125 0.021484375
0 0.0537109375 0.5068359375 0.033203125 0.017578125
0 0.048828125 0.470703125 0.03125 0.01953125
0 0.0517578125 0.419921875 0.044921875 0.01953125
0 0.0439453125 0.3681640625 0.048828125 0.013671875
0 0.0400390625 0.3515625 0.037109375 0.01953125
0 0.0390625 0.220703125 0.046875 0.01953125
0 0.037109375 0.2548828125 0.04296875 0.021484375
0 0.037109375 0.1875 0.0390625 0.015625
0 0.0380859375 0.171875 0.037109375 0.015625
0 0.0361328125 0.154296875 0.041015625 0.01953125
0 0.0361328125 0.119140625 0.041015625 0.01953125
0 0.03125 0.1025390625 0.0390625 0.013671875
0 0.0302734375 0.083984375 0.044921875 0.015625
0 0.1845703125 0.060546875 0.025390625 0.04296875
0 0.216796875 0.2451171875 0.02734375 0.041015625
0 0.208984375 0.3857421875 0.01953125 0.037109375
0 0.2041015625 0.4521484375 0.025390625 0.044921875
0 0.4619140625 0.5380859375 0.041015625 0.021484375
0 0.462890625 0.5185546875 0.0390625 0.017578125
0 0.462890625 0.5 0.0390625 0.01953125
0 0.4619140625 0.4794921875 0.041015625 0.021484375
0 0.4599609375 0.4599609375 0.044921875 0.017578125
0 0.455078125 0.4404296875 0.04296875 0.021484375
0 0.44921875 0.4208984375 0.04296875 0.017578125
0 0.4560546875 0.3994140625 0.037109375 0.017578125
0 0.4560546875 0.3759765625 0.041015625 0.017578125
0 0.5205078125 0.375 0.013671875 0.03125
0 0.392578125 0.30078125 0.04296875 0.01953125
0 0.451171875 0.3388671875 0.0390625 0.021484375
0 0.4404296875 0.2763671875 0.041015625 0.017578125
0 0.439453125 0.2587890625 0.04296875 0.017578125
0 0.443359375 0.1923828125 0.03515625 0.017578125
0 0.439453125 0.1748046875 0.04296875 0.017578125
0 0.4404296875 0.1552734375 0.041015625 0.021484375
0 0.4375 0.1337890625 0.0390625 0.021484375
0 0.4375 0.11328125 0.0390625 0.01953125
0 0.4384765625 0.08984375 0.056640625 0.01953125
0 0.4345703125 0.0712890625 0.048828125 0.017578125
0 0.43359375 0.05078125 0.03515625 0.0234375
0 0.435546875 0.029296875 0.03125 0.01953125
0 0.767578125 0.015625 0.01953125 0.0234375
0 0.73046875 0.01953125 0.01953125 0.03125
0 0.6640625 0.017578125 0.015625 0.03515625
0 0.6171875 0.0146484375 0.0234375 0.029296875
0 0.5947265625 0.021484375 0.021484375 0.04296875
0 0.9560546875 0.0478515625 0.033203125 0.017578125
0 0.7744140625 0.3779296875 0.041015625 0.017578125
0 0.7744140625 0.396484375 0.041015625 0.01953125
0 0.7744140625 0.416015625 0.041015625 0.01953125
0 0.837890625 0.2626953125 0.01953125 0.029296875
0 0.8583984375 0.2646484375 0.021484375 0.033203125
0 0.8779296875 0.2626953125 0.017578125 0.029296875
0 0.8994140625 0.2587890625 0.025390625 0.041015625
0 0.9208984375 0.4287109375 0.037109375 0.021484375
0 0.87890625 0.4296875 0.046875 0.01953125
0 0.77734375 0.4443359375 0.03515625 0.017578125
0 0.7802734375 0.4658203125 0.041015625 0.025390625
0 0.8828125 0.4638671875 0.0390625 0.021484375
0 0.8837890625 0.4814453125 0.041015625 0.013671875
0 0.9248046875 0.498046875 0.041015625 0.01953125
0 0.8798828125 0.568359375 0.048828125 0.01953125
0 0.814453125 0.5166015625 0.02734375 0.033203125
0 0.7861328125 0.544921875 0.037109375 0.0234375
0 0.7802734375 0.5751953125 0.041015625 0.017578125
0 0.9375 0.6015625 0.03125 0.015625
