0 0.662109375 0.09765625 0.04296875 0.0234375
0 0.501953125 0.55078125 0.04296875 0.01953125
0 0.501953125 0.5712890625 0.04296875 0.021484375
0 0.501953125 0.5927734375 0.04296875 0.021484375
0 0.50390625 0.6142578125 0.046875 0.021484375
0 0.560546875 0.767578125 0.0234375 0.046875
0 0.583984375 0.76171875 0.0234375 0.03515625
0 0.6103515625 0.7548828125 0.025390625 0.041015625
0 0.6533203125 0.7626953125 0.021484375 0.041015625
0 0.673828125 0.7578125 0.01953125 0.03125
0 0.6953125 0.759765625 0.0234375 0.03515625
0 0.87109375 0.7470703125 0.02734375 0.041015625
0 0.919921875 0.75390625 0.01953125 0.046875
0 0.3603515625 0.97265625 0.044921875 0.03125
