0 0.013671875 0.5400390625 0.015625 0.037109375
0 0.0341796875 0.537109375 0.017578125 0.0390625
0 0.0576171875 0.5380859375 0.013671875 0.033203125
0 0.07421875 0.5400390625 0.01953125 0.037109375
0 0.09765625 0.533203125 0.01953125 0.03515625
0 0.16796875 0.5400390625 0.01953125 0.025390625
0 0.1943359375 0.529296875 0.025390625 0.046875
0 0.23828125 0.5263671875 0.0234375 0.041015625
0 0.2626953125 0.5302734375 0.025390625 0.037109375
0 0.1904296875 0.56640625 0.025390625 0.015625
0 0.3291015625 0.5234375 0.017578125 0.03125
0 0.376953125 0.525390625 0.0234375 0.0390625
0 0.3994140625 0.529296875 0.021484375 0.0390625
0 0.4501953125 0.5322265625 0.029296875 0.041015625
0 0.53125 0.46875 0.01953125 0.02734375
0 0.5595703125 0.4658203125 0.017578125 0.033203125
0 0.5517578125 0.3984375 0.029296875 0.0390625
0 0.501953125 0.388671875 0.01953125 0.0390625
0 0.529296875 0.7294921875 0.015625 0.044921875
0 0.5703125 0.732421875 0.02734375 0.04296875
0 0.4853515625 0.7978515625 0.017578125 0.033203125
0 0.44140625 0.802734375 0.015625 0.03515625
0 0.4208984375 0.7958984375 0.025390625 0.037109375
0 0.3505859375 0.802734375 0.021484375 0.03515625
0 0.294921875 0.810546875 0.015625 0.03125
0 0.2744140625 0.8017578125 0.013671875 0.033203125
0 0.25 0.806640625 0.01953125 0.0390625
0 0.228515625 0.8046875 0.0234375 0.04296875
0 0.1826171875 0.8056640625 0.029296875 0.044921875
0 0.09765625 0.810546875 0.01953125 0.0390625
0 0.05859375 0.814453125 0.03125 0.04296875
0 0.1552734375 0.8486328125 0.033203125 0.017578125
0 0.7060546875 0.708984375 0.021484375 0.04296875
0 0.96875 0.943359375 0.04296875 0.0234375
0 0.96875 0.8857421875 0.046875 0.017578125
0 0.966796875 0.861328125 0.04296875 0.015625
0 0.96484375 0.8193359375 0.04296875 0.017578125
0 0.9658203125 0.8017578125 0.041015625 0.017578125
0 0.9638671875 0.7822265625 0.044921875 0.021484375
0 0.962890625 0.7578125 0.0390625 0.02734375
0 0.9580078125 0.734375 0.041015625 0.01953125
0 0.9560546875 0.71484375 0.044921875 0.01953125
0 0.9609375 0.6953125 0.03515625 0.01953125
0 0.9609375 0.6767578125 0.03515625 0.017578125
0 0.9599609375 0.65625 0.037109375 0.0234375
0 0.8544921875 0.505859375 0.021484375 0.0390625
0 0.876953125 0.5029296875 0.01953125 0.044921875
0 0.9716796875 0.4990234375 0.017578125 0.033203125
0 0.990234375 0.4990234375 0.01953125 0.033203125
0 0.2412109375 0.0361328125 0.029296875 0.037109375
0 0.271484375 0.037109375 0.03125 0.0390625
0 0.3017578125 0.037109375 0.029296875 0.0390625
0 0.3330078125 0.037109375 0.033203125 0.0390625
0 0.365234375 0.0380859375 0.03125 0.041015625
0 0.3955078125 0.0341796875 0.029296875 0.033203125
0 0.427734375 0.0322265625 0.015625 0.037109375
0 0.4697265625 0.078125 0.033203125 0.01953125
0 0.521484375 0.07421875 0.04296875 0.0234375
0 0.56640625 0.0673828125 0.03125 0.021484375
0 0.7216796875 0.05078125 0.041015625 0.04296875
1 0.62890625 0.134765625 0.05859375 0.0234375
0 0.7783203125 0.099609375 0.048828125 0.02734375
0 0.82421875 0.1259765625 0.04296875 0.025390625
0 0.8173828125 0.0205078125 0.025390625 0.041015625
