0 0.9482421875 0.076171875 0.017578125 0.03515625
0 0.96484375 0.072265625 0.015625 0.02734375
0 0.9873046875 0.080078125 0.013671875 0.0390625
0 0.91796875 0.162109375 0.01171875 0.02734375
0 0.8525390625 0.458984375 0.017578125 0.03515625
0 0.8349609375 0.603515625 0.017578125 0.0390625
0 0.83203125 0.55859375 0.01953125 0.03515625
0 0.880859375 0.5048828125 0.03515625 0.025390625
0 0.3837890625 0.1982421875 0.029296875 0.041015625
0 0.3251953125 0.2265625 0.033203125 0.046875
0 0.267578125 0.2353515625 0.03515625 0.048828125
0 0.1953125 0.2607421875 0.03515625 0.044921875
0 0.17578125 0.2705078125 0.03125 0.041015625
0 0.150390625 0.27734375 0.04296875 0.05078125
