0 0.1005859375 0.4345703125 0.033203125 0.017578125
0 0.396484375 0.498046875 0.02734375 0.03125
0 0.6767578125 0.087890625 0.033203125 0.01953125
0 0.6044921875 0.201171875 0.033203125 0.01953125
0 0.59765625 0.255859375 0.0390625 0.0234375
0 0.6748046875 0.224609375 0.037109375 0.01953125
0 0.8720703125 0.234375 0.017578125 0.03125
0 0.8447265625 0.1474609375 0.021484375 0.037109375
0 0.9453125 0.1328125 0.04296875 0.01953125
0 0.6279296875 0.8076171875 0.037109375 0.021484375
0 0.62890625 0.7880859375 0.04296875 0.017578125
0 0.6298828125 0.7705078125 0.041015625 0.017578125
0 0.62890625 0.7314453125 0.0390625 0.017578125
0 0.62109375 0.71484375 0.0390625 0.015625
0 0.6162109375 0.6962890625 0.037109375 0.013671875
0 0.619140625 0.6767578125 0.0390625 0.017578125
0 0.705078125 0.7314453125 0.03125 0.021484375
0 0.6240234375 0.6181640625 0.041015625 0.021484375
0 0.62109375 0.5966796875 0.0390625 0.017578125
0 0.619140625 0.5751953125 0.04296875 0.017578125
0 0.693359375 0.5615234375 0.03515625 0.021484375
0 0.6142578125 0.513671875 0.037109375 0.015625
0 0.619140625 0.5361328125 0.04296875 0.017578125
0 0.615234375 0.556640625 0.0390625 0.015625
0 0.8798828125 0.517578125 0.017578125 0.0390625
0 0.8525390625 0.5869140625 0.025390625 0.033203125
0 0.9794921875 0.623046875 0.041015625 0.03125
0 0.287109375 0.3544921875 0.03515625 0.013671875
0 0.3818359375 0.3525390625 0.037109375 0.017578125
0 0.8154296875 0.3359375 0.041015625 0.01953125
0 0.716796875 0.4130859375 0.03125 0.017578125
0 0.7705078125 0.41015625 0.037109375 0.015625
0 0.818359375 0.4052734375 0.0390625 0.017578125
0 0.9560546875 0.51953125 0.033203125 0.015625
0 0.9677734375 0.4951171875 0.048828125 0.025390625
