0 0.0732421875 0.52734375 0.029296875 0.015625
0 0.1494140625 0.71484375 0.041015625 0.01953125
0 0.22265625 0.7060546875 0.03125 0.017578125
0 0.3046875 0.5556640625 0.0390625 0.021484375
0 0.3984375 0.529296875 0.0390625 0.0234375
0 0.291015625 0.7041015625 0.04296875 0.021484375
0 0.3369140625 0.654296875 0.044921875 0.0234375
0 0.39453125 0.7255859375 0.0390625 0.017578125
0 0.44140625 0.693359375 0.03515625 0.015625
0 0.490234375 0.693359375 0.0390625 0.01953125
0 0.46484375 0.71875 0.0390625 0.015625
1 0.6337890625 0.494140625 0.056640625 0.0234375
