0 0.0419921875 0.2548828125 0.029296875 0.033203125
0 0.267578125 0.314453125 0.02734375 0.03515625
0 0.15234375 0.4326171875 0.03515625 0.037109375
0 0.2900390625 0.5927734375 0.041015625 0.033203125
0 0.2255859375 0.748046875 0.029296875 0.03515625
0 0.1318359375 0.8017578125 0.029296875 0.037109375
0 0.2373046875 0.888671875 0.033203125 0.0390625
0 0.1376953125 0.498046875 0.033203125 0.03125
0 0.126953125 0.8955078125 0.03515625 0.037109375
0 0.2744140625 0.9658203125 0.041015625 0.052734375
0 0.32421875 0.943359375 0.04296875 0.05859375
0 0.341796875 0.9306640625 0.04296875 0.052734375
0 0.0205078125 0.4423828125 0.021484375 0.021484375
0 0.01953125 0.8671875 0.03125 0.03515625
0 0.046875 0.84375 0.03125 0.0390625
0 0.064453125 0.833984375 0.03125 0.03515625
0 0.1669921875 0.921875 0.029296875 0.03515625
0 0.1982421875 0.90234375 0.029296875 0.03515625
0 0.2705078125 0.8095703125 0.029296875 0.037109375
