0 0.029296875 0.59765625 0.04296875 0.0234375
0 0.0224609375 0.578125 0.037109375 0.015625
0 0.0185546875 0.560546875 0.037109375 0.01953125
0 0.0185546875 0.541015625 0.037109375 0.01953125
0 0.06640625 0.505859375 0.01953125 0.03125
0 0.2939453125 0.0400390625 0.037109375 0.021484375
0 0.2978515625 0.0654296875 0.037109375 0.017578125
0 0.2890625 0.087890625 0.03515625 0.015625
0 0.287109375 0.12890625 0.04296875 0.01953125
0 0.291015625 0.1484375 0.03515625 0.01953125
0 0.2998046875 0.1708984375 0.037109375 0.025390625
0 0.296875 0.2109375 0.0390625 0.01953125
0 0.3017578125 0.2314453125 0.048828125 0.021484375
0 0.3017578125 0.2548828125 0.037109375 0.017578125
0 0.3095703125 0.3154296875 0.041015625 0.021484375
0 0.3095703125 0.294921875 0.033203125 0.01953125
0 0.3046875 0.3388671875 0.0390625 0.017578125
0 0.4169921875 0.1689453125 0.025390625 0.041015625
0 0.310546875 0.384765625 0.0390625 0.015625
0 0.3095703125 0.4052734375 0.037109375 0.017578125
0 0.30859375 0.443359375 0.04296875 0.01953125
0 0.310546875 0.4638671875 0.04296875 0.017578125
0 0.4130859375 0.45703125 0.021484375 0.03515625
0 0.310546875 0.42578125 0.0390625 0.015625
0 0.3076171875 0.482421875 0.037109375 0.01953125
0 0.322265625 0.5771484375 0.04296875 0.017578125
0 0.3173828125 0.59765625 0.037109375 0.01171875
0 0.3193359375 0.619140625 0.041015625 0.015625
0 0.3173828125 0.6416015625 0.044921875 0.021484375
0 0.416015625 0.5576171875 0.015625 0.037109375
0 0.3154296875 0.5009765625 0.037109375 0.017578125
0 0.4169921875 0.6357421875 0.025390625 0.041015625
0 0.3681640625 0.87109375 0.029296875 0.04296875
0 0.32421875 0.8701171875 0.0390625 0.025390625
0 0.326171875 0.9111328125 0.046875 0.021484375
0 0.388671875 0.9189453125 0.015625 0.029296875
0 0.4033203125 0.9658203125 0.021484375 0.037109375
0 0.1044921875 0.970703125 0.021484375 0.04296875
0 0.03515625 0.97265625 0.02734375 0.0390625
0 0.0126953125 0.9697265625 0.017578125 0.033203125
0 0.634765625 0.1484375 0.03515625 0.01953125
0 0.6357421875 0.189453125 0.044921875 0.01953125
0 0.6376953125 0.208984375 0.037109375 0.01953125
0 0.6376953125 0.23046875 0.037109375 0.0234375
0 0.640625 0.2705078125 0.0390625 0.021484375
0 0.6455078125 0.3095703125 0.033203125 0.017578125
0 0.7021484375 0.2939453125 0.021484375 0.037109375
0 0.6455078125 0.3271484375 0.033203125 0.017578125
0 0.6455078125 0.3486328125 0.029296875 0.013671875
0 0.6455078125 0.3681640625 0.037109375 0.017578125
0 0.6474609375 0.427734375 0.033203125 0.015625
0 0.6513671875 0.4677734375 0.033203125 0.013671875
0 0.6533203125 0.505859375 0.037109375 0.015625
0 0.65234375 0.5234375 0.03515625 0.01953125
0 0.654296875 0.5439453125 0.0390625 0.021484375
0 0.701171875 0.3916015625 0.0234375 0.044921875
0 0.7236328125 0.4091796875 0.021484375 0.033203125
0 0.7236328125 0.3623046875 0.017578125 0.041015625
0 0.75 0.41015625 0.015625 0.0390625
0 0.6572265625 0.599609375 0.037109375 0.01953125
0 0.7138671875 0.5849609375 0.017578125 0.033203125
0 0.7333984375 0.6357421875 0.021484375 0.037109375
0 0.6591796875 0.640625 0.048828125 0.01953125
0 0.658203125 0.6650390625 0.04296875 0.017578125
0 0.6572265625 0.68359375 0.041015625 0.01953125
0 0.662109375 0.7216796875 0.0390625 0.017578125
0 0.6689453125 0.7412109375 0.037109375 0.021484375
0 0.70703125 0.8076171875 0.02734375 0.041015625
0 0.42578125 0.791015625 0.0234375 0.03515625
0 0.955078125 0.021484375 0.03515625 0.01953125
0 0.951171875 0.0439453125 0.0390625 0.021484375
0 0.9912109375 0.0224609375 0.017578125 0.033203125
0 0.95703125 0.0849609375 0.0390625 0.017578125
0 0.9619140625 0.1064453125 0.033203125 0.013671875
0 0.9580078125 0.1240234375 0.041015625 0.017578125
0 0.9619140625 0.142578125 0.033203125 0.01953125
0 0.958984375 0.1630859375 0.04296875 0.017578125
0 0.9609375 0.18359375 0.0390625 0.015625
0 0.9638671875 0.203125 0.044921875 0.015625
0 0.9619140625 0.2216796875 0.033203125 0.013671875
0 0.9658203125 0.28125 0.037109375 0.01953125
0 0.962890625 0.2626953125 0.03125 0.017578125
0 0.966796875 0.2412109375 0.02734375 0.013671875
0 0.9677734375 0.2998046875 0.033203125 0.017578125
0 0.96484375 0.3408203125 0.03125 0.021484375
0 0.96875 0.3203125 0.03125 0.015625
0 0.7412109375 0.6748046875 0.017578125 0.033203125
