0 0.9033203125 0.3408203125 0.037109375 0.029296875
0 0.83984375 0.3037109375 0.04296875 0.025390625
0 0.8251953125 0.2509765625 0.041015625 0.025390625
0 0.8701171875 0.22265625 0.025390625 0.04296875
0 0.2578125 0.8525390625 0.0390625 0.025390625
0 0.2587890625 0.8779296875 0.041015625 0.025390625
0 0.0654296875 0.30859375 0.017578125 0.0390625
0 0.0615234375 0.2548828125 0.021484375 0.041015625
0 0.58984375 0.76953125 0.01953125 0.03515625
0 0.7412109375 0.5107421875 0.017578125 0.037109375
0 0.8701171875 0.640625 0.021484375 0.04296875
0 0.919921875 0.6376953125 0.0234375 0.044921875
0 0.94140625 0.6376953125 0.01953125 0.044921875
0 0.9638671875 0.6376953125 0.025390625 0.044921875
