0 0.27734375 0.0185546875 0.015625 0.029296875
0 0.25390625 0.017578125 0.01953125 0.03515625
0 0.1748046875 0.0263671875 0.017578125 0.037109375
0 0.0556640625 0.0400390625 0.021484375 0.029296875
0 0.27734375 0.2578125 0.0390625 0.01953125
0 0.3427734375 0.298828125 0.013671875 0.03125
0 0.2880859375 0.3212890625 0.037109375 0.017578125
0 0.3271484375 0.1357421875 0.017578125 0.033203125
0 0.259765625 0.14453125 0.0390625 0.01953125
0 0.2587890625 0.1123046875 0.041015625 0.021484375
0 0.0244140625 0.1533203125 0.017578125 0.029296875
