0 0.48828125 0.2578125 0.04296875 0.015625
0 0.4814453125 0.283203125 0.041015625 0.01953125
0 0.4169921875 0.29296875 0.033203125 0.01953125
0 0.21875 0.763671875 0.015625 0.03515625
0 0.21484375 0.7119140625 0.01171875 0.029296875
0 0.2138671875 0.6708984375 0.013671875 0.029296875
0 0.2421875 0.7216796875 0.01953125 0.041015625
0 0.271484375 0.7578125 0.015625 0.02734375
0 0.271484375 0.6943359375 0.01953125 0.037109375
0 0.23828125 0.625 0.015625 0.02734375
0 0.267578125 0.6533203125 0.01171875 0.021484375
0 0.2353515625 0.5791015625 0.017578125 0.037109375
0 0.2333984375 0.5244140625 0.017578125 0.037109375
0 0.2587890625 0.529296875 0.017578125 0.03515625
0 0.2841796875 0.52734375 0.021484375 0.0546875
0 0.275390625 0.8701171875 0.01953125 0.041015625
0 0.48828125 0.2587890625 0.04296875 0.017578125
0 0.4072265625 0.2412109375 0.041015625 0.021484375
0 0.0849609375 0.15625 0.021484375 0.03515625
0 0.11328125 0.1474609375 0.015625 0.033203125
0 0.1611328125 0.1171875 0.025390625 0.046875
0 0.1044921875 0.095703125 0.025390625 0.0390625
0 0.0791015625 0.0986328125 0.017578125 0.037109375
0 0.1337890625 0.0751953125 0.025390625 0.044921875
0 0.076171875 0.03125 0.0234375 0.04296875
0 0.1015625 0.0419921875 0.02734375 0.048828125
0 0.130859375 0.0263671875 0.0234375 0.041015625
0 0.15625 0.025390625 0.02734375 0.04296875
