0 0.0390625 0.595703125 0.03515625 0.02734375
0 0.0478515625 0.6171875 0.033203125 0.0234375
0 0.0703125 0.677734375 0.03515625 0.0234375
0 0.080078125 0.6943359375 0.03515625 0.021484375
0 0.4384765625 0.4140625 0.029296875 0.0390625
0 0.396484375 0.46484375 0.0390625 0.02734375
0 0.4267578125 0.4736328125 0.033203125 0.021484375
0 0.4326171875 0.49609375 0.037109375 0.0234375
0 0.4619140625 0.564453125 0.025390625 0.03515625
0 0.4921875 0.5556640625 0.02734375 0.037109375
0 0.51953125 0.818359375 0.05078125 0.02734375
0 0.513671875 0.791015625 0.046875 0.03125
0 0.521484375 0.7509765625 0.046875 0.025390625
0 0.5166015625 0.724609375 0.037109375 0.01953125
