0 0.279296875 0.3681640625 0.03515625 0.033203125
0 0.2939453125 0.3828125 0.033203125 0.03125
0 0.04296875 0.6708984375 0.03515625 0.017578125
0 0.0498046875 0.6923828125 0.033203125 0.017578125
0 0.2685546875 0.9033203125 0.029296875 0.025390625
0 0.0361328125 0.908203125 0.033203125 0.02734375
0 0.2919921875 0.7802734375 0.021484375 0.037109375
0 0.1171875 0.9091796875 0.03125 0.017578125
0 0.6416015625 0.7900390625 0.029296875 0.044921875
1 0.4453125 0.916015625 0.109375 0.05078125
0 0.5537109375 0.1396484375 0.041015625 0.041015625
