0 0.1171875 0.4892578125 0.0390625 0.021484375
0 0.1240234375 0.576171875 0.033203125 0.01953125
0 0.1123046875 0.6728515625 0.044921875 0.021484375
0 0.1240234375 0.7001953125 0.044921875 0.017578125
0 0.8349609375 0.16796875 0.021484375 0.0390625
0 0.853515625 0.080078125 0.01953125 0.0390625
0 0.716796875 0.0625 0.01953125 0.0390625
0 0.6142578125 0.4375 0.044921875 0.01953125
0 0.6171875 0.4580078125 0.0390625 0.021484375
0 0.666015625 0.380859375 0.01953125 0.03515625
0 0.6435546875 0.37890625 0.017578125 0.03515625
0 0.7841796875 0.5517578125 0.041015625 0.021484375
