0 0.1171875 0.052734375 0.02734375 0.01953125
0 0.115234375 0.1083984375 0.01953125 0.037109375
0 0.0458984375 0.205078125 0.037109375 0.015625
0 0.046875 0.2587890625 0.0390625 0.017578125
0 0.140625 0.29296875 0.0390625 0.015625
0 0.19140625 0.236328125 0.04296875 0.01953125
0 0.1376953125 0.2578125 0.033203125 0.015625
0 0.13671875 0.2373046875 0.03515625 0.013671875
0 0.146484375 0.33984375 0.03125 0.01953125
0 0.193359375 0.3203125 0.03515625 0.015625
0 0.1953125 0.3359375 0.02734375 0.015625
0 0.193359375 0.3544921875 0.03125 0.017578125
0 0.265625 0.2724609375 0.01953125 0.033203125
0 0.2607421875 0.158203125 0.017578125 0.03515625
0 0.26171875 0.2109375 0.015625 0.02734375
0 0.267578125 0.349609375 0.01171875 0.02734375
0 0.275390625 0.4013671875 0.01171875 0.025390625
0 0.2744140625 0.4482421875 0.017578125 0.033203125
0 0.2021484375 0.4755859375 0.037109375 0.017578125
0 0.2724609375 0.48828125 0.017578125 0.03515625
0 0.2734375 0.5322265625 0.015625 0.037109375
0 0.1474609375 0.5966796875 0.033203125 0.013671875
0 0.154296875 0.6474609375 0.03515625 0.013671875
0 0.1484375 0.6318359375 0.0390625 0.017578125
0 0.2138671875 0.64453125 0.041015625 0.01953125
0 0.2080078125 0.6103515625 0.037109375 0.021484375
0 0.2041015625 0.5751953125 0.037109375 0.017578125
0 0.2099609375 0.662109375 0.033203125 0.015625
0 0.2099609375 0.6796875 0.033203125 0.01171875
0 0.21484375 0.71484375 0.03515625 0.015625
0 0.216796875 0.7509765625 0.0390625 0.017578125
0 0.0576171875 0.6845703125 0.033203125 0.013671875
0 0.27734375 0.5908203125 0.015625 0.029296875
0 0.2890625 0.6845703125 0.01953125 0.037109375
0 0.2919921875 0.759765625 0.017578125 0.03515625
0 0.29296875 0.810546875 0.015625 0.03515625
0 0.330078125 0.7001953125 0.04296875 0.017578125
0 0.328125 0.71875 0.0390625 0.01953125
0 0.3408203125 0.791015625 0.041015625 0.01953125
0 0.3388671875 0.8359375 0.041015625 0.01953125
0 0.33984375 0.8154296875 0.03515625 0.013671875
0 0.3369140625 0.75390625 0.033203125 0.015625
0 0.3291015625 0.6279296875 0.037109375 0.013671875
0 0.3251953125 0.609375 0.037109375 0.01171875
0 0.3203125 0.3955078125 0.0390625 0.017578125
0 0.3232421875 0.4296875 0.033203125 0.015625
0 0.3125 0.177734375 0.03125 0.015625
0 0.318359375 0.2099609375 0.02734375 0.013671875
0 0.3154296875 0.228515625 0.029296875 0.015625
0 0.38671875 0.2666015625 0.0390625 0.017578125
0 0.4345703125 0.197265625 0.021484375 0.03515625
0 0.533203125 0.2490234375 0.03515625 0.017578125
0 0.3974609375 0.5732421875 0.037109375 0.017578125
0 0.478515625 0.4228515625 0.02734375 0.017578125
0 0.4736328125 0.14453125 0.017578125 0.0390625
0 0.517578125 0.1416015625 0.015625 0.029296875
0 0.5380859375 0.1396484375 0.013671875 0.025390625
0 0.5673828125 0.14453125 0.013671875 0.01953125
0 0.62890625 0.0751953125 0.0390625 0.017578125
0 0.62890625 0.126953125 0.015625 0.02734375
0 0.64453125 0.17578125 0.015625 0.0390625
0 0.662109375 0.169921875 0.015625 0.03515625
0 0.7001953125 0.130859375 0.017578125 0.03125
0 0.74609375 0.1279296875 0.01953125 0.033203125
0 0.7939453125 0.126953125 0.017578125 0.0390625
0 0.8134765625 0.125 0.021484375 0.03515625
0 0.8388671875 0.123046875 0.017578125 0.03125
0 0.859375 0.1259765625 0.015625 0.029296875
0 0.8828125 0.1259765625 0.015625 0.037109375
0 0.953125 0.1220703125 0.015625 0.033203125
0 0.9697265625 0.06640625 0.033203125 0.01953125
0 0.9765625 0.126953125 0.015625 0.03125
0 0.6396484375 0.244140625 0.041015625 0.02734375
0 0.5068359375 0.8232421875 0.021484375 0.037109375
0 0.5263671875 0.826171875 0.017578125 0.03515625
0 0.5478515625 0.8232421875 0.017578125 0.037109375
0 0.5732421875 0.8232421875 0.017578125 0.029296875
0 0.5966796875 0.8193359375 0.029296875 0.044921875
0 0.625 0.8212890625 0.015625 0.029296875
0 0.669921875 0.8134765625 0.01953125 0.037109375
0 0.69140625 0.81640625 0.01953125 0.046875
0 0.7119140625 0.8193359375 0.013671875 0.037109375
0 0.732421875 0.8115234375 0.015625 0.029296875
0 0.779296875 0.8134765625 0.01953125 0.041015625
0 0.8017578125 0.8125 0.017578125 0.03515625
0 0.82421875 0.8154296875 0.01953125 0.041015625
0 0.8486328125 0.8115234375 0.017578125 0.037109375
0 0.8720703125 0.814453125 0.017578125 0.03515625
0 0.892578125 0.814453125 0.01953125 0.03125
0 0.9189453125 0.810546875 0.021484375 0.0390625
0 0.9423828125 0.8076171875 0.017578125 0.037109375
0 0.9619140625 0.806640625 0.017578125 0.03515625
0 0.986328125 0.80859375 0.01953125 0.03515625
0 0.87890625 0.85546875 0.0390625 0.02734375
0 0.5078125 0.9111328125 0.015625 0.037109375
0 0.5302734375 0.9111328125 0.013671875 0.029296875
0 0.5732421875 0.912109375 0.017578125 0.0390625
0 0.59765625 0.9169921875 0.015625 0.029296875
0 0.640625 0.91015625 0.015625 0.03125
0 0.6650390625 0.908203125 0.009765625 0.02734375
0 0.802734375 0.904296875 0.015625 0.03515625
0 0.708984375 0.904296875 0.01171875 0.03125
0 0.77734375 0.9033203125 0.015625 0.029296875
0 0.869140625 0.900390625 0.015625 0.0390625
0 0.8916015625 0.8994140625 0.013671875 0.033203125
0 0.9150390625 0.9052734375 0.013671875 0.029296875
0 0.93359375 0.9013671875 0.015625 0.041015625
0 0.9521484375 0.8681640625 0.033203125 0.017578125
0 0.3935546875 0.9755859375 0.033203125 0.017578125
0 0.4580078125 0.9716796875 0.033203125 0.013671875
0 0.521484375 0.9716796875 0.0390625 0.017578125
0 0.6005859375 0.96484375 0.037109375 0.01953125
1 0.033203125 0.1484375 0.0546875 0.01171875
1 0.037109375 0.1669921875 0.0546875 0.013671875
1 0.0341796875 0.185546875 0.052734375 0.01171875
1 0.037109375 0.2353515625 0.0546875 0.017578125
1 0.0400390625 0.30078125 0.056640625 0.015625
1 0.0400390625 0.3203125 0.056640625 0.015625
1 0.041015625 0.33984375 0.05078125 0.015625
1 0.0419921875 0.369140625 0.052734375 0.015625
1 0.044921875 0.388671875 0.04296875 0.015625
1 0.0439453125 0.4189453125 0.048828125 0.013671875
1 0.0458984375 0.4375 0.056640625 0.01171875
1 0.044921875 0.455078125 0.0546875 0.01171875
1 0.1484375 0.474609375 0.046875 0.015625
1 0.048828125 0.5439453125 0.0546875 0.013671875
1 0.150390625 0.5205078125 0.05078125 0.017578125
1 0.1513671875 0.5576171875 0.052734375 0.017578125
1 0.052734375 0.5771484375 0.0546875 0.013671875
1 0.052734375 0.5947265625 0.05078125 0.013671875
1 0.0537109375 0.64453125 0.048828125 0.015625
1 0.0546875 0.6640625 0.0546875 0.015625
1 0.056640625 0.6982421875 0.0546875 0.013671875
1 0.0576171875 0.716796875 0.056640625 0.015625
1 0.1552734375 0.6787109375 0.052734375 0.017578125
1 0.16015625 0.7294921875 0.0546875 0.017578125
1 0.05859375 0.7333984375 0.05078125 0.013671875
1 0.060546875 0.75 0.05859375 0.015625
1 0.0595703125 0.7666015625 0.056640625 0.013671875
1 0.0615234375 0.7841796875 0.056640625 0.013671875
1 0.0634765625 0.8193359375 0.048828125 0.017578125
1 0.4873046875 0.076171875 0.080078125 0.01953125
1 0.7001953125 0.0703125 0.056640625 0.01953125
1 0.7978515625 0.06640625 0.080078125 0.0234375
1 0.904296875 0.0615234375 0.08203125 0.021484375
0 0.3037109375 0.9072265625 0.017578125 0.021484375
0 0.3447265625 0.9580078125 0.021484375 0.021484375
0 0.2783203125 0.9736328125 0.013671875 0.021484375
