0 0.4072265625 0.958984375 0.041015625 0.015625
0 0.408203125 0.9404296875 0.0390625 0.021484375
0 0.4111328125 0.896484375 0.041015625 0.0234375
0 0.2216796875 0.95703125 0.044921875 0.02734375
0 0.2265625 0.8681640625 0.03515625 0.017578125
0 0.2275390625 0.8447265625 0.041015625 0.017578125
0 0.21875 0.81640625 0.03515625 0.01953125
0 0.3994140625 0.7294921875 0.048828125 0.021484375
0 0.498046875 0.6015625 0.03125 0.04296875
0 0.041015625 0.2861328125 0.03125 0.041015625
0 0.654296875 0.806640625 0.0390625 0.03125
0 0.78515625 0.6787109375 0.0390625 0.017578125
0 0.7666015625 0.6591796875 0.044921875 0.021484375
0 0.8232421875 0.65625 0.041015625 0.01953125
0 0.947265625 0.8994140625 0.0390625 0.017578125
