0 0.0263671875 0.201171875 0.041015625 0.01953125
0 0.7646484375 0.4150390625 0.044921875 0.029296875
0 0.767578125 0.4501953125 0.04296875 0.029296875
0 0.791015625 0.4873046875 0.046875 0.025390625
0 0.7900390625 0.5166015625 0.044921875 0.041015625
0 0.8154296875 0.7333984375 0.037109375 0.025390625
0 0.73828125 0.728515625 0.01953125 0.04296875
0 0.8056640625 0.75390625 0.044921875 0.02734375
0 0.8017578125 0.7998046875 0.048828125 0.029296875
0 0.810546875 0.8251953125 0.0390625 0.021484375
0 0.8076171875 0.6943359375 0.037109375 0.021484375
