0 0.7529296875 0.9501953125 0.021484375 0.037109375
0 0.7255859375 0.9638671875 0.017578125 0.037109375
0 0.294921875 0.49609375 0.01953125 0.0390625
0 0.2705078125 0.4951171875 0.021484375 0.041015625
0 0.251953125 0.494140625 0.015625 0.03515625
0 0.2294921875 0.4951171875 0.017578125 0.037109375
0 0.2080078125 0.4951171875 0.021484375 0.041015625
0 0.185546875 0.4951171875 0.01953125 0.033203125
0 0.1533203125 0.49609375 0.017578125 0.0390625
0 0.068359375 0.4990234375 0.015625 0.037109375
0 0.087890625 0.4951171875 0.01953125 0.041015625
0 0.109375 0.4931640625 0.015625 0.033203125
0 0.12890625 0.498046875 0.015625 0.03125
0 0.8056640625 0.77734375 0.017578125 0.03125
0 0.830078125 0.7802734375 0.01953125 0.037109375
0 0.7626953125 0.7861328125 0.021484375 0.037109375
0 0.8173828125 0.8662109375 0.017578125 0.033203125
0 0.787109375 0.8720703125 0.01953125 0.029296875
0 0.837890625 0.875 0.015625 0.0234375
0 0.978515625 0.943359375 0.0390625 0.01953125
