0 0.443359375 0.0791015625 0.0390625 0.017578125
0 0.4443359375 0.0947265625 0.041015625 0.013671875
0 0.4423828125 0.1123046875 0.037109375 0.021484375
0 0.4423828125 0.1328125 0.037109375 0.01953125
0 0.2978515625 0.15234375 0.025390625 0.0390625
0 0.0986328125 0.150390625 0.025390625 0.03515625
0 0.1259765625 0.1513671875 0.021484375 0.048828125
0 0.244140625 0.1806640625 0.03515625 0.017578125
0 0.0830078125 0.2607421875 0.017578125 0.037109375
0 0.1083984375 0.259765625 0.017578125 0.04296875
0 0.154296875 0.2607421875 0.0234375 0.037109375
0 0.1796875 0.263671875 0.02734375 0.03515625
0 0.236328125 0.2509765625 0.02734375 0.044921875
0 0.30859375 0.2509765625 0.03125 0.044921875
0 0.341796875 0.296875 0.04296875 0.0234375
0 0.3427734375 0.3232421875 0.044921875 0.017578125
0 0.478515625 0.265625 0.04296875 0.0234375
0 0.4501953125 0.2958984375 0.041015625 0.033203125
0 0.4697265625 0.7744140625 0.056640625 0.052734375
0 0.37109375 0.796875 0.04296875 0.04296875
