1 0.150390625 0.1865234375 0.0234375 0.060546875
1 0.2880859375 0.2685546875 0.083984375 0.029296875
1 0.4453125 0.3916015625 0.0234375 0.056640625
1 0.45703125 0.6435546875 0.0234375 0.056640625
0 0.0390625 0.189453125 0.015625 0.03125
0 0.064453125 0.1962890625 0.015625 0.037109375
0 0.0888671875 0.1943359375 0.017578125 0.037109375
0 0.1123046875 0.197265625 0.017578125 0.0390625
0 0.392578125 0.375 0.015625 0.03515625
0 0.453125 0.517578125 0.015625 0.02734375
0 0.3623046875 0.376953125 0.021484375 0.04296875
0 0.3447265625 0.7353515625 0.041015625 0.021484375
0 0.375 0.5888671875 0.01953125 0.033203125
0 0.9658203125 0.1748046875 0.021484375 0.037109375
0 0.6875 0.310546875 0.015625 0.03515625
