0 0.0576171875 0.73046875 0.041015625 0.01953125
0 0.029296875 0.3515625 0.03125 0.015625
0 0.0302734375 0.3310546875 0.037109375 0.017578125
0 0.033203125 0.3095703125 0.03515625 0.017578125
0 0.0283203125 0.287109375 0.037109375 0.015625
0 0.0244140625 0.2705078125 0.037109375 0.017578125
0 0.0283203125 0.2509765625 0.037109375 0.013671875
0 0.0234375 0.1826171875 0.03515625 0.017578125
0 0.029296875 0.203125 0.03515625 0.01171875
0 0.029296875 0.2255859375 0.03515625 0.017578125
0 0.20703125 0.08984375 0.03515625 0.015625
0 0.2099609375 0.111328125 0.033203125 0.015625
0 0.2099609375 0.16796875 0.033203125 0.015625
0 0.2109375 0.25 0.0390625 0.01953125
0 0.2138671875 0.23046875 0.037109375 0.015625
0 0.216796875 0.271484375 0.0390625 0.015625
0 0.216796875 0.2919921875 0.0390625 0.017578125
0 0.21484375 0.3291015625 0.03515625 0.017578125
0 0.2138671875 0.3076171875 0.033203125 0.013671875
0 0.271484375 0.2470703125 0.0234375 0.044921875
0 0.486328125 0.015625 0.03515625 0.015625
0 0.48828125 0.0478515625 0.0390625 0.017578125
0 0.6044921875 0.0625 0.041015625 0.015625
0 0.380859375 0.1318359375 0.015625 0.033203125
0 0.404296875 0.1328125 0.015625 0.03515625
0 0.42578125 0.1328125 0.01953125 0.03515625
0 0.451171875 0.1318359375 0.01953125 0.037109375
0 0.9072265625 0.0185546875 0.033203125 0.017578125
0 0.9091796875 0.0556640625 0.037109375 0.013671875
0 0.90625 0.0791015625 0.02734375 0.017578125
0 0.6669921875 0.1201171875 0.017578125 0.029296875
0 0.689453125 0.1240234375 0.01953125 0.037109375
0 0.708984375 0.119140625 0.01953125 0.03515625
0 0.7734375 0.1181640625 0.01953125 0.037109375
0 0.8017578125 0.1201171875 0.017578125 0.037109375
0 0.8427734375 0.1201171875 0.021484375 0.037109375
0 0.5751953125 0.3798828125 0.017578125 0.033203125
0 0.59765625 0.37890625 0.015625 0.03515625
0 0.6630859375 0.38671875 0.013671875 0.02734375
0 0.78125 0.373046875 0.01953125 0.0390625
0 0.8046875 0.369140625 0.015625 0.03125
0 0.8251953125 0.369140625 0.017578125 0.0390625
0 0.8466796875 0.369140625 0.017578125 0.03515625
0 0.947265625 0.2978515625 0.0234375 0.048828125
0 0.4814453125 0.6708984375 0.021484375 0.048828125
0 0.5751953125 0.671875 0.017578125 0.0390625
0 0.0791015625 0.896484375 0.017578125 0.03125
0 0.1044921875 0.8935546875 0.013671875 0.033203125
0 0.126953125 0.8955078125 0.015625 0.033203125
0 0.1787109375 0.8359375 0.037109375 0.015625
0 0.150390625 0.89453125 0.01171875 0.03515625
0 0.2158203125 0.888671875 0.013671875 0.03515625
0 0.2392578125 0.8857421875 0.017578125 0.037109375
0 0.26171875 0.8818359375 0.015625 0.025390625
0 0.28515625 0.88671875 0.01953125 0.03515625
0 0.306640625 0.8876953125 0.0234375 0.037109375
0 0.330078125 0.8330078125 0.0390625 0.013671875
0 0.4326171875 0.9619140625 0.037109375 0.017578125
0 0.4248046875 0.8837890625 0.013671875 0.033203125
0 0.4697265625 0.8798828125 0.013671875 0.033203125
0 0.4931640625 0.8818359375 0.013671875 0.033203125
0 0.513671875 0.8837890625 0.01171875 0.033203125
0 0.5341796875 0.880859375 0.017578125 0.02734375
0 0.5576171875 0.8828125 0.017578125 0.03515625
0 0.58203125 0.87890625 0.015625 0.03125
0 0.6025390625 0.87890625 0.017578125 0.0390625
0 0.671875 0.8173828125 0.03515625 0.021484375
0 0.7265625 0.876953125 0.01953125 0.03515625
0 0.7470703125 0.875 0.013671875 0.03125
0 0.7705078125 0.8759765625 0.017578125 0.029296875
0 0.794921875 0.87109375 0.01171875 0.03125
0 0.81640625 0.869140625 0.015625 0.03125
0 0.8388671875 0.869140625 0.017578125 0.03515625
0 0.8603515625 0.873046875 0.017578125 0.03515625
0 0.880859375 0.8662109375 0.015625 0.029296875
0 0.9052734375 0.869140625 0.017578125 0.03515625
0 0.9248046875 0.8681640625 0.017578125 0.037109375
0 0.947265625 0.8623046875 0.015625 0.029296875
0 0.9736328125 0.86328125 0.013671875 0.02734375
0 0.88671875 0.923828125 0.015625 0.03125
0 0.9091796875 0.919921875 0.017578125 0.03515625
0 0.95703125 0.919921875 0.01953125 0.03125
1 0.111328125 0.83203125 0.08203125 0.01953125
1 0.1923828125 0.88671875 0.017578125 0.046875
1 0.392578125 0.8212890625 0.0859375 0.029296875
1 0.498046875 0.8193359375 0.08203125 0.025390625
1 0.595703125 0.8154296875 0.0859375 0.025390625
1 0.732421875 0.810546875 0.08203125 0.0234375
1 0.8291015625 0.80859375 0.083984375 0.02734375
1 0.923828125 0.8037109375 0.08203125 0.025390625
1 0.66015625 0.875 0.08203125 0.0234375
