0 0.033203125 0.626953125 0.0234375 0.04296875
0 0.255859375 0.6318359375 0.0390625 0.021484375
0 0.2607421875 0.654296875 0.033203125 0.0234375
0 0.302734375 0.6279296875 0.0390625 0.025390625
0 0.3583984375 0.330078125 0.064453125 0.03125
0 0.3876953125 0.2568359375 0.021484375 0.029296875
0 0.35546875 0.2568359375 0.04296875 0.017578125
0 0.353515625 0.236328125 0.0390625 0.0234375
0 0.349609375 0.21484375 0.046875 0.01953125
0 0.3466796875 0.1953125 0.041015625 0.01953125
0 0.3466796875 0.17578125 0.041015625 0.01953125
0 0.3447265625 0.1552734375 0.044921875 0.021484375
0 0.3466796875 0.1357421875 0.033203125 0.017578125
0 0.3427734375 0.1162109375 0.033203125 0.021484375
0 0.33984375 0.072265625 0.04296875 0.01953125
0 0.3388671875 0.033203125 0.033203125 0.01953125
0 0.048828125 0.0224609375 0.04296875 0.017578125
0 0.048828125 0.0419921875 0.04296875 0.021484375
0 0.05078125 0.0625 0.046875 0.01953125
0 0.052734375 0.080078125 0.0390625 0.015625
0 0.0537109375 0.0986328125 0.041015625 0.021484375
0 0.0556640625 0.162109375 0.041015625 0.01953125
0 0.0576171875 0.1865234375 0.033203125 0.017578125
0 0.056640625 0.2294921875 0.03515625 0.021484375
0 0.0556640625 0.2529296875 0.033203125 0.017578125
1 0.5595703125 0.0458984375 0.029296875 0.083984375
1 0.583984375 0.044921875 0.02734375 0.078125
1 0.6044921875 0.0419921875 0.021484375 0.056640625
1 0.6259765625 0.04296875 0.033203125 0.08203125
1 0.6708984375 0.0400390625 0.029296875 0.080078125
1 0.7392578125 0.04296875 0.021484375 0.0625
0 0.76171875 0.046875 0.0234375 0.0390625
0 0.6708984375 0.107421875 0.044921875 0.02734375
0 0.548828125 0.205078125 0.0234375 0.0390625
0 0.59375 0.201171875 0.01953125 0.04296875
0 0.6376953125 0.1962890625 0.021484375 0.041015625
0 0.68359375 0.2001953125 0.01953125 0.033203125
0 0.73046875 0.197265625 0.0234375 0.03125
0 0.7470703125 0.1845703125 0.021484375 0.037109375
0 0.92578125 0.1787109375 0.01953125 0.033203125
0 0.26171875 0.7724609375 0.0234375 0.041015625
0 0.2861328125 0.767578125 0.025390625 0.03125
0 0.33203125 0.7646484375 0.015625 0.037109375
