0 0.3994140625 0.005859375 0.029296875 0.01171875
0 0.3974609375 0.0283203125 0.037109375 0.017578125
0 0.3955078125 0.0625 0.041015625 0.015625
0 0.3974609375 0.080078125 0.041015625 0.015625
0 0.400390625 0.1005859375 0.03125 0.013671875
0 0.4033203125 0.1357421875 0.029296875 0.013671875
0 0.4072265625 0.1591796875 0.033203125 0.013671875
0 0.404296875 0.1953125 0.0390625 0.0234375
0 0.40625 0.2294921875 0.04296875 0.017578125
0 0.40625 0.2490234375 0.04296875 0.017578125
0 0.4072265625 0.2685546875 0.033203125 0.013671875
0 0.4736328125 0.3134765625 0.017578125 0.037109375
0 0.6123046875 0.3291015625 0.021484375 0.033203125
0 0.4130859375 0.4189453125 0.033203125 0.021484375
0 0.333984375 0.48828125 0.015625 0.02734375
0 0.45703125 0.0673828125 0.01953125 0.037109375
0 0.6171875 0.5458984375 0.01953125 0.029296875
0 0.6416015625 0.6181640625 0.029296875 0.029296875
0 0.505859375 0.6279296875 0.04296875 0.017578125
0 0.6591796875 0.7060546875 0.021484375 0.033203125
0 0.626953125 0.7529296875 0.0234375 0.041015625
0 0.65625 0.7607421875 0.01953125 0.037109375
0 0.3740234375 0.6357421875 0.044921875 0.021484375
0 0.310546875 0.6689453125 0.04296875 0.017578125
0 0.0888671875 0.6455078125 0.048828125 0.017578125
0 0.1337890625 0.7353515625 0.017578125 0.033203125
0 0.6669921875 0.9072265625 0.017578125 0.037109375
0 0.5283203125 0.87890625 0.033203125 0.02734375
0 0.5361328125 0.9052734375 0.037109375 0.017578125
0 0.5419921875 0.9267578125 0.044921875 0.021484375
0 0.568359375 0.943359375 0.0390625 0.015625
0 0.0244140625 0.2373046875 0.021484375 0.033203125
0 0.4228515625 0.7216796875 0.021484375 0.037109375
0 0.4521484375 0.7275390625 0.029296875 0.037109375
0 0.087890625 0.1279296875 0.04296875 0.017578125
0 0.083984375 0.0859375 0.05078125 0.01953125
0 0.0869140625 0.1083984375 0.033203125 0.009765625
0 0.0908203125 0.16796875 0.033203125 0.015625
0 0.0908203125 0.1484375 0.033203125 0.01171875
0 0.0771484375 0.0087890625 0.041015625 0.017578125
0 0.6796875 0.111328125 0.02734375 0.01953125
0 0.68359375 0.134765625 0.0234375 0.015625
0 0.875 0.0390625 0.03515625 0.015625
0 0.8779296875 0.0634765625 0.033203125 0.013671875
0 0.900390625 0.48046875 0.015625 0.03515625
0 0.94140625 0.4775390625 0.015625 0.033203125
0 0.962890625 0.4765625 0.0234375 0.0390625
0 0.984375 0.4833984375 0.015625 0.029296875
0 0.9775390625 0.5654296875 0.021484375 0.033203125
0 0.8515625 0.689453125 0.0390625 0.0234375
0 0.85546875 0.7109375 0.03515625 0.01953125
0 0.9091796875 0.84375 0.056640625 0.0234375
0 0.9091796875 0.8701171875 0.037109375 0.017578125
0 0.9111328125 0.91015625 0.044921875 0.015625
0 0.9189453125 0.9501953125 0.041015625 0.017578125
0 0.916015625 0.9296875 0.03515625 0.01953125
0 0.91796875 0.970703125 0.0390625 0.01953125
0 0.921875 0.990234375 0.0390625 0.01953125
