1 0.703125 0.025390625 0.0859375 0.0234375
1 0.74609375 0.1123046875 0.05859375 0.021484375
1 0.7490234375 0.13671875 0.060546875 0.01953125
1 0.025390625 0.830078125 0.0234375 0.078125
1 0.0498046875 0.828125 0.025390625 0.0625
1 0.072265625 0.8271484375 0.01953125 0.056640625
1 0.0927734375 0.8271484375 0.033203125 0.076171875
1 0.1376953125 0.8251953125 0.025390625 0.076171875
1 0.1787109375 0.8203125 0.025390625 0.07421875
1 0.203125 0.8193359375 0.03125 0.083984375
1 0.2470703125 0.8154296875 0.029296875 0.076171875
1 0.291015625 0.8134765625 0.02734375 0.080078125
1 0.3154296875 0.8154296875 0.021484375 0.076171875
1 0.337890625 0.8154296875 0.0234375 0.076171875
1 0.3583984375 0.8134765625 0.025390625 0.072265625
1 0.3818359375 0.814453125 0.021484375 0.0546875
1 0.404296875 0.8115234375 0.02734375 0.076171875
1 0.4501953125 0.810546875 0.025390625 0.078125
1 0.4716796875 0.8095703125 0.025390625 0.076171875
1 0.4951171875 0.8076171875 0.021484375 0.052734375
1 0.5146484375 0.80859375 0.033203125 0.08203125
1 0.5380859375 0.8037109375 0.021484375 0.048828125
1 0.5615234375 0.8046875 0.025390625 0.078125
1 0.5869140625 0.8037109375 0.025390625 0.052734375
1 0.6328125 0.8017578125 0.02734375 0.080078125
1 0.763671875 0.7958984375 0.0234375 0.080078125
1 0.7861328125 0.7919921875 0.021484375 0.052734375
0 0.125 0.9794921875 0.01953125 0.033203125
0 0.2138671875 0.97265625 0.025390625 0.03515625
0 0.2353515625 0.9697265625 0.017578125 0.029296875
0 0.28125 0.96484375 0.0234375 0.04296875
0 0.3056640625 0.966796875 0.025390625 0.03515625
0 0.427734375 0.814453125 0.01953125 0.0390625
0 0.3671875 0.966796875 0.01953125 0.03515625
0 0.4169921875 0.9677734375 0.025390625 0.037109375
0 0.5048828125 0.962890625 0.025390625 0.03515625
0 0.5693359375 0.9580078125 0.025390625 0.037109375
0 0.6826171875 0.953125 0.025390625 0.0390625
0 0.7265625 0.9482421875 0.01953125 0.037109375
0 0.748046875 0.953125 0.0234375 0.03125
0 0.7216796875 0.810546875 0.021484375 0.04296875
0 0.61328125 0.8056640625 0.02734375 0.037109375
0 0.810546875 0.80078125 0.02734375 0.04296875
