0 0.45703125 0.8603515625 0.04296875 0.021484375
0 0.4580078125 0.8818359375 0.044921875 0.021484375
0 0.4609375 0.9287109375 0.04296875 0.021484375
0 0.462890625 0.9794921875 0.04296875 0.025390625
0 0.6396484375 0.9609375 0.037109375 0.02734375
0 0.6162109375 0.845703125 0.044921875 0.0234375
0 0.638671875 0.732421875 0.03515625 0.015625
0 0.6376953125 0.755859375 0.041015625 0.01953125
0 0.7822265625 0.697265625 0.013671875 0.03125
0 0.7939453125 0.638671875 0.013671875 0.03125
0 0.76953125 0.638671875 0.01953125 0.03515625
0 0.7998046875 0.58984375 0.017578125 0.03125
0 0.4619140625 0.775390625 0.037109375 0.01953125
1 0.0595703125 0.7685546875 0.029296875 0.060546875
0 0.0849609375 0.7646484375 0.021484375 0.041015625
0 0.216796875 0.8759765625 0.0390625 0.025390625
0 0.2177734375 0.82421875 0.056640625 0.01953125
0 0.0517578125 0.23828125 0.021484375 0.0390625
0 0.025390625 0.2412109375 0.015625 0.037109375
0 0.1279296875 0.1533203125 0.041015625 0.013671875
0 0.0576171875 0.1357421875 0.033203125 0.017578125
0 0.029296875 0.1572265625 0.03125 0.017578125
0 0.017578125 0.13671875 0.03125 0.0234375
0 0.2392578125 0.0595703125 0.021484375 0.044921875
0 0.2001953125 0.0673828125 0.017578125 0.037109375
0 0.4560546875 0.0693359375 0.037109375 0.025390625
0 0.5185546875 0.08203125 0.029296875 0.0234375
0 0.58203125 0.056640625 0.015625 0.0390625
0 0.6103515625 0.10546875 0.017578125 0.0390625
0 0.5458984375 0.1611328125 0.017578125 0.037109375
0 0.6181640625 0.22265625 0.017578125 0.0390625
0 0.578125 0.3212890625 0.015625 0.033203125
0 0.6123046875 0.30078125 0.044921875 0.02734375
0 0.626953125 0.3330078125 0.01953125 0.037109375
0 0.716796875 0.1533203125 0.01953125 0.025390625
0 0.7158203125 0.26171875 0.013671875 0.0234375
0 0.73828125 0.2568359375 0.015625 0.029296875
0 0.7587890625 0.2578125 0.013671875 0.0234375
0 0.7802734375 0.2568359375 0.013671875 0.029296875
0 0.765625 0.197265625 0.015625 0.03515625
0 0.748046875 0.1953125 0.01953125 0.0390625
0 0.7265625 0.3583984375 0.01953125 0.033203125
0 0.748046875 0.3037109375 0.015625 0.029296875
0 0.767578125 0.298828125 0.01953125 0.03515625
0 0.787109375 0.3564453125 0.01953125 0.037109375
0 0.814453125 0.412109375 0.015625 0.02734375
0 0.607421875 0.4130859375 0.01953125 0.037109375
0 0.6318359375 0.412109375 0.017578125 0.0390625
0 0.623046875 0.4921875 0.015625 0.02734375
0 0.5751953125 0.41796875 0.017578125 0.04296875
