0 0.8857421875 0.95703125 0.021484375 0.03515625
0 0.9140625 0.9482421875 0.015625 0.033203125
0 0.9619140625 0.91796875 0.025390625 0.046875
0 0.9052734375 0.896484375 0.025390625 0.0390625
0 0.8798828125 0.8994140625 0.017578125 0.037109375
0 0.9345703125 0.8759765625 0.025390625 0.044921875
0 0.876953125 0.83203125 0.0234375 0.04296875
0 0.90234375 0.8427734375 0.02734375 0.048828125
0 0.931640625 0.8271484375 0.0234375 0.041015625
0 0.95703125 0.826171875 0.02734375 0.04296875
0 0.8720703125 0.78125 0.021484375 0.04296875
0 0.89453125 0.7724609375 0.0234375 0.041015625
0 0.92578125 0.767578125 0.01953125 0.03515625
0 0.9482421875 0.779296875 0.021484375 0.03515625
0 0.8662109375 0.728515625 0.021484375 0.0390625
0 0.890625 0.73046875 0.0234375 0.03515625
0 0.91796875 0.720703125 0.0234375 0.03515625
0 0.9443359375 0.72265625 0.025390625 0.04296875
0 0.859375 0.67578125 0.02734375 0.04296875
0 0.8837890625 0.6494140625 0.021484375 0.041015625
0 0.9169921875 0.6708984375 0.021484375 0.044921875
0 0.9423828125 0.66015625 0.025390625 0.04296875
0 0.85546875 0.619140625 0.0234375 0.04296875
0 0.908203125 0.6181640625 0.0234375 0.037109375
0 0.935546875 0.6025390625 0.02734375 0.044921875
0 0.849609375 0.5693359375 0.0234375 0.037109375
0 0.9013671875 0.5615234375 0.021484375 0.041015625
0 0.9287109375 0.5556640625 0.025390625 0.041015625
0 0.8798828125 0.5751953125 0.021484375 0.041015625
0 0.876953125 0.5078125 0.01953125 0.03515625
0 0.8447265625 0.51171875 0.025390625 0.04296875
0 0.8369140625 0.4580078125 0.025390625 0.052734375
0 0.8681640625 0.455078125 0.025390625 0.04296875
0 0.9111328125 0.408203125 0.029296875 0.04296875
0 0.8662109375 0.4130859375 0.021484375 0.033203125
0 0.8349609375 0.404296875 0.029296875 0.046875
0 0.8330078125 0.349609375 0.021484375 0.04296875
0 0.8544921875 0.3037109375 0.025390625 0.037109375
