0 0.9208984375 0.2822265625 0.044921875 0.025390625
0 0.0634765625 0.4326171875 0.021484375 0.041015625
0 0.5205078125 0.470703125 0.041015625 0.0234375
0 0.552734375 0.84765625 0.03515625 0.015625
0 0.544921875 0.865234375 0.046875 0.015625
0 0.544921875 0.8828125 0.046875 0.01953125
0 0.5439453125 0.9345703125 0.029296875 0.017578125
0 0.5537109375 0.9775390625 0.044921875 0.017578125
0 0.5556640625 0.9580078125 0.037109375 0.021484375
0 0.19921875 0.9765625 0.03125 0.01953125
0 0.197265625 0.955078125 0.03125 0.0234375
0 0.142578125 0.955078125 0.03515625 0.01953125
0 0.19921875 0.93359375 0.03515625 0.015625
0 0.1982421875 0.896484375 0.041015625 0.0234375
0 0.2509765625 0.85546875 0.017578125 0.0390625
0 0.2890625 0.849609375 0.015625 0.03125
0 0.126953125 0.5986328125 0.04296875 0.025390625
0 0.8779296875 0.8603515625 0.021484375 0.041015625
0 0.857421875 0.861328125 0.01953125 0.0390625
0 0.8388671875 0.8642578125 0.017578125 0.033203125
0 0.5380859375 0.80859375 0.041015625 0.015625
0 0.5478515625 0.828125 0.033203125 0.0234375
0 0.505859375 0.7294921875 0.03515625 0.021484375
0 0.4697265625 0.646484375 0.021484375 0.0390625
