0 0.923828125 0.490234375 0.03515625 0.0625
0 0.8017578125 0.384765625 0.025390625 0.046875
0 0.5439453125 0.81640625 0.033203125 0.015625
0 0.54296875 0.798828125 0.0390625 0.015625
0 0.541015625 0.779296875 0.03515625 0.015625
0 0.5458984375 0.7626953125 0.037109375 0.017578125
0 0.541015625 0.740234375 0.03515625 0.01953125
0 0.5400390625 0.7080078125 0.037109375 0.017578125
0 0.541015625 0.6748046875 0.03515625 0.017578125
0 0.5380859375 0.640625 0.041015625 0.01953125
0 0.5361328125 0.6201171875 0.044921875 0.017578125
0 0.53125 0.603515625 0.0390625 0.01953125
0 0.53125 0.5849609375 0.03125 0.017578125
0 0.529296875 0.5693359375 0.0390625 0.013671875
0 0.53125 0.55078125 0.04296875 0.015625
0 0.53125 0.513671875 0.0390625 0.01953125
0 0.529296875 0.484375 0.0390625 0.015625
0 0.529296875 0.46484375 0.0390625 0.015625
0 0.5234375 0.431640625 0.03515625 0.01953125
0 0.521484375 0.4111328125 0.03125 0.017578125
0 0.5205078125 0.396484375 0.029296875 0.015625
0 0.5185546875 0.376953125 0.041015625 0.01953125
0 0.517578125 0.345703125 0.0390625 0.01953125
0 0.515625 0.3125 0.04296875 0.0234375
0 0.51953125 0.2919921875 0.0390625 0.017578125
0 0.517578125 0.2734375 0.0390625 0.015625
0 0.5087890625 0.2392578125 0.037109375 0.017578125
0 0.5126953125 0.1875 0.041015625 0.0234375
0 0.5087890625 0.115234375 0.041015625 0.01953125
0 0.466796875 0.5703125 0.015625 0.03515625
0 0.474609375 0.705078125 0.015625 0.03515625
