0 0.013671875 0.8427734375 0.01953125 0.037109375
0 0.04296875 0.8310546875 0.0234375 0.037109375
0 0.0830078125 0.814453125 0.021484375 0.0390625
0 0.0830078125 0.955078125 0.029296875 0.03125
0 0.09375 0.009765625 0.0390625 0.01953125
0 0.09765625 0.029296875 0.03515625 0.01953125
0 0.1044921875 0.05078125 0.048828125 0.0234375
0 0.1025390625 0.0908203125 0.044921875 0.021484375
0 0.1044921875 0.111328125 0.041015625 0.01953125
0 0.1015625 0.1298828125 0.03515625 0.017578125
0 0.0986328125 0.1513671875 0.041015625 0.021484375
0 0.103515625 0.1728515625 0.03515625 0.021484375
0 0.1015625 0.2099609375 0.03515625 0.017578125
0 0.1083984375 0.255859375 0.029296875 0.01171875
0 0.1142578125 0.27734375 0.029296875 0.015625
0 0.109375 0.294921875 0.03515625 0.015625
0 0.1123046875 0.3330078125 0.037109375 0.017578125
0 0.1064453125 0.35546875 0.033203125 0.015625
0 0.111328125 0.375 0.0390625 0.015625
0 0.154296875 0.359375 0.01953125 0.0390625
0 0.1845703125 0.33984375 0.017578125 0.03515625
0 0.1123046875 0.41015625 0.029296875 0.01953125
0 0.1171875 0.4716796875 0.03125 0.017578125
0 0.1181640625 0.4970703125 0.037109375 0.017578125
0 0.1181640625 0.5361328125 0.033203125 0.017578125
0 0.1240234375 0.5556640625 0.029296875 0.009765625
0 0.1201171875 0.578125 0.041015625 0.015625
0 0.1220703125 0.595703125 0.029296875 0.01953125
0 0.1220703125 0.619140625 0.029296875 0.015625
0 0.1240234375 0.662109375 0.037109375 0.01953125
0 0.287109375 0.724609375 0.01953125 0.03515625
0 0.3134765625 0.73046875 0.017578125 0.03515625
0 0.3359375 0.728515625 0.01953125 0.0390625
0 0.3564453125 0.7265625 0.021484375 0.03515625
0 0.37890625 0.728515625 0.0234375 0.0390625
0 0.4013671875 0.7255859375 0.021484375 0.044921875
0 0.42578125 0.7236328125 0.015625 0.037109375
0 0.447265625 0.7275390625 0.01953125 0.041015625
0 0.4716796875 0.7236328125 0.017578125 0.037109375
0 0.49609375 0.7216796875 0.01953125 0.041015625
0 0.5380859375 0.7216796875 0.017578125 0.037109375
0 0.55859375 0.7138671875 0.015625 0.044921875
0 0.5830078125 0.7197265625 0.017578125 0.037109375
0 0.603515625 0.7216796875 0.015625 0.029296875
0 0.625 0.7197265625 0.015625 0.037109375
0 0.6494140625 0.7197265625 0.017578125 0.037109375
0 0.669921875 0.71484375 0.015625 0.02734375
0 0.6943359375 0.71484375 0.017578125 0.03515625
0 0.7158203125 0.705078125 0.017578125 0.0390625
0 0.734375 0.7109375 0.01953125 0.0390625
0 0.759765625 0.712890625 0.0234375 0.04296875
0 0.830078125 0.59765625 0.04296875 0.0234375
0 0.8232421875 0.578125 0.037109375 0.015625
0 0.8193359375 0.560546875 0.037109375 0.01953125
0 0.8193359375 0.541015625 0.037109375 0.01953125
0 0.3828125 0.146484375 0.04296875 0.015625
0 0.3818359375 0.162109375 0.041015625 0.015625
0 0.3818359375 0.177734375 0.041015625 0.015625
0 0.390625 0.1943359375 0.0390625 0.017578125
0 0.390625 0.212890625 0.03515625 0.01953125
0 0.3935546875 0.2314453125 0.041015625 0.017578125
0 0.4521484375 0.1708984375 0.017578125 0.033203125
0 0.4921875 0.169921875 0.0390625 0.015625
0 0.482421875 0.2109375 0.03125 0.015625
0 0.4853515625 0.2294921875 0.033203125 0.013671875
0 0.5654296875 0.1083984375 0.044921875 0.017578125
0 0.5703125 0.16796875 0.0390625 0.01953125
0 0.62890625 0.0478515625 0.03515625 0.017578125
0 0.6787109375 0.046875 0.037109375 0.015625
0 0.3896484375 0.2470703125 0.033203125 0.013671875
0 0.3896484375 0.263671875 0.033203125 0.01953125
0 0.3955078125 0.310546875 0.041015625 0.01953125
0 0.3935546875 0.34765625 0.029296875 0.015625
0 0.4921875 0.2939453125 0.0390625 0.017578125
0 0.3935546875 0.3984375 0.029296875 0.01953125
0 0.7255859375 0.0458984375 0.025390625 0.013671875
0 0.814453125 0.435546875 0.03515625 0.01953125
0 0.8154296875 0.4140625 0.037109375 0.01953125
0 0.8134765625 0.3759765625 0.037109375 0.017578125
0 0.810546875 0.3359375 0.03125 0.01953125
0 0.80859375 0.251953125 0.02734375 0.01953125
0 0.8046875 0.1748046875 0.03125 0.017578125
0 0.8671875 0.505859375 0.01953125 0.03125
0 0.8076171875 0.1357421875 0.029296875 0.017578125
0 0.796875 0.0146484375 0.03515625 0.017578125
0 0.9052734375 0.970703125 0.021484375 0.04296875
0 0.8359375 0.97265625 0.02734375 0.0390625
0 0.8134765625 0.9697265625 0.017578125 0.033203125
0 0.7958984375 0.9765625 0.021484375 0.0390625
0 0.1455078125 0.9560546875 0.041015625 0.021484375
0 0.3603515625 0.9794921875 0.025390625 0.041015625
0 0.24609375 0.9833984375 0.01953125 0.029296875
