0 0.849609375 0.1240234375 0.0390625 0.021484375
0 0.2373046875 0.3427734375 0.037109375 0.021484375
0 0.2392578125 0.439453125 0.037109375 0.01953125
0 0.2392578125 0.310546875 0.052734375 0.02734375
0 0.3251953125 0.357421875 0.017578125 0.03125
0 0.3251953125 0.4404296875 0.021484375 0.044921875
0 0.3330078125 0.5263671875 0.021484375 0.044921875
0 0.24609375 0.541015625 0.04296875 0.0234375
0 0.2509765625 0.5595703125 0.037109375 0.017578125
0 0.23828125 0.6220703125 0.01953125 0.037109375
0 0.28125 0.6220703125 0.02734375 0.037109375
0 0.34375 0.84375 0.015625 0.02734375
0 0.3515625 0.90625 0.01953125 0.03125
0 0.42578125 0.26171875 0.04296875 0.01953125
0 0.421875 0.2802734375 0.0390625 0.017578125
0 0.4208984375 0.3359375 0.037109375 0.01953125
0 0.4150390625 0.3623046875 0.041015625 0.021484375
0 0.5234375 0.2421875 0.01953125 0.0390625
0 0.5546875 0.2421875 0.015625 0.03125
0 0.4326171875 0.7138671875 0.033203125 0.017578125
0 0.4345703125 0.755859375 0.033203125 0.01953125
0 0.435546875 0.80078125 0.03515625 0.01953125
0 0.431640625 0.8203125 0.03515625 0.015625
0 0.4326171875 0.8583984375 0.041015625 0.021484375
