0 0.0703125 0.0673828125 0.015625 0.029296875
0 0.091796875 0.0625 0.01953125 0.0390625
0 0.1337890625 0.0576171875 0.017578125 0.033203125
0 0.15625 0.060546875 0.01953125 0.0390625
0 0.2255859375 0.0556640625 0.021484375 0.037109375
0 0.111328125 0.40625 0.0390625 0.015625
0 0.150390625 0.40234375 0.03515625 0.015625
0 0.0712890625 0.4208984375 0.033203125 0.013671875
0 0.07421875 0.44140625 0.03515625 0.015625
0 0.080078125 0.5283203125 0.0390625 0.017578125
0 0.2255859375 0.4951171875 0.044921875 0.021484375
0 0.1767578125 0.529296875 0.037109375 0.015625
0 0.1796875 0.5458984375 0.03515625 0.013671875
0 0.224609375 0.529296875 0.03515625 0.015625
0 0.2255859375 0.5478515625 0.037109375 0.013671875
0 0.2275390625 0.5654296875 0.041015625 0.013671875
0 0.185546875 0.599609375 0.0390625 0.015625
0 0.23046875 0.5947265625 0.04296875 0.013671875
0 0.080078125 0.6279296875 0.03125 0.017578125
0 0.1826171875 0.650390625 0.037109375 0.015625
0 0.1845703125 0.669921875 0.029296875 0.015625
0 0.23046875 0.6826171875 0.04296875 0.017578125
0 0.234375 0.666015625 0.02734375 0.01171875
0 0.2265625 0.646484375 0.03125 0.015625
0 0.23046875 0.62890625 0.0234375 0.01171875
0 0.2314453125 0.716796875 0.037109375 0.01953125
0 0.09375 0.75 0.03515625 0.015625
0 0.09375 0.7822265625 0.03515625 0.013671875
0 0.0947265625 0.80078125 0.033203125 0.015625
0 0.0927734375 0.8193359375 0.029296875 0.013671875
0 0.1962890625 0.818359375 0.033203125 0.015625
0 0.2294921875 0.8642578125 0.017578125 0.037109375
0 0.1533203125 0.9345703125 0.013671875 0.029296875
0 0.0380859375 0.94140625 0.017578125 0.0390625
0 0.5166015625 0.9501953125 0.041015625 0.037109375
0 0.4736328125 0.11328125 0.041015625 0.01953125
0 0.47265625 0.1591796875 0.0390625 0.017578125
0 0.4736328125 0.1767578125 0.037109375 0.013671875
0 0.474609375 0.1953125 0.0390625 0.015625
0 0.482421875 0.2587890625 0.0390625 0.017578125
0 0.4755859375 0.27734375 0.037109375 0.015625
0 0.4775390625 0.2958984375 0.041015625 0.017578125
0 0.4755859375 0.314453125 0.037109375 0.01953125
0 0.4794921875 0.3525390625 0.033203125 0.017578125
0 0.48046875 0.369140625 0.03125 0.015625
0 0.4912109375 0.4228515625 0.044921875 0.021484375
0 0.490234375 0.4443359375 0.0390625 0.013671875
0 0.4921875 0.462890625 0.0390625 0.015625
0 0.494140625 0.482421875 0.04296875 0.015625
0 0.4921875 0.5029296875 0.0390625 0.013671875
0 0.494140625 0.521484375 0.0390625 0.015625
0 0.4951171875 0.5634765625 0.037109375 0.017578125
0 0.49609375 0.583984375 0.0390625 0.015625
0 0.4970703125 0.6181640625 0.033203125 0.013671875
0 0.5 0.642578125 0.0390625 0.015625
0 0.5029296875 0.662109375 0.037109375 0.015625
0 0.50390625 0.6806640625 0.03515625 0.013671875
0 0.50390625 0.69921875 0.02734375 0.015625
0 0.501953125 0.7177734375 0.03515625 0.017578125
0 0.5009765625 0.7412109375 0.033203125 0.017578125
0 0.50390625 0.767578125 0.0390625 0.01953125
0 0.0576171875 0.9423828125 0.013671875 0.021484375
0 0.8037109375 0.916015625 0.037109375 0.015625
0 0.8046875 0.8974609375 0.0390625 0.017578125
0 0.802734375 0.8779296875 0.0390625 0.017578125
0 0.80078125 0.8408203125 0.0390625 0.017578125
0 0.86328125 0.92578125 0.01953125 0.03515625
0 0.8623046875 0.8876953125 0.017578125 0.029296875
0 0.86328125 0.849609375 0.015625 0.02734375
0 0.91015625 0.8359375 0.0390625 0.01953125
0 0.904296875 0.8056640625 0.04296875 0.021484375
0 0.798828125 0.7666015625 0.0390625 0.017578125
0 0.8583984375 0.767578125 0.017578125 0.03515625
0 0.90234375 0.72265625 0.0390625 0.01953125
0 0.7958984375 0.7294921875 0.041015625 0.017578125
0 0.7958984375 0.7099609375 0.033203125 0.013671875
0 0.796875 0.6923828125 0.04296875 0.017578125
0 0.78515625 0.5732421875 0.0390625 0.017578125
0 0.7861328125 0.5498046875 0.037109375 0.017578125
0 0.7880859375 0.513671875 0.037109375 0.015625
0 0.8427734375 0.484375 0.017578125 0.03515625
0 0.8427734375 0.4384765625 0.017578125 0.033203125
0 0.7841796875 0.4736328125 0.033203125 0.017578125
0 0.7822265625 0.4375 0.041015625 0.01953125
0 0.779296875 0.4189453125 0.03515625 0.017578125
0 0.78125 0.3994140625 0.0390625 0.017578125
0 0.7783203125 0.37890625 0.037109375 0.015625
0 0.7783203125 0.361328125 0.033203125 0.015625
0 0.7744140625 0.3427734375 0.041015625 0.017578125
0 0.77734375 0.3251953125 0.0390625 0.013671875
0 0.771484375 0.2783203125 0.04296875 0.017578125
0 0.837890625 0.26953125 0.015625 0.03125
0 0.8310546875 0.1796875 0.017578125 0.03515625
0 0.8359375 0.23046875 0.015625 0.02734375
0 0.8759765625 0.208984375 0.037109375 0.01953125
0 0.8701171875 0.2509765625 0.033203125 0.013671875
0 0.8740234375 0.142578125 0.029296875 0.01171875
0 0.771484375 0.19921875 0.03125 0.015625
0 0.7685546875 0.1845703125 0.029296875 0.013671875
0 0.7666015625 0.1630859375 0.029296875 0.013671875
0 0.771484375 0.146484375 0.02734375 0.01171875
0 0.7626953125 0.1259765625 0.041015625 0.017578125
0 0.7666015625 0.0869140625 0.029296875 0.013671875
0 0.765625 0.02734375 0.03125 0.01171875
0 0.7578125 0.0087890625 0.03515625 0.013671875
