0 0.1005859375 0.8525390625 0.025390625 0.037109375
0 0.138671875 0.8408203125 0.01953125 0.037109375
0 0.1728515625 0.818359375 0.021484375 0.03515625
0 0.1884765625 0.8134765625 0.025390625 0.033203125
0 0.1064453125 0.7646484375 0.021484375 0.041015625
0 0.22265625 0.7548828125 0.01953125 0.037109375
0 0.33203125 0.7373046875 0.02734375 0.041015625
0 0.349609375 0.7236328125 0.03125 0.041015625
0 0.46875 0.71875 0.0234375 0.0390625
0 0.5 0.70703125 0.02734375 0.04296875
0 0.64453125 0.6630859375 0.0234375 0.029296875
0 0.662109375 0.65625 0.02734375 0.03515625
0 0.6259765625 0.6689453125 0.021484375 0.033203125
0 0.6787109375 0.6484375 0.025390625 0.03515625
0 0.7138671875 0.640625 0.029296875 0.03125
0 0.7314453125 0.6328125 0.021484375 0.03125
0 0.1337890625 0.6240234375 0.029296875 0.041015625
0 0.1513671875 0.6064453125 0.029296875 0.037109375
0 0.2158203125 0.5810546875 0.029296875 0.037109375
0 0.49609375 0.390625 0.0390625 0.03515625
0 0.51171875 0.166015625 0.03515625 0.01953125
0 0.51953125 0.185546875 0.0390625 0.0234375
0 0.9443359375 0.5341796875 0.029296875 0.041015625
