0 0.767578125 0.0712890625 0.0234375 0.033203125
0 0.7763671875 0.1796875 0.025390625 0.04296875
1 0.8759765625 0.08984375 0.033203125 0.0625
0 0.923828125 0.1123046875 0.01953125 0.044921875
0 0.0322265625 0.6552734375 0.021484375 0.044921875
0 0.0517578125 0.6513671875 0.017578125 0.037109375
0 0.0703125 0.65625 0.01953125 0.03125
0 0.0947265625 0.65234375 0.013671875 0.03515625
0 0.140625 0.67578125 0.02734375 0.03515625
0 0.13671875 0.615234375 0.03125 0.03125
0 0.125 0.5703125 0.04296875 0.0390625
0 0.1337890625 0.43359375 0.037109375 0.01953125
0 0.0908203125 0.4208984375 0.037109375 0.021484375
0 0.08984375 0.4013671875 0.0390625 0.017578125
0 0.1328125 0.3818359375 0.04296875 0.021484375
0 0.08984375 0.365234375 0.04296875 0.01953125
0 0.130859375 0.3427734375 0.0390625 0.021484375
0 0.1337890625 0.3095703125 0.044921875 0.025390625
0 0.078125 0.298828125 0.03515625 0.015625
0 0.083984375 0.2783203125 0.03515625 0.017578125
0 0.1259765625 0.2548828125 0.037109375 0.017578125
0 0.080078125 0.24609375 0.0390625 0.01953125
0 0.0732421875 0.2265625 0.041015625 0.01953125
0 0.1259765625 0.2216796875 0.037109375 0.021484375
0 0.119140625 0.1689453125 0.03515625 0.013671875
0 0.0732421875 0.17578125 0.037109375 0.01953125
0 0.0732421875 0.1572265625 0.025390625 0.017578125
0 0.119140625 0.1533203125 0.03515625 0.017578125
0 0.1171875 0.12109375 0.05078125 0.01953125
0 0.072265625 0.123046875 0.0390625 0.015625
0 0.06640625 0.107421875 0.03125 0.015625
0 0.0625 0.087890625 0.0390625 0.0234375
0 0.115234375 0.0673828125 0.03515625 0.013671875
0 0.1201171875 0.0498046875 0.044921875 0.017578125
0 0.2109375 0.017578125 0.03515625 0.015625
0 0.388671875 0.0458984375 0.05078125 0.025390625
0 0.392578125 0.1259765625 0.05859375 0.025390625
0 0.3955078125 0.189453125 0.037109375 0.02734375
0 0.3955078125 0.2265625 0.037109375 0.01953125
0 0.3994140625 0.24609375 0.044921875 0.01953125
0 0.2236328125 0.2841796875 0.037109375 0.021484375
0 0.3994140625 0.267578125 0.041015625 0.015625
0 0.2734375 0.3115234375 0.04296875 0.013671875
0 0.2734375 0.328125 0.04296875 0.01953125
0 0.224609375 0.3037109375 0.0390625 0.017578125
0 0.2255859375 0.3359375 0.044921875 0.0234375
0 0.3544921875 0.3115234375 0.037109375 0.017578125
0 0.404296875 0.3291015625 0.04296875 0.017578125
0 0.4033203125 0.3515625 0.041015625 0.015625
0 0.3583984375 0.3779296875 0.041015625 0.021484375
0 0.4033203125 0.3857421875 0.041015625 0.017578125
0 0.408203125 0.4033203125 0.03515625 0.017578125
0 0.28515625 0.412109375 0.0390625 0.01953125
0 0.283203125 0.44140625 0.03515625 0.01953125
0 0.4130859375 0.455078125 0.052734375 0.02734375
0 0.3603515625 0.4794921875 0.033203125 0.021484375
0 0.3623046875 0.5224609375 0.048828125 0.021484375
0 0.2373046875 0.52734375 0.025390625 0.015625
0 0.2861328125 0.5556640625 0.029296875 0.017578125
0 0.380859375 0.634765625 0.01953125 0.0390625
0 0.375 0.591796875 0.01171875 0.0234375
0 0.3544921875 0.619140625 0.021484375 0.01953125
0 0.4130859375 0.5908203125 0.037109375 0.021484375
0 0.5498046875 0.19921875 0.048828125 0.0234375
0 0.587890625 0.205078125 0.02734375 0.03515625
0 0.640625 0.23828125 0.03125 0.0234375
0 0.7080078125 0.01953125 0.052734375 0.01953125
0 0.7060546875 0.056640625 0.037109375 0.01953125
0 0.7080078125 0.0771484375 0.041015625 0.021484375
0 0.7080078125 0.095703125 0.041015625 0.015625
0 0.7080078125 0.11328125 0.041015625 0.01953125
0 0.7060546875 0.130859375 0.037109375 0.015625
0 0.7119140625 0.150390625 0.048828125 0.0234375
0 0.7177734375 0.20703125 0.044921875 0.0234375
0 0.71875 0.24609375 0.04296875 0.01953125
0 0.7158203125 0.2822265625 0.037109375 0.017578125
0 0.7236328125 0.3212890625 0.033203125 0.013671875
0 0.728515625 0.3369140625 0.04296875 0.017578125
0 0.7236328125 0.376953125 0.037109375 0.01953125
0 0.7880859375 0.38671875 0.021484375 0.03515625
0 0.736328125 0.583984375 0.01953125 0.03125
0 0.79296875 0.58203125 0.0234375 0.0390625
0 0.740234375 0.6357421875 0.02734375 0.037109375
0 0.7919921875 0.6806640625 0.021484375 0.037109375
0 0.7451171875 0.6806640625 0.021484375 0.025390625
0 0.7412109375 0.7197265625 0.025390625 0.029296875
0 0.791015625 0.7265625 0.03125 0.0390625
0 0.8544921875 0.482421875 0.021484375 0.03515625
0 0.9248046875 0.302734375 0.017578125 0.03515625
0 0.9501953125 0.650390625 0.025390625 0.0546875
0 0.8662109375 0.767578125 0.025390625 0.046875
0 0.8447265625 0.794921875 0.017578125 0.02734375
0 0.8408203125 0.8388671875 0.021484375 0.041015625
0 0.865234375 0.8408203125 0.02734375 0.033203125
0 0.8916015625 0.822265625 0.017578125 0.04296875
0 0.9365234375 0.7666015625 0.029296875 0.052734375
0 0.9638671875 0.8857421875 0.025390625 0.044921875
0 0.9423828125 0.8916015625 0.017578125 0.033203125
0 0.4267578125 0.7548828125 0.041015625 0.021484375
0 0.4248046875 0.77734375 0.037109375 0.0234375
0 0.4267578125 0.7978515625 0.041015625 0.017578125
0 0.4267578125 0.814453125 0.041015625 0.015625
0 0.55078125 0.8828125 0.03125 0.03515625
0 0.5224609375 0.884765625 0.025390625 0.03125
0 0.41796875 0.892578125 0.03125 0.03515625
0 0.3876953125 0.8935546875 0.029296875 0.033203125
0 0.359375 0.8935546875 0.02734375 0.033203125
0 0.3310546875 0.8935546875 0.029296875 0.033203125
0 0.3046875 0.892578125 0.0234375 0.03515625
0 0.279296875 0.8955078125 0.02734375 0.029296875
0 0.14453125 0.9013671875 0.04296875 0.029296875
0 0.08203125 0.8984375 0.05078125 0.02734375
0 0.06640625 0.966796875 0.0390625 0.0234375
0 0.3388671875 0.96875 0.048828125 0.02734375
0 0.5654296875 0.978515625 0.037109375 0.0234375
0 0.6708984375 0.9853515625 0.041015625 0.029296875
0 0.8173828125 0.98046875 0.048828125 0.02734375
