0 0.267578125 0.734375 0.04296875 0.01953125
0 0.3193359375 0.7333984375 0.033203125 0.017578125
0 0.314453125 0.755859375 0.0390625 0.01953125
0 0.3095703125 0.646484375 0.029296875 0.01953125
0 0.4306640625 0.615234375 0.044921875 0.0390625
0 0.513671875 0.2978515625 0.015625 0.029296875
0 0.5439453125 0.2958984375 0.025390625 0.029296875
0 0.6103515625 0.2958984375 0.021484375 0.044921875
0 0.626953125 0.40234375 0.02734375 0.04296875
0 0.6123046875 0.451171875 0.017578125 0.03515625
0 0.9736328125 0.470703125 0.037109375 0.015625
