0 0.2353515625 0.6142578125 0.025390625 0.041015625
0 0.5517578125 0.5869140625 0.041015625 0.021484375
0 0.55859375 0.6220703125 0.03515625 0.017578125
0 0.5576171875 0.6396484375 0.041015625 0.017578125
0 0.560546875 0.658203125 0.03515625 0.015625
0 0.5634765625 0.6748046875 0.037109375 0.017578125
0 0.5615234375 0.7265625 0.037109375 0.01953125
0 0.787109375 0.59375 0.04296875 0.01953125
0 0.791015625 0.615234375 0.0390625 0.01953125
0 0.5634765625 0.833984375 0.044921875 0.01953125
0 0.4755859375 0.8857421875 0.041015625 0.021484375
0 0.5693359375 0.90625 0.037109375 0.015625
0 0.572265625 0.9384765625 0.0390625 0.021484375
0 0.794921875 0.736328125 0.03515625 0.01953125
0 0.791015625 0.7626953125 0.03125 0.021484375
0 0.9091796875 0.837890625 0.017578125 0.0390625
