1 0.953125 0.73046875 0.08984375 0.015625
1 0.9462890625 0.7109375 0.048828125 0.01171875
1 0.9443359375 0.69140625 0.052734375 0.01171875
1 0.9462890625 0.6708984375 0.083984375 0.017578125
1 0.9501953125 0.650390625 0.056640625 0.01171875
1 0.94140625 0.6328125 0.05859375 0.01171875
1 0.939453125 0.611328125 0.0546875 0.01171875
1 0.9384765625 0.591796875 0.056640625 0.01171875
1 0.939453125 0.572265625 0.0546875 0.01171875
1 0.9384765625 0.552734375 0.056640625 0.01171875
1 0.935546875 0.533203125 0.0546875 0.015625
1 0.9384765625 0.51171875 0.083984375 0.015625
1 0.939453125 0.4892578125 0.08203125 0.017578125
1 0.9326171875 0.455078125 0.083984375 0.015625
1 0.9365234375 0.4326171875 0.080078125 0.013671875
1 0.9365234375 0.412109375 0.048828125 0.01171875
1 0.931640625 0.3896484375 0.08203125 0.017578125
1 0.9306640625 0.3525390625 0.060546875 0.013671875
1 0.9287109375 0.3330078125 0.048828125 0.013671875
1 0.92578125 0.3134765625 0.05859375 0.013671875
1 0.923828125 0.2939453125 0.0546875 0.009765625
1 0.9248046875 0.2744140625 0.052734375 0.013671875
1 0.9267578125 0.2509765625 0.076171875 0.017578125
1 0.9189453125 0.2158203125 0.056640625 0.013671875
1 0.9189453125 0.1943359375 0.056640625 0.013671875
1 0.9189453125 0.17578125 0.056640625 0.01171875
1 0.9228515625 0.1337890625 0.080078125 0.017578125
1 0.9189453125 0.07421875 0.064453125 0.015625
1 0.91796875 0.056640625 0.046875 0.01171875
1 0.916015625 0.037109375 0.05859375 0.01171875
0 0.0283203125 0.8310546875 0.017578125 0.037109375
0 0.046875 0.8310546875 0.01953125 0.037109375
0 0.017578125 0.9169921875 0.0234375 0.041015625
0 0.0390625 0.91796875 0.01953125 0.04296875
0 0.0576171875 0.912109375 0.017578125 0.03125
0 0.1630859375 0.830078125 0.025390625 0.04296875
0 0.1396484375 0.9111328125 0.017578125 0.041015625
0 0.1748046875 0.9091796875 0.017578125 0.041015625
0 0.1923828125 0.9072265625 0.017578125 0.037109375
0 0.2353515625 0.9072265625 0.013671875 0.044921875
0 0.2685546875 0.8193359375 0.017578125 0.033203125
0 0.287109375 0.81640625 0.01953125 0.02734375
1 0.3076171875 0.8134765625 0.021484375 0.068359375
0 0.3662109375 0.8173828125 0.017578125 0.037109375
0 0.443359375 0.8154296875 0.01953125 0.033203125
0 0.4638671875 0.90625 0.017578125 0.0390625
0 0.41015625 0.896484375 0.01953125 0.0390625
0 0.486328125 0.9033203125 0.01171875 0.033203125
0 0.5048828125 0.8974609375 0.017578125 0.033203125
0 0.4111328125 0.8173828125 0.025390625 0.041015625
0 0.53515625 0.810546875 0.01953125 0.05078125
0 0.5556640625 0.8046875 0.021484375 0.0390625
0 0.6337890625 0.8955078125 0.013671875 0.048828125
0 0.6474609375 0.8017578125 0.025390625 0.041015625
0 0.6728515625 0.8974609375 0.021484375 0.044921875
0 0.7119140625 0.8935546875 0.013671875 0.044921875
0 0.7099609375 0.80859375 0.025390625 0.04296875
0 0.7421875 0.8046875 0.01171875 0.03515625
0 0.7646484375 0.7978515625 0.017578125 0.037109375
0 0.751953125 0.8955078125 0.0234375 0.044921875
0 0.787109375 0.890625 0.01953125 0.04296875
0 0.8232421875 0.7998046875 0.021484375 0.048828125
0 0.8759765625 0.7978515625 0.017578125 0.037109375
0 0.896484375 0.7890625 0.01953125 0.03515625
0 0.90234375 0.890625 0.015625 0.04296875
0 0.8193359375 0.94921875 0.060546875 0.0234375
0 0.5458984375 0.9580078125 0.060546875 0.021484375
