0 0.220703125 0.27734375 0.01953125 0.03515625
0 0.4892578125 0.3798828125 0.013671875 0.029296875
0 0.5400390625 0.1376953125 0.033203125 0.017578125
0 0.44921875 0.2646484375 0.03515625 0.017578125
0 0.5302734375 0.177734375 0.033203125 0.015625
0 0.4501953125 0.427734375 0.037109375 0.015625
0 0.546875 0.369140625 0.03515625 0.01953125
0 0.291015625 0.228515625 0.01953125 0.046875
0 0.318359375 0.2431640625 0.0234375 0.044921875
0 0.134765625 0.5361328125 0.0234375 0.025390625
0 0.455078125 0.6787109375 0.03125 0.017578125
0 0.736328125 0.9345703125 0.015625 0.041015625
1 0.90625 0.6328125 0.03125 0.10546875
