1 0.82421875 0.572265625 0.0859375 0.03125
0 0.8505859375 0.912109375 0.037109375 0.01953125
0 0.849609375 0.8740234375 0.04296875 0.025390625
0 0.845703125 0.8291015625 0.0390625 0.021484375
0 0.84765625 0.7900390625 0.0390625 0.021484375
0 0.8427734375 0.7685546875 0.033203125 0.017578125
0 0.845703125 0.740234375 0.0390625 0.01953125
0 0.8369140625 0.642578125 0.037109375 0.01953125
0 0.8349609375 0.6015625 0.037109375 0.015625
0 0.884765625 0.525390625 0.0234375 0.04296875
0 0.7890625 0.5029296875 0.0234375 0.037109375
0 0.0224609375 0.53125 0.025390625 0.04296875
0 0.1494140625 0.5283203125 0.021484375 0.041015625
0 0.1708984375 0.5302734375 0.021484375 0.033203125
0 0.1943359375 0.5224609375 0.021484375 0.037109375
0 0.2578125 0.51953125 0.0234375 0.03515625
0 0.2802734375 0.521484375 0.021484375 0.0390625
0 0.3896484375 0.5185546875 0.021484375 0.033203125
0 0.4130859375 0.51171875 0.021484375 0.03515625
0 0.5 0.509765625 0.0234375 0.04296875
0 0.5263671875 0.509765625 0.021484375 0.0390625
0 0.5498046875 0.5078125 0.017578125 0.0390625
0 0.6826171875 0.5078125 0.017578125 0.0390625
0 0.70703125 0.5048828125 0.0234375 0.037109375
0 0.7294921875 0.5029296875 0.025390625 0.037109375
0 0.0810546875 0.4482421875 0.041015625 0.017578125
0 0.2802734375 0.470703125 0.041015625 0.0234375
0 0.076171875 0.1123046875 0.03125 0.021484375
0 0.078125 0.1357421875 0.03125 0.021484375
0 0.0908203125 0.19140625 0.037109375 0.015625
0 0.0830078125 0.21484375 0.044921875 0.0234375
0 0.0869140625 0.248046875 0.037109375 0.01953125
0 0.0888671875 0.2666015625 0.033203125 0.017578125
0 0.09375 0.3095703125 0.046875 0.025390625
0 0.365234375 0.3447265625 0.01953125 0.041015625
0 0.384765625 0.3427734375 0.01953125 0.037109375
0 0.404296875 0.3505859375 0.01953125 0.029296875
0 0.423828125 0.341796875 0.0234375 0.03515625
0 0.3955078125 0.3798828125 0.037109375 0.017578125
0 0.4169921875 0.4033203125 0.037109375 0.021484375
0 0.486328125 0.33984375 0.01953125 0.0390625
0 0.5478515625 0.341796875 0.017578125 0.03125
0 0.5673828125 0.3359375 0.017578125 0.03125
0 0.447265625 0.33984375 0.01953125 0.03125
0 0.5888671875 0.3408203125 0.021484375 0.037109375
0 0.6064453125 0.337890625 0.017578125 0.03515625
0 0.626953125 0.3359375 0.01953125 0.0390625
0 0.6494140625 0.33203125 0.021484375 0.0390625
0 0.6689453125 0.3310546875 0.017578125 0.041015625
0 0.6904296875 0.333984375 0.021484375 0.0390625
0 0.7099609375 0.3310546875 0.021484375 0.041015625
0 0.7314453125 0.3251953125 0.017578125 0.037109375
0 0.76953125 0.330078125 0.015625 0.03515625
0 0.8125 0.32421875 0.0234375 0.0390625
0 0.3330078125 0.4033203125 0.033203125 0.021484375
0 0.37109375 0.40234375 0.03515625 0.01953125
0 0.6943359375 0.3896484375 0.037109375 0.021484375
0 0.7431640625 0.3876953125 0.037109375 0.025390625
0 0.8173828125 0.3828125 0.037109375 0.0234375
0 0.9326171875 0.3779296875 0.037109375 0.021484375
0 0.921875 0.318359375 0.015625 0.03515625
0 0.9423828125 0.318359375 0.017578125 0.04296875
0 0.962890625 0.3193359375 0.0234375 0.041015625
0 0.9853515625 0.318359375 0.021484375 0.0390625
0 0.6650390625 0.0322265625 0.017578125 0.029296875
