0 0.591796875 0.6005859375 0.02734375 0.025390625
0 0.6298828125 0.5791015625 0.033203125 0.025390625
0 0.7802734375 0.5810546875 0.037109375 0.033203125
0 0.8203125 0.5546875 0.03515625 0.03125
0 0.90625 0.4091796875 0.03125 0.025390625
0 0.9501953125 0.3837890625 0.037109375 0.033203125
0 0.8515625 0.576171875 0.0234375 0.0234375
0 0.8876953125 0.552734375 0.025390625 0.02734375
0 0.9052734375 0.5400390625 0.025390625 0.025390625
0 0.9423828125 0.5224609375 0.025390625 0.021484375
0 0.8701171875 0.5625 0.021484375 0.0234375
0 0.2646484375 0.953125 0.037109375 0.02734375
