0 0.296875 0.408203125 0.05078125 0.0234375
0 0.57421875 0.443359375 0.046875 0.0234375
0 0.748046875 0.412109375 0.046875 0.0234375
1 0.6796875 0.8505859375 0.0625 0.021484375
1 0.6806640625 0.7900390625 0.060546875 0.021484375
1 0.6796875 0.763671875 0.0625 0.0234375
1 0.6787109375 0.7392578125 0.064453125 0.025390625
1 0.8447265625 0.734375 0.025390625 0.06640625
1 0.87109375 0.7216796875 0.0234375 0.060546875
1 0.900390625 0.72265625 0.01953125 0.0546875
1 0.9306640625 0.716796875 0.021484375 0.0625
1 0.962890625 0.7216796875 0.0234375 0.060546875
0 0.912109375 0.9453125 0.015625 0.0390625
0 0.939453125 0.939453125 0.01953125 0.0390625
