0 0.578125 0.4921875 0.0390625 0.01953125
0 0.5791015625 0.5107421875 0.041015625 0.017578125
0 0.580078125 0.529296875 0.03515625 0.01953125
0 0.501953125 0.5634765625 0.01953125 0.033203125
0 0.5068359375 0.60546875 0.021484375 0.0390625
0 0.8408203125 0.0234375 0.033203125 0.01953125
0 0.78125 0.0791015625 0.01953125 0.037109375
0 0.5068359375 0.8369140625 0.033203125 0.033203125
0 0.6005859375 0.8173828125 0.041015625 0.037109375
0 0.662109375 0.828125 0.03515625 0.01953125
0 0.72265625 0.833984375 0.01953125 0.03515625
0 0.8369140625 0.8701171875 0.021484375 0.037109375
0 0.771484375 0.8896484375 0.01953125 0.033203125
