0 0.1552734375 0.166015625 0.044921875 0.01953125
0 0.12109375 0.1826171875 0.03515625 0.017578125
0 0.162109375 0.19921875 0.03515625 0.015625
0 0.2587890625 0.2646484375 0.021484375 0.041015625
0 0.236328125 0.2685546875 0.015625 0.033203125
0 0.2099609375 0.265625 0.017578125 0.0390625
0 0.17578125 0.265625 0.01171875 0.02734375
0 0.1572265625 0.267578125 0.021484375 0.0390625
0 0.109375 0.25390625 0.02734375 0.046875
0 0.341796875 0.3935546875 0.015625 0.033203125
0 0.28125 0.3984375 0.015625 0.03125
0 0.7529296875 0.0107421875 0.037109375 0.017578125
0 0.705078125 0.01171875 0.0390625 0.01953125
0 0.66015625 0.01171875 0.04296875 0.01953125
0 0.685546875 0.08984375 0.03125 0.04296875
0 0.763671875 0.05859375 0.04296875 0.01953125
0 0.7275390625 0.1181640625 0.041015625 0.017578125
0 0.529296875 0.3232421875 0.04296875 0.021484375
0 0.623046875 0.60546875 0.01953125 0.03515625
0 0.6904296875 0.7080078125 0.033203125 0.029296875
0 0.6767578125 0.7978515625 0.021484375 0.033203125
0 0.7138671875 0.826171875 0.037109375 0.01171875
0 0.6962890625 0.744140625 0.021484375 0.03515625
0 0.685546875 0.9736328125 0.015625 0.029296875
