0 0.06640625 0.26171875 0.01953125 0.03515625
0 0.037109375 0.3818359375 0.015625 0.041015625
0 0.017578125 0.6298828125 0.03515625 0.013671875
0 0.021484375 0.646484375 0.04296875 0.01953125
0 0.1162109375 0.607421875 0.037109375 0.0234375
0 0.109375 0.541015625 0.04296875 0.01953125
0 0.17578125 0.5869140625 0.0390625 0.021484375
0 0.2431640625 0.5673828125 0.041015625 0.025390625
0 0.2529296875 0.5908203125 0.037109375 0.021484375
0 0.166015625 0.626953125 0.04296875 0.02734375
0 0.0234375 0.736328125 0.046875 0.01953125
0 0.0234375 0.77734375 0.04296875 0.01953125
0 0.0302734375 0.796875 0.044921875 0.01953125
0 0.0263671875 0.884765625 0.041015625 0.01953125
0 0.0263671875 0.9228515625 0.037109375 0.017578125
0 0.029296875 0.9462890625 0.0390625 0.017578125
0 0.416015625 0.984375 0.046875 0.0234375
0 0.4150390625 0.9296875 0.048828125 0.0234375
0 0.33203125 0.8876953125 0.046875 0.021484375
0 0.328125 0.828125 0.04296875 0.0234375
0 0.408203125 0.8125 0.0390625 0.02734375
0 0.453125 0.794921875 0.01953125 0.04296875
0 0.322265625 0.796875 0.046875 0.0234375
0 0.3232421875 0.775390625 0.044921875 0.01953125
0 0.318359375 0.7568359375 0.0390625 0.017578125
0 0.318359375 0.734375 0.0390625 0.02734375
0 0.412109375 0.7607421875 0.04296875 0.017578125
0 0.412109375 0.7431640625 0.04296875 0.017578125
0 0.404296875 0.7080078125 0.04296875 0.017578125
0 0.4033203125 0.6884765625 0.037109375 0.021484375
0 0.443359375 0.6640625 0.0234375 0.0390625
0 0.4033203125 0.634765625 0.037109375 0.01953125
0 0.3671875 0.6171875 0.01953125 0.04296875
0 0.310546875 0.5966796875 0.04296875 0.021484375
0 0.3076171875 0.5771484375 0.033203125 0.017578125
0 0.3017578125 0.55859375 0.044921875 0.01953125
0 0.3046875 0.4873046875 0.0390625 0.017578125
0 0.30078125 0.46875 0.03515625 0.01953125
0 0.302734375 0.431640625 0.0390625 0.01953125
0 0.400390625 0.5869140625 0.0390625 0.029296875
0 0.3974609375 0.5341796875 0.037109375 0.025390625
0 0.3955078125 0.44921875 0.037109375 0.01953125
0 0.4326171875 0.431640625 0.021484375 0.05078125
0 0.3876953125 0.30859375 0.041015625 0.01953125
0 0.2919921875 0.3154296875 0.041015625 0.013671875
0 0.2919921875 0.2998046875 0.041015625 0.017578125
0 0.3876953125 0.291015625 0.041015625 0.015625
0 0.3828125 0.2421875 0.046875 0.01953125
0 0.29296875 0.28125 0.0390625 0.01953125
0 0.2890625 0.2607421875 0.046875 0.021484375
0 0.291015625 0.23828125 0.03515625 0.015625
0 0.9892578125 0.763671875 0.021484375 0.0390625
