0 0.0634765625 0.5419921875 0.037109375 0.021484375
0 0.6435546875 0.8056640625 0.013671875 0.025390625
0 0.771484375 0.8212890625 0.015625 0.037109375
0 0.7890625 0.8203125 0.015625 0.03515625
0 0.8037109375 0.794921875 0.025390625 0.0390625
0 0.8251953125 0.7861328125 0.017578125 0.037109375
0 0.849609375 0.7890625 0.01953125 0.03515625
0 0.927734375 0.75 0.015625 0.0390625
0 0.810546875 0.943359375 0.046875 0.02734375
0 0.9453125 0.3837890625 0.01953125 0.037109375
0 0.9814453125 0.4033203125 0.037109375 0.017578125
0 0.8828125 0.41015625 0.0390625 0.01953125
0 0.9384765625 0.4814453125 0.041015625 0.021484375
0 0.740234375 0.35546875 0.01953125 0.03515625
0 0.8017578125 0.412109375 0.041015625 0.01953125
