0 0.0361328125 0.90625 0.021484375 0.046875
0 0.0419921875 0.9775390625 0.017578125 0.037109375
0 0.078125 0.90234375 0.04296875 0.0234375
0 0.0810546875 0.8818359375 0.037109375 0.017578125
0 0.078125 0.8466796875 0.03515625 0.021484375
0 0.07421875 0.828125 0.04296875 0.015625
0 0.0771484375 0.810546875 0.037109375 0.01953125
0 0.037109375 0.7646484375 0.015625 0.029296875
0 0.07421875 0.771484375 0.03515625 0.01953125
0 0.033203125 0.65625 0.01953125 0.03515625
0 0.0634765625 0.6201171875 0.041015625 0.021484375
0 0.0263671875 0.5810546875 0.025390625 0.044921875
0 0.2705078125 0.01953125 0.041015625 0.015625
0 0.2724609375 0.0380859375 0.044921875 0.021484375
0 0.2734375 0.0693359375 0.0390625 0.017578125
0 0.2724609375 0.08984375 0.041015625 0.01953125
0 0.3759765625 0.0107421875 0.037109375 0.013671875
0 0.37890625 0.0263671875 0.04296875 0.021484375
0 0.3837890625 0.0771484375 0.037109375 0.017578125
0 0.3837890625 0.0947265625 0.037109375 0.017578125
0 0.3818359375 0.1123046875 0.033203125 0.017578125
0 0.2822265625 0.158203125 0.037109375 0.015625
0 0.279296875 0.1767578125 0.0390625 0.017578125
0 0.283203125 0.1962890625 0.03515625 0.021484375
0 0.251953125 0.2080078125 0.02734375 0.013671875
0 0.24609375 0.2255859375 0.03515625 0.013671875
0 0.271484375 0.123046875 0.05078125 0.01953125
0 0.048828125 0.37109375 0.04296875 0.0234375
0 0.0595703125 0.41015625 0.017578125 0.03125
0 0.1318359375 0.4326171875 0.025390625 0.033203125
0 0.0908203125 0.4638671875 0.048828125 0.029296875
0 0.19921875 0.4169921875 0.01953125 0.033203125
0 0.2236328125 0.4072265625 0.017578125 0.033203125
0 0.24609375 0.42578125 0.02734375 0.0390625
0 0.271484375 0.4189453125 0.015625 0.037109375
0 0.291015625 0.4208984375 0.0234375 0.041015625
0 0.3134765625 0.47265625 0.041015625 0.0234375
0 0.244140625 0.2451171875 0.03515625 0.017578125
0 0.24609375 0.2646484375 0.0390625 0.021484375
0 0.25 0.302734375 0.0390625 0.015625
0 0.2490234375 0.32421875 0.033203125 0.015625
0 0.2529296875 0.3447265625 0.037109375 0.013671875
0 0.25390625 0.361328125 0.04296875 0.015625
0 0.25390625 0.376953125 0.0390625 0.01953125
0 0.3798828125 0.4306640625 0.013671875 0.029296875
0 0.3955078125 0.4296875 0.017578125 0.0390625
0 0.419921875 0.427734375 0.015625 0.03515625
0 0.439453125 0.427734375 0.015625 0.03515625
0 0.4609375 0.4306640625 0.015625 0.041015625
0 0.482421875 0.4267578125 0.015625 0.037109375
0 0.5146484375 0.4384765625 0.017578125 0.029296875
0 0.5361328125 0.427734375 0.013671875 0.03125
0 0.5546875 0.4365234375 0.0234375 0.029296875
0 0.5771484375 0.4306640625 0.017578125 0.033203125
0 0.6162109375 0.3056640625 0.037109375 0.017578125
0 0.6201171875 0.3251953125 0.033203125 0.021484375
0 0.560546875 0.0419921875 0.03125 0.017578125
0 0.560546875 0.0625 0.03125 0.015625
0 0.603515625 0.0400390625 0.0390625 0.017578125
0 0.6044921875 0.05859375 0.041015625 0.01953125
0 0.607421875 0.0771484375 0.03515625 0.017578125
0 0.60546875 0.0947265625 0.04296875 0.017578125
0 0.578125 0.52734375 0.01953125 0.04296875
0 0.6337890625 0.58203125 0.044921875 0.01953125
0 0.6376953125 0.6025390625 0.033203125 0.021484375
0 0.6396484375 0.6220703125 0.037109375 0.017578125
0 0.638671875 0.6396484375 0.03515625 0.017578125
0 0.638671875 0.6572265625 0.03515625 0.017578125
0 0.6376953125 0.6787109375 0.037109375 0.013671875
0 0.6357421875 0.6953125 0.041015625 0.015625
0 0.6416015625 0.7119140625 0.041015625 0.017578125
0 0.6376953125 0.732421875 0.041015625 0.01953125
1 0.6513671875 0.7705078125 0.060546875 0.025390625
0 0.6484375 0.7939453125 0.0390625 0.017578125
0 0.6494140625 0.80859375 0.041015625 0.015625
1 0.6416015625 0.8828125 0.056640625 0.01953125
0 0.6552734375 0.8662109375 0.029296875 0.013671875
0 0.654296875 0.849609375 0.03515625 0.015625
0 0.69921875 0.5830078125 0.01953125 0.037109375
0 0.755859375 0.583984375 0.04296875 0.01953125
0 0.7490234375 0.607421875 0.044921875 0.01953125
0 0.7568359375 0.626953125 0.033203125 0.015625
0 0.763671875 0.66015625 0.0390625 0.01953125
0 0.76171875 0.6796875 0.03515625 0.015625
0 0.76171875 0.701171875 0.0390625 0.01953125
0 0.7568359375 0.7294921875 0.041015625 0.017578125
0 0.76171875 0.810546875 0.04296875 0.01953125
0 0.7646484375 0.8310546875 0.037109375 0.021484375
0 0.765625 0.8525390625 0.0390625 0.021484375
0 0.76953125 0.8759765625 0.0390625 0.017578125
0 0.767578125 0.896484375 0.03515625 0.0234375
0 0.7578125 0.9169921875 0.03125 0.013671875
0 0.76953125 0.953125 0.03125 0.015625
0 0.7666015625 0.974609375 0.044921875 0.015625
0 0.6650390625 0.9833984375 0.041015625 0.021484375
0 0.5771484375 0.9345703125 0.017578125 0.033203125
0 0.5556640625 0.931640625 0.017578125 0.0390625
0 0.5380859375 0.9306640625 0.017578125 0.029296875
0 0.515625 0.9326171875 0.015625 0.037109375
0 0.494140625 0.9296875 0.015625 0.03125
0 0.4755859375 0.931640625 0.017578125 0.03125
0 0.455078125 0.9365234375 0.015625 0.033203125
0 0.4296875 0.93359375 0.015625 0.03125
0 0.4140625 0.935546875 0.015625 0.02734375
0 0.3916015625 0.9345703125 0.017578125 0.033203125
0 0.3466796875 0.9306640625 0.021484375 0.044921875
0 0.3310546875 0.9375 0.017578125 0.03125
0 0.3076171875 0.931640625 0.017578125 0.0390625
0 0.2900390625 0.94140625 0.013671875 0.02734375
0 0.2705078125 0.9404296875 0.013671875 0.025390625
1 0.24609375 0.9365234375 0.0234375 0.048828125
1 0.2265625 0.9404296875 0.02734375 0.052734375
0 0.20703125 0.9384765625 0.01953125 0.041015625
0 0.185546875 0.94140625 0.015625 0.03515625
0 0.1650390625 0.9404296875 0.021484375 0.037109375
0 0.142578125 0.943359375 0.01953125 0.0390625
0 0.9375 0.0146484375 0.03125 0.013671875
0 0.939453125 0.0341796875 0.0390625 0.017578125
0 0.9404296875 0.0859375 0.033203125 0.01953125
0 0.9423828125 0.0673828125 0.029296875 0.017578125
0 0.763671875 0.203125 0.02734375 0.046875
0 0.7841796875 0.19921875 0.013671875 0.0390625
0 0.8056640625 0.201171875 0.029296875 0.02734375
0 0.8525390625 0.2041015625 0.021484375 0.033203125
0 0.720703125 0.26171875 0.0390625 0.01953125
0 0.7255859375 0.28125 0.033203125 0.01953125
0 0.7236328125 0.30078125 0.037109375 0.015625
0 0.7265625 0.3193359375 0.03515625 0.017578125
0 0.732421875 0.3525390625 0.03515625 0.013671875
0 0.794921875 0.3271484375 0.015625 0.033203125
0 0.771484375 0.2705078125 0.01953125 0.037109375
0 0.8203125 0.28515625 0.01953125 0.0390625
0 0.9052734375 0.2275390625 0.017578125 0.033203125
0 0.8447265625 0.40625 0.017578125 0.03515625
0 0.86328125 0.40625 0.01953125 0.03515625
0 0.904296875 0.4052734375 0.01953125 0.037109375
0 0.9404296875 0.4052734375 0.017578125 0.037109375
0 0.9599609375 0.41015625 0.017578125 0.02734375
0 0.81640625 0.52734375 0.015625 0.03125
0 0.8359375 0.5205078125 0.01953125 0.037109375
0 0.8603515625 0.5224609375 0.017578125 0.037109375
0 0.8818359375 0.5185546875 0.017578125 0.033203125
0 0.90234375 0.5185546875 0.015625 0.033203125
0 0.9443359375 0.513671875 0.021484375 0.03515625
0 0.970703125 0.5087890625 0.01953125 0.037109375
0 0.9814453125 0.40625 0.017578125 0.03125
