0 0.8408203125 0.0380859375 0.021484375 0.041015625
0 0.865234375 0.0400390625 0.02734375 0.033203125
0 0.8916015625 0.021484375 0.017578125 0.04296875
0 0.9638671875 0.0849609375 0.025390625 0.044921875
0 0.9423828125 0.0908203125 0.017578125 0.033203125
0 0.4267578125 0.013671875 0.041015625 0.015625
0 0.55078125 0.08203125 0.03125 0.03515625
0 0.5224609375 0.083984375 0.025390625 0.03125
0 0.41796875 0.091796875 0.03125 0.03515625
0 0.3876953125 0.0927734375 0.029296875 0.033203125
0 0.359375 0.0927734375 0.02734375 0.033203125
0 0.3310546875 0.0927734375 0.029296875 0.033203125
0 0.3046875 0.091796875 0.0234375 0.03515625
0 0.279296875 0.0947265625 0.02734375 0.029296875
0 0.14453125 0.1005859375 0.04296875 0.029296875
0 0.08203125 0.09765625 0.05078125 0.02734375
0 0.06640625 0.166015625 0.0390625 0.0234375
0 0.3388671875 0.16796875 0.048828125 0.02734375
0 0.3447265625 0.2001953125 0.048828125 0.017578125
0 0.4619140625 0.1904296875 0.048828125 0.025390625
0 0.4208984375 0.224609375 0.037109375 0.01953125
0 0.5654296875 0.177734375 0.037109375 0.0234375
0 0.5595703125 0.2177734375 0.052734375 0.017578125
0 0.6708984375 0.1845703125 0.041015625 0.029296875
0 0.8173828125 0.1796875 0.048828125 0.02734375
0 0.8115234375 0.2060546875 0.037109375 0.025390625
0 0.8681640625 0.2333984375 0.037109375 0.044921875
0 0.162109375 0.2099609375 0.05859375 0.033203125
0 0.0546875 0.2431640625 0.0546875 0.029296875
0 0.0673828125 0.2880859375 0.041015625 0.021484375
0 0.0908203125 0.3193359375 0.048828125 0.021484375
0 0.15234375 0.28125 0.05078125 0.01953125
0 0.146484375 0.3125 0.04296875 0.0234375
0 0.19921875 0.2763671875 0.0390625 0.021484375
0 0.2021484375 0.3076171875 0.033203125 0.025390625
0 0.2490234375 0.2705078125 0.044921875 0.021484375
0 0.2490234375 0.2998046875 0.044921875 0.025390625
0 0.3037109375 0.265625 0.041015625 0.0234375
0 0.2958984375 0.291015625 0.048828125 0.01953125
0 0.3408203125 0.267578125 0.033203125 0.015625
0 0.37890625 0.2685546875 0.04296875 0.017578125
0 0.3583984375 0.2919921875 0.044921875 0.017578125
0 0.4140625 0.2880859375 0.046875 0.021484375
0 0.4365234375 0.26171875 0.041015625 0.01953125
0 0.484375 0.2587890625 0.04296875 0.017578125
0 0.4765625 0.287109375 0.046875 0.015625
0 0.53515625 0.255859375 0.03515625 0.01953125
0 0.533203125 0.279296875 0.0390625 0.015625
0 0.5830078125 0.2548828125 0.041015625 0.021484375
0 0.59375 0.27734375 0.04296875 0.0234375
0 0.6279296875 0.2509765625 0.033203125 0.017578125
0 0.65625 0.2744140625 0.04296875 0.017578125
0 0.677734375 0.251953125 0.03515625 0.01953125
0 0.7314453125 0.2509765625 0.037109375 0.017578125
0 0.7265625 0.2724609375 0.04296875 0.017578125
0 0.71875 0.30859375 0.0390625 0.01953125
0 0.654296875 0.33203125 0.0390625 0.01953125
0 0.68359375 0.35546875 0.03125 0.015625
0 0.732421875 0.3525390625 0.04296875 0.017578125
0 0.525390625 0.3134765625 0.05078125 0.017578125
0 0.5478515625 0.337890625 0.044921875 0.01953125
0 0.4287109375 0.3408203125 0.044921875 0.017578125
0 0.4189453125 0.322265625 0.041015625 0.01953125
0 0.984375 0.4443359375 0.01953125 0.037109375
0 0.9580078125 0.4658203125 0.013671875 0.037109375
0 0.93359375 0.455078125 0.01171875 0.03125
0 0.9384765625 0.5185546875 0.009765625 0.033203125
0 0.9873046875 0.5146484375 0.021484375 0.029296875
0 0.9658203125 0.5634765625 0.017578125 0.033203125
0 0.943359375 0.5859375 0.01171875 0.0234375
0 0.7216796875 0.5205078125 0.037109375 0.021484375
0 0.66015625 0.5751953125 0.01953125 0.037109375
0 0.6416015625 0.5712890625 0.017578125 0.029296875
0 0.62109375 0.5703125 0.0234375 0.03125
0 0.5966796875 0.57421875 0.013671875 0.03515625
0 0.580078125 0.5732421875 0.01953125 0.029296875
0 0.5576171875 0.572265625 0.025390625 0.03125
0 0.5322265625 0.57421875 0.021484375 0.0390625
0 0.5126953125 0.578125 0.017578125 0.03125
0 0.490234375 0.578125 0.015625 0.03125
0 0.470703125 0.578125 0.0234375 0.03125
0 0.447265625 0.578125 0.0234375 0.03125
0 0.421875 0.5810546875 0.01953125 0.037109375
0 0.400390625 0.58203125 0.0234375 0.03515625
0 0.3779296875 0.583984375 0.021484375 0.03125
0 0.3544921875 0.58203125 0.025390625 0.03515625
0 0.3310546875 0.5869140625 0.017578125 0.037109375
0 0.2841796875 0.5908203125 0.013671875 0.033203125
0 0.2626953125 0.591796875 0.017578125 0.03515625
0 0.240234375 0.5908203125 0.015625 0.037109375
0 0.22265625 0.5927734375 0.01953125 0.033203125
0 0.2001953125 0.5947265625 0.017578125 0.037109375
0 0.1767578125 0.595703125 0.017578125 0.0390625
0 0.154296875 0.6044921875 0.01953125 0.029296875
0 0.08203125 0.6025390625 0.01953125 0.037109375
0 0.056640625 0.603515625 0.0234375 0.03515625
0 0.03515625 0.5986328125 0.01953125 0.025390625
0 0.0146484375 0.6005859375 0.021484375 0.037109375
0 0.041015625 0.8779296875 0.0234375 0.048828125
0 0.0888671875 0.873046875 0.017578125 0.0390625
0 0.1328125 0.873046875 0.01953125 0.04296875
0 0.1552734375 0.8662109375 0.013671875 0.029296875
0 0.1796875 0.873046875 0.015625 0.0390625
0 0.197265625 0.869140625 0.01953125 0.03125
0 0.2333984375 0.873046875 0.017578125 0.03515625
0 0.251953125 0.8681640625 0.015625 0.048828125
0 0.275390625 0.8740234375 0.01953125 0.041015625
0 0.3125 0.8681640625 0.015625 0.025390625
0 0.33203125 0.890625 0.0546875 0.01953125
0 0.33203125 0.865234375 0.01171875 0.03125
0 0.3525390625 0.8623046875 0.013671875 0.037109375
0 0.3779296875 0.865234375 0.013671875 0.0390625
0 0.4365234375 0.9580078125 0.021484375 0.033203125
0 0.1201171875 0.958984375 0.017578125 0.0390625
0 0.1015625 0.9609375 0.01953125 0.03515625
0 0.0712890625 0.9697265625 0.025390625 0.060546875
0 0.044921875 0.982421875 0.015625 0.03515625
0 0.0283203125 0.9677734375 0.017578125 0.029296875
0 0.837890625 0.98828125 0.0390625 0.015625
0 0.8388671875 0.97265625 0.037109375 0.015625
0 0.8369140625 0.955078125 0.041015625 0.01953125
0 0.740234375 0.9658203125 0.04296875 0.017578125
0 0.736328125 0.9453125 0.05078125 0.0234375
0 0.732421875 0.9111328125 0.046875 0.013671875
0 0.7333984375 0.89453125 0.044921875 0.01953125
0 0.8369140625 0.919921875 0.041015625 0.01953125
0 0.83203125 0.9033203125 0.0390625 0.013671875
0 0.8310546875 0.884765625 0.044921875 0.015625
0 0.728515625 0.8759765625 0.04296875 0.017578125
0 0.728515625 0.8583984375 0.04296875 0.017578125
0 0.732421875 0.8251953125 0.0390625 0.017578125
0 0.7314453125 0.80859375 0.029296875 0.015625
0 0.724609375 0.7900390625 0.04296875 0.021484375
0 0.7236328125 0.7392578125 0.037109375 0.017578125
0 0.7216796875 0.720703125 0.037109375 0.01953125
0 0.7080078125 0.6845703125 0.048828125 0.017578125
0 0.6923828125 0.666015625 0.033203125 0.01953125
0 0.685546875 0.6328125 0.046875 0.0234375
0 0.818359375 0.6025390625 0.0390625 0.021484375
0 0.8203125 0.623046875 0.04296875 0.01953125
0 0.8193359375 0.650390625 0.041015625 0.01953125
0 0.8193359375 0.669921875 0.033203125 0.01953125
0 0.8203125 0.69140625 0.04296875 0.01953125
0 0.7421875 0.580078125 0.03515625 0.0234375
0 0.9853515625 0.861328125 0.025390625 0.04296875
