1 0.0751953125 0.08984375 0.033203125 0.0625
0 0.123046875 0.1123046875 0.01953125 0.044921875
0 0.0537109375 0.482421875 0.021484375 0.03515625
0 0.1240234375 0.302734375 0.017578125 0.03515625
0 0.1494140625 0.650390625 0.025390625 0.0546875
0 0.0654296875 0.767578125 0.025390625 0.046875
0 0.0439453125 0.794921875 0.017578125 0.02734375
0 0.0400390625 0.8388671875 0.021484375 0.041015625
0 0.064453125 0.8408203125 0.02734375 0.033203125
0 0.0908203125 0.822265625 0.017578125 0.04296875
0 0.1357421875 0.7666015625 0.029296875 0.052734375
0 0.1630859375 0.8857421875 0.025390625 0.044921875
0 0.1416015625 0.8916015625 0.017578125 0.033203125
0 0.697265625 0.0302734375 0.01953125 0.037109375
0 0.7880859375 0.0283203125 0.017578125 0.037109375
0 0.3837890625 0.0078125 0.033203125 0.015625
0 0.384765625 0.0244140625 0.03515625 0.017578125
0 0.38671875 0.0439453125 0.03515625 0.021484375
0 0.2001953125 0.0576171875 0.021484375 0.021484375
0 0.20703125 0.0791015625 0.0234375 0.021484375
0 0.2080078125 0.1064453125 0.021484375 0.021484375
0 0.2099609375 0.1513671875 0.029296875 0.025390625
0 0.2099609375 0.19921875 0.025390625 0.03125
0 0.306640625 0.103515625 0.01953125 0.03125
0 0.263671875 0.1337890625 0.0390625 0.017578125
0 0.2626953125 0.154296875 0.025390625 0.01171875
0 0.2744140625 0.16796875 0.025390625 0.015625
0 0.2646484375 0.1884765625 0.033203125 0.013671875
0 0.40234375 0.1513671875 0.01953125 0.037109375
1 0.421875 0.2109375 0.0234375 0.0546875
0 0.392578125 0.2080078125 0.03515625 0.017578125
0 0.3974609375 0.23046875 0.025390625 0.015625
0 0.46875 0.263671875 0.0234375 0.0390625
0 0.3984375 0.271484375 0.04296875 0.01953125
0 0.400390625 0.31640625 0.0390625 0.01953125
0 0.3974609375 0.3525390625 0.041015625 0.013671875
0 0.4052734375 0.375 0.044921875 0.015625
0 0.3994140625 0.43359375 0.037109375 0.01953125
0 0.40234375 0.458984375 0.0390625 0.015625
0 0.4072265625 0.4755859375 0.033203125 0.017578125
0 0.412109375 0.51171875 0.03515625 0.015625
0 0.443359375 0.6005859375 0.03125 0.041015625
0 0.6171875 0.583984375 0.01953125 0.03125
0 0.6552734375 0.5849609375 0.017578125 0.029296875
0 0.703125 0.5849609375 0.015625 0.029296875
0 0.74609375 0.5869140625 0.015625 0.029296875
0 0.7705078125 0.5888671875 0.017578125 0.037109375
0 0.8134765625 0.58203125 0.017578125 0.0390625
0 0.833984375 0.5859375 0.01171875 0.02734375
0 0.8544921875 0.583984375 0.017578125 0.03125
0 0.87890625 0.5830078125 0.015625 0.033203125
0 0.947265625 0.5849609375 0.01953125 0.041015625
0 0.5 0.6875 0.01953125 0.0390625
0 0.533203125 0.689453125 0.015625 0.03515625
0 0.5537109375 0.689453125 0.025390625 0.03515625
0 0.462890625 0.73046875 0.0390625 0.0234375
0 0.5283203125 0.73046875 0.044921875 0.0234375
0 0.470703125 0.7568359375 0.0390625 0.017578125
0 0.4736328125 0.7734375 0.033203125 0.015625
0 0.4990234375 0.8115234375 0.017578125 0.037109375
0 0.521484375 0.8115234375 0.015625 0.037109375
0 0.5791015625 0.8125 0.021484375 0.0390625
0 0.6005859375 0.8193359375 0.021484375 0.037109375
0 0.4951171875 0.8623046875 0.021484375 0.029296875
0 0.5205078125 0.8544921875 0.021484375 0.033203125
0 0.5498046875 0.85546875 0.025390625 0.03515625
0 0.578125 0.857421875 0.0234375 0.03515625
0 0.7373046875 0.8515625 0.033203125 0.015625
0 0.767578125 0.8369140625 0.03515625 0.013671875
0 0.806640625 0.837890625 0.04296875 0.015625
0 0.7998046875 0.904296875 0.041015625 0.0234375
0 0.3115234375 0.9443359375 0.037109375 0.017578125
0 0.3603515625 0.9443359375 0.037109375 0.017578125
0 0.427734375 0.94140625 0.04296875 0.01953125
0 0.4912109375 0.94140625 0.033203125 0.015625
0 0.5439453125 0.9375 0.041015625 0.015625
0 0.6123046875 0.939453125 0.041015625 0.01953125
0 0.58203125 0.9599609375 0.04296875 0.017578125
0 0.51953125 0.96484375 0.04296875 0.015625
0 0.5498046875 0.9873046875 0.044921875 0.017578125
0 0.458984375 0.96484375 0.04296875 0.01953125
0 0.3935546875 0.9677734375 0.037109375 0.013671875
0 0.3427734375 0.9716796875 0.041015625 0.017578125
0 0.2939453125 0.970703125 0.029296875 0.015625
0 0.439453125 0.9921875 0.04296875 0.015625
0 0.50390625 0.990234375 0.03125 0.01953125
