0 0.8662109375 0.111328125 0.037109375 0.01953125
0 0.9765625 0.1318359375 0.04296875 0.021484375
0 0.875 0.8359375 0.04296875 0.01953125
0 0.8173828125 0.9013671875 0.048828125 0.029296875
0 0.6142578125 0.7978515625 0.037109375 0.033203125
1 0.6142578125 0.2568359375 0.033203125 0.080078125
1 0.62109375 0.34375 0.03515625 0.09375
1 0.56640625 0.4033203125 0.03125 0.083984375
1 0.4326171875 0.4130859375 0.087890625 0.044921875
1 0.4287109375 0.44140625 0.087890625 0.04296875
0 0.0263671875 0.919921875 0.041015625 0.0234375
