0 0.0732421875 0.3388671875 0.017578125 0.041015625
0 0.7705078125 0.78515625 0.044921875 0.01953125
0 0.7646484375 0.6923828125 0.037109375 0.021484375
0 0.6640625 0.7470703125 0.04296875 0.017578125
0 0.66015625 0.7265625 0.04296875 0.0234375
0 0.66015625 0.6865234375 0.046875 0.017578125
0 0.6611328125 0.66796875 0.044921875 0.01953125
0 0.4287109375 0.294921875 0.041015625 0.03515625
0 0.458984375 0.1630859375 0.0390625 0.025390625
0 0.4541015625 0.2265625 0.033203125 0.046875
0 0.349609375 0.173828125 0.02734375 0.0390625
0 0.541015625 0.16796875 0.03515625 0.015625
0 0.4189453125 0.08984375 0.029296875 0.046875
