0 0.263671875 0.025390625 0.02734375 0.01953125
0 0.2255859375 0.232421875 0.017578125 0.03125
0 0.189453125 0.2333984375 0.01953125 0.037109375
0 0.1708984375 0.2333984375 0.017578125 0.037109375
0 0.2216796875 0.322265625 0.021484375 0.03515625
0 0.18359375 0.32421875 0.01953125 0.0390625
0 0.7763671875 0.037109375 0.017578125 0.03515625
0 0.798828125 0.0390625 0.01953125 0.0390625
0 0.986328125 0.0302734375 0.01953125 0.037109375
0 0.9775390625 0.2451171875 0.044921875 0.048828125
0 0.830078125 0.708984375 0.0234375 0.04296875
0 0.8974609375 0.7021484375 0.017578125 0.033203125
0 0.9248046875 0.650390625 0.017578125 0.03125
0 0.951171875 0.658203125 0.01953125 0.03125
0 0.9814453125 0.7314453125 0.021484375 0.029296875
