0 0.201171875 0.853515625 0.0390625 0.01953125
0 0.154296875 0.373046875 0.04296875 0.0234375
0 0.412109375 0.3330078125 0.04296875 0.021484375
0 0.5390625 0.32421875 0.0390625 0.01953125
0 0.888671875 0.3056640625 0.04296875 0.021484375
0 0.3271484375 0.4521484375 0.037109375 0.017578125
0 0.3271484375 0.478515625 0.044921875 0.0234375
0 0.3271484375 0.50390625 0.041015625 0.01953125
0 0.32421875 0.5439453125 0.0625 0.044921875
0 0.5302734375 0.474609375 0.017578125 0.0390625
0 0.5478515625 0.8525390625 0.021484375 0.041015625
0 0.3359375 0.7490234375 0.0390625 0.017578125
0 0.3310546875 0.830078125 0.037109375 0.01953125
