0 0.107421875 0.9765625 0.0625 0.046875
0 0.1025390625 0.951171875 0.048828125 0.03515625
1 0.1015625 0.919921875 0.06640625 0.046875
0 0.09765625 0.8818359375 0.04296875 0.029296875
0 0.0927734375 0.8603515625 0.052734375 0.033203125
0 0.0966796875 0.8427734375 0.044921875 0.025390625
0 0.095703125 0.822265625 0.046875 0.02734375
1 0.083984375 0.7783203125 0.0625 0.044921875
0 0.0908203125 0.7431640625 0.048828125 0.025390625
1 0.1826171875 0.7392578125 0.056640625 0.044921875
1 0.18359375 0.763671875 0.05859375 0.04296875
1 0.189453125 0.8349609375 0.02734375 0.083984375
0 0.279296875 0.802734375 0.03125 0.01953125
1 0.3056640625 0.6796875 0.021484375 0.0546875
1 0.328125 0.6826171875 0.0234375 0.052734375
1 0.36328125 0.6787109375 0.01953125 0.048828125
1 0.3828125 0.681640625 0.01953125 0.0546875
0 0.404296875 0.6728515625 0.0234375 0.037109375
1 0.423828125 0.67578125 0.015625 0.0546875
1 0.44140625 0.67578125 0.01953125 0.0546875
1 0.4619140625 0.671875 0.021484375 0.046875
1 0.4814453125 0.6708984375 0.017578125 0.044921875
0 0.5029296875 0.6796875 0.017578125 0.0390625
1 0.521484375 0.6669921875 0.0234375 0.052734375
1 0.5458984375 0.669921875 0.025390625 0.05859375
0 0.5849609375 0.6669921875 0.025390625 0.041015625
0 0.6259765625 0.6767578125 0.021484375 0.037109375
0 0.646484375 0.6748046875 0.01953125 0.033203125
0 0.3525390625 0.5576171875 0.037109375 0.033203125
0 0.3837890625 0.55078125 0.041015625 0.03125
0 0.40625 0.5380859375 0.0390625 0.033203125
0 0.4345703125 0.5283203125 0.037109375 0.033203125
0 0.4775390625 0.5419921875 0.033203125 0.033203125
0 0.525390625 0.5263671875 0.0234375 0.041015625
0 0.5615234375 0.525390625 0.021484375 0.0390625
0 0.533203125 0.443359375 0.03125 0.0390625
1 0.19140625 0.50390625 0.08203125 0.0234375
1 0.1923828125 0.4794921875 0.080078125 0.025390625
1 0.1923828125 0.4521484375 0.083984375 0.017578125
1 0.1904296875 0.4345703125 0.056640625 0.017578125
1 0.1865234375 0.416015625 0.056640625 0.01953125
1 0.189453125 0.396484375 0.0859375 0.01953125
1 0.1865234375 0.37890625 0.056640625 0.015625
1 0.1904296875 0.35546875 0.083984375 0.01953125
1 0.1845703125 0.322265625 0.060546875 0.01953125
1 0.185546875 0.3017578125 0.0859375 0.021484375
1 0.1796875 0.2841796875 0.08203125 0.021484375
1 0.177734375 0.2646484375 0.05859375 0.017578125
1 0.17578125 0.24609375 0.0625 0.01953125
1 0.1806640625 0.224609375 0.087890625 0.0234375
1 0.1748046875 0.2001953125 0.076171875 0.025390625
1 0.1865234375 0.173828125 0.060546875 0.01953125
1 0.1796875 0.1513671875 0.08984375 0.021484375
1 0.1796875 0.1298828125 0.08984375 0.021484375
1 0.177734375 0.1064453125 0.0859375 0.025390625
0 0.17578125 0.0869140625 0.05859375 0.021484375
0 0.109375 0.0625 0.01953125 0.04296875
1 0.17578125 0.0634765625 0.08203125 0.021484375
1 0.1748046875 0.0380859375 0.083984375 0.029296875
1 0.1748046875 0.0146484375 0.083984375 0.025390625
0 0.66796875 0.013671875 0.03515625 0.01953125
0 0.6689453125 0.0380859375 0.033203125 0.017578125
0 0.6669921875 0.05859375 0.037109375 0.015625
0 0.658203125 0.080078125 0.03515625 0.015625
0 0.599609375 0.0830078125 0.0390625 0.017578125
0 0.603515625 0.111328125 0.0390625 0.015625
0 0.6044921875 0.15234375 0.041015625 0.0234375
0 0.66015625 0.0966796875 0.0390625 0.017578125
0 0.6708984375 0.1171875 0.037109375 0.0234375
0 0.5615234375 0.2041015625 0.025390625 0.041015625
0 0.6181640625 0.19140625 0.044921875 0.01953125
0 0.6328125 0.2119140625 0.03515625 0.021484375
0 0.673828125 0.2109375 0.046875 0.01953125
0 0.623046875 0.251953125 0.0390625 0.0234375
0 0.6826171875 0.255859375 0.041015625 0.0234375
0 0.6240234375 0.3193359375 0.037109375 0.021484375
0 0.6259765625 0.3447265625 0.037109375 0.017578125
0 0.677734375 0.33984375 0.03515625 0.015625
0 0.677734375 0.3232421875 0.03515625 0.017578125
0 0.681640625 0.3623046875 0.0390625 0.017578125
0 0.7119140625 0.3896484375 0.021484375 0.037109375
0 0.681640625 0.380859375 0.0390625 0.01953125
0 0.6884765625 0.41796875 0.041015625 0.01953125
0 0.681640625 0.40234375 0.0390625 0.0234375
0 0.7421875 0.4326171875 0.01953125 0.033203125
0 0.755859375 0.509765625 0.02734375 0.04296875
0 0.7421875 0.546875 0.01953125 0.03125
0 0.69140625 0.5146484375 0.02734375 0.037109375
0 0.6630859375 0.49609375 0.041015625 0.0234375
0 0.6025390625 0.4775390625 0.041015625 0.021484375
0 0.6181640625 0.5126953125 0.037109375 0.025390625
0 0.693359375 0.4638671875 0.0390625 0.021484375
1 0.6103515625 0.6083984375 0.064453125 0.025390625
0 0.8037109375 0.5 0.025390625 0.04296875
0 0.8310546875 0.4921875 0.021484375 0.04296875
0 0.8505859375 0.4892578125 0.021484375 0.037109375
0 0.8740234375 0.4794921875 0.029296875 0.041015625
0 0.8916015625 0.4677734375 0.025390625 0.033203125
0 0.9140625 0.486328125 0.01953125 0.04296875
0 0.9501953125 0.4892578125 0.037109375 0.037109375
0 0.97265625 0.521484375 0.03515625 0.0390625
0 0.9541015625 0.390625 0.041015625 0.03515625
0 0.9677734375 0.44921875 0.025390625 0.0390625
0 0.9423828125 0.4482421875 0.025390625 0.041015625
0 0.93359375 0.5712890625 0.03515625 0.021484375
0 0.8388671875 0.6572265625 0.021484375 0.037109375
1 0.8603515625 0.658203125 0.017578125 0.0546875
0 0.916015625 0.6630859375 0.0234375 0.041015625
0 0.9541015625 0.62890625 0.033203125 0.015625
0 0.95703125 0.662109375 0.0234375 0.0390625
0 0.9208984375 0.36328125 0.013671875 0.03125
0 0.939453125 0.353515625 0.01953125 0.0390625
0 0.9609375 0.349609375 0.015625 0.0390625
0 0.9794921875 0.3486328125 0.021484375 0.037109375
