0 0.986328125 0.65234375 0.01953125 0.0390625
0 0.966796875 0.6640625 0.01953125 0.0390625
0 0.9306640625 0.6640625 0.017578125 0.03125
0 0.912109375 0.6650390625 0.015625 0.033203125
0 0.875 0.6640625 0.0234375 0.0390625
0 0.85546875 0.666015625 0.015625 0.03515625
0 0.8359375 0.669921875 0.01953125 0.03515625
0 0.8154296875 0.6728515625 0.017578125 0.037109375
0 0.779296875 0.6640625 0.01953125 0.0390625
0 0.7421875 0.630859375 0.04296875 0.03515625
0 0.732421875 0.6181640625 0.04296875 0.037109375
0 0.783203125 0.5830078125 0.01953125 0.037109375
0 0.8017578125 0.5810546875 0.013671875 0.037109375
0 0.8212890625 0.578125 0.013671875 0.0390625
0 0.8388671875 0.576171875 0.017578125 0.0390625
0 0.8583984375 0.576171875 0.013671875 0.0390625
0 0.8779296875 0.58203125 0.017578125 0.04296875
0 0.9130859375 0.5791015625 0.025390625 0.041015625
0 0.931640625 0.576171875 0.01953125 0.03515625
0 0.9697265625 0.5751953125 0.021484375 0.037109375
0 0.990234375 0.5712890625 0.01171875 0.033203125
0 0.3330078125 0.6494140625 0.017578125 0.041015625
0 0.087890625 0.4814453125 0.046875 0.025390625
0 0.0859375 0.44921875 0.04296875 0.03125
0 0.2255859375 0.3115234375 0.041015625 0.021484375
0 0.1298828125 0.2783203125 0.044921875 0.021484375
0 0.0537109375 0.279296875 0.044921875 0.0234375
0 0.05859375 0.3017578125 0.0546875 0.021484375
0 0.27734375 0.30859375 0.046875 0.01953125
0 0.2763671875 0.326171875 0.044921875 0.015625
0 0.2265625 0.3505859375 0.03515625 0.021484375
0 0.28125 0.4072265625 0.04296875 0.025390625
0 0.22265625 0.2353515625 0.04296875 0.021484375
0 0.2783203125 0.2724609375 0.044921875 0.017578125
0 0.275390625 0.236328125 0.04296875 0.01953125
0 0.2705078125 0.19921875 0.041015625 0.01953125
0 0.2177734375 0.19140625 0.041015625 0.01953125
0 0.2734375 0.1650390625 0.03515625 0.017578125
0 0.220703125 0.169921875 0.0390625 0.015625
0 0.0654296875 0.23828125 0.044921875 0.02734375
0 0.1318359375 0.23828125 0.041015625 0.0234375
0 0.1298828125 0.162109375 0.041015625 0.01953125
0 0.0615234375 0.19140625 0.041015625 0.02734375
0 0.1240234375 0.0947265625 0.044921875 0.025390625
0 0.2197265625 0.0966796875 0.041015625 0.021484375
0 0.26953125 0.0771484375 0.0390625 0.021484375
0 0.2666015625 0.0419921875 0.037109375 0.017578125
0 0.2685546875 0.05859375 0.041015625 0.015625
0 0.265625 0.095703125 0.03125 0.015625
0 0.2685546875 0.111328125 0.037109375 0.015625
0 0.2685546875 0.1279296875 0.037109375 0.017578125
0 0.2216796875 0.1318359375 0.041015625 0.025390625
0 0.212890625 0.0576171875 0.04296875 0.021484375
0 0.2197265625 0.0771484375 0.041015625 0.017578125
0 0.125 0.0390625 0.0390625 0.01953125
0 0.1259765625 0.0185546875 0.037109375 0.021484375
0 0.130859375 0.1416015625 0.0390625 0.021484375
0 0.0791015625 0.3623046875 0.037109375 0.021484375
0 0.0634765625 0.109375 0.033203125 0.0234375
0 0.05859375 0.0859375 0.03515625 0.0234375
0 0.3232421875 0.26171875 0.017578125 0.03125
0 0.28515625 0.48046875 0.0390625 0.01953125
0 0.8193359375 0.8173828125 0.017578125 0.037109375
0 0.8427734375 0.8115234375 0.017578125 0.037109375
0 0.8701171875 0.814453125 0.017578125 0.0390625
0 0.8017578125 0.8173828125 0.017578125 0.037109375
0 0.775390625 0.8173828125 0.015625 0.033203125
0 0.75390625 0.8193359375 0.015625 0.037109375
0 0.73046875 0.8203125 0.01953125 0.03515625
0 0.708984375 0.8212890625 0.015625 0.037109375
0 0.6845703125 0.8251953125 0.017578125 0.037109375
0 0.6640625 0.8251953125 0.0234375 0.033203125
0 0.63671875 0.8212890625 0.015625 0.029296875
0 0.6669921875 0.9169921875 0.017578125 0.033203125
0 0.7119140625 0.9130859375 0.017578125 0.033203125
0 0.783203125 0.908203125 0.015625 0.0390625
0 0.890625 0.8115234375 0.015625 0.029296875
0 0.5751953125 0.015625 0.041015625 0.0234375
0 0.578125 0.037109375 0.0390625 0.01953125
0 0.5771484375 0.0576171875 0.048828125 0.021484375
0 0.5791015625 0.099609375 0.037109375 0.01953125
0 0.5810546875 0.1181640625 0.037109375 0.017578125
0 0.5830078125 0.140625 0.044921875 0.01953125
0 0.5830078125 0.1611328125 0.041015625 0.021484375
0 0.5830078125 0.1826171875 0.041015625 0.021484375
0 0.583984375 0.203125 0.04296875 0.01953125
0 0.583984375 0.2236328125 0.04296875 0.021484375
0 0.2861328125 0.5 0.041015625 0.01953125
0 0.287109375 0.5302734375 0.0390625 0.021484375
0 0.6884765625 0.5869140625 0.017578125 0.037109375
0 0.48828125 0.947265625 0.04296875 0.0234375
0 0.4873046875 0.9697265625 0.041015625 0.021484375
0 0.6240234375 0.970703125 0.013671875 0.03515625
0 0.6484375 0.966796875 0.015625 0.03515625
0 0.6669921875 0.96875 0.021484375 0.0390625
0 0.7353515625 0.962890625 0.013671875 0.0390625
0 0.7626953125 0.9658203125 0.009765625 0.029296875
0 0.64453125 0.9189453125 0.01171875 0.029296875
0 0.802734375 0.962890625 0.01953125 0.03515625
0 0.830078125 0.9619140625 0.015625 0.041015625
