0 0.2177734375 0.064453125 0.029296875 0.0234375
0 0.162109375 0.15625 0.04296875 0.01953125
0 0.1611328125 0.1748046875 0.041015625 0.017578125
0 0.1650390625 0.1923828125 0.029296875 0.017578125
0 0.1669921875 0.208984375 0.033203125 0.015625
0 0.16796875 0.2265625 0.03515625 0.01953125
0 0.169921875 0.263671875 0.0390625 0.01953125
0 0.17578125 0.3359375 0.046875 0.01953125
0 0.173828125 0.3544921875 0.04296875 0.017578125
0 0.2041015625 0.392578125 0.021484375 0.04296875
0 0.1826171875 0.439453125 0.033203125 0.01953125
0 0.1845703125 0.4775390625 0.037109375 0.021484375
0 0.5673828125 0.05078125 0.041015625 0.01953125
0 0.5517578125 0.2939453125 0.037109375 0.044921875
0 0.185546875 0.5517578125 0.0390625 0.017578125
0 0.18359375 0.5693359375 0.03515625 0.017578125
0 0.1875 0.5888671875 0.03125 0.013671875
0 0.1845703125 0.6083984375 0.033203125 0.021484375
0 0.19140625 0.6572265625 0.0390625 0.021484375
0 0.193359375 0.6748046875 0.03515625 0.013671875
0 0.1982421875 0.69140625 0.037109375 0.01953125
0 0.51953125 0.3828125 0.0390625 0.01953125
0 0.5185546875 0.404296875 0.044921875 0.015625
0 0.51953125 0.4208984375 0.046875 0.017578125
0 0.5205078125 0.4384765625 0.033203125 0.017578125
0 0.51953125 0.458984375 0.03515625 0.015625
0 0.5205078125 0.48828125 0.033203125 0.015625
0 0.521484375 0.5048828125 0.03515625 0.017578125
0 0.5224609375 0.5244140625 0.037109375 0.021484375
0 0.5244140625 0.5419921875 0.041015625 0.013671875
0 0.525390625 0.560546875 0.04296875 0.0234375
0 0.6279296875 0.46484375 0.041015625 0.01953125
0 0.626953125 0.484375 0.0390625 0.01953125
0 0.583984375 0.4384765625 0.0234375 0.044921875
0 0.5283203125 0.65234375 0.033203125 0.01953125
0 0.529296875 0.671875 0.03515625 0.01953125
0 0.529296875 0.6904296875 0.03515625 0.017578125
0 0.5302734375 0.7080078125 0.037109375 0.017578125
0 0.533203125 0.724609375 0.04296875 0.015625
0 0.5322265625 0.7421875 0.041015625 0.01953125
0 0.5361328125 0.759765625 0.037109375 0.015625
0 0.53125 0.775390625 0.04296875 0.015625
0 0.5302734375 0.7919921875 0.041015625 0.017578125
0 0.5390625 0.8173828125 0.03515625 0.017578125
0 0.3525390625 0.736328125 0.033203125 0.015625
0 0.30078125 0.7314453125 0.03125 0.017578125
0 0.1943359375 0.7109375 0.033203125 0.015625
0 0.2001953125 0.7255859375 0.025390625 0.013671875
0 0.197265625 0.744140625 0.0390625 0.015625
0 0.197265625 0.7626953125 0.0390625 0.021484375
0 0.1943359375 0.7822265625 0.033203125 0.017578125
0 0.30078125 0.75 0.0390625 0.01953125
0 0.19921875 0.8505859375 0.04296875 0.021484375
0 0.177734375 0.88671875 0.03515625 0.01953125
0 0.19140625 0.9091796875 0.0390625 0.013671875
0 0.1845703125 0.9287109375 0.041015625 0.017578125
0 0.18359375 0.9462890625 0.0390625 0.017578125
0 0.185546875 0.9677734375 0.03515625 0.017578125
0 0.19140625 0.9873046875 0.03515625 0.021484375
0 0.572265625 0.953125 0.02734375 0.03515625
0 0.302734375 0.71484375 0.02734375 0.015625
0 0.296875 0.6962890625 0.03515625 0.021484375
0 0.2978515625 0.6767578125 0.033203125 0.017578125
0 0.296875 0.6611328125 0.02734375 0.013671875
0 0.29296875 0.6435546875 0.03125 0.013671875
0 0.4775390625 0.7177734375 0.044921875 0.021484375
0 0.6298828125 0.5302734375 0.033203125 0.017578125
0 0.580078125 0.50390625 0.03515625 0.02734375
0 0.876953125 0.9462890625 0.04296875 0.021484375
0 0.8740234375 0.9140625 0.048828125 0.0234375
0 0.87109375 0.89453125 0.04296875 0.015625
0 0.87109375 0.8505859375 0.04296875 0.021484375
0 0.8720703125 0.828125 0.041015625 0.01953125
0 0.9140625 0.802734375 0.01953125 0.03515625
0 0.8662109375 0.8115234375 0.037109375 0.017578125
0 0.8681640625 0.7822265625 0.041015625 0.017578125
0 0.8623046875 0.763671875 0.037109375 0.015625
0 0.8623046875 0.74609375 0.041015625 0.01953125
0 0.8671875 0.73046875 0.0390625 0.015625
0 0.8603515625 0.712890625 0.048828125 0.01953125
0 0.8095703125 0.6376953125 0.033203125 0.021484375
0 0.8583984375 0.634765625 0.044921875 0.01953125
0 0.8544921875 0.6171875 0.037109375 0.01953125
0 0.80859375 0.619140625 0.03515625 0.015625
0 0.853515625 0.5986328125 0.0390625 0.017578125
0 0.853515625 0.58203125 0.0390625 0.015625
0 0.8583984375 0.564453125 0.044921875 0.01953125
0 0.798828125 0.544921875 0.04296875 0.0234375
0 0.7978515625 0.5771484375 0.041015625 0.021484375
0 0.85546875 0.5322265625 0.03515625 0.013671875
0 0.853515625 0.515625 0.0390625 0.01953125
0 0.8515625 0.4951171875 0.04296875 0.021484375
0 0.853515625 0.4619140625 0.04296875 0.021484375
0 0.8525390625 0.4462890625 0.029296875 0.017578125
0 0.8544921875 0.427734375 0.037109375 0.01953125
0 0.8525390625 0.390625 0.037109375 0.01953125
0 0.84765625 0.3408203125 0.04296875 0.021484375
0 0.896484375 0.2412109375 0.03515625 0.041015625
0 0.8779296875 0.1376953125 0.021484375 0.041015625
0 0.904296875 0.1396484375 0.015625 0.041015625
