0 0.49609375 0.0537109375 0.0390625 0.017578125
0 0.4326171875 0.1376953125 0.033203125 0.017578125
0 0.4365234375 0.162109375 0.033203125 0.015625
0 0.5 0.1474609375 0.03515625 0.017578125
0 0.5478515625 0.15234375 0.025390625 0.0390625
0 0.50390625 0.1982421875 0.0390625 0.017578125
0 0.443359375 0.26171875 0.04296875 0.01953125
0 0.5107421875 0.2734375 0.033203125 0.01953125
0 0.5068359375 0.3623046875 0.044921875 0.021484375
0 0.5087890625 0.3916015625 0.033203125 0.013671875
0 0.515625 0.4111328125 0.0390625 0.017578125
0 0.5185546875 0.4970703125 0.037109375 0.017578125
0 0.51953125 0.5400390625 0.04296875 0.021484375
0 0.455078125 0.568359375 0.03515625 0.0234375
0 0.458984375 0.5927734375 0.0390625 0.017578125
0 0.4658203125 0.61328125 0.044921875 0.015625
0 0.466796875 0.630859375 0.0390625 0.01953125
0 0.46484375 0.6533203125 0.04296875 0.017578125
0 0.466796875 0.6787109375 0.0390625 0.017578125
0 0.4677734375 0.69921875 0.041015625 0.01953125
0 0.52734375 0.6259765625 0.03515625 0.017578125
0 0.5244140625 0.662109375 0.041015625 0.0234375
0 0.5361328125 0.7548828125 0.037109375 0.021484375
0 0.5322265625 0.8056640625 0.033203125 0.021484375
0 0.48046875 0.837890625 0.03515625 0.01953125
0 0.5322265625 0.83984375 0.044921875 0.01953125
0 0.48828125 0.884765625 0.04296875 0.01953125
0 0.486328125 0.9716796875 0.03125 0.017578125
0 0.5400390625 0.931640625 0.041015625 0.01953125
0 0.6396484375 0.86328125 0.021484375 0.04296875
0 0.814453125 0.0244140625 0.03515625 0.017578125
0 0.8193359375 0.0478515625 0.037109375 0.017578125
0 0.8193359375 0.0673828125 0.041015625 0.013671875
0 0.8173828125 0.1083984375 0.033203125 0.017578125
0 0.826171875 0.150390625 0.03515625 0.015625
0 0.8251953125 0.1708984375 0.037109375 0.013671875
0 0.8251953125 0.19140625 0.033203125 0.015625
0 0.8271484375 0.23046875 0.033203125 0.015625
0 0.8291015625 0.2529296875 0.037109375 0.017578125
0 0.830078125 0.294921875 0.03515625 0.015625
0 0.8330078125 0.353515625 0.041015625 0.01953125
0 0.8330078125 0.376953125 0.033203125 0.015625
0 0.8359375 0.3984375 0.0390625 0.015625
0 0.8388671875 0.4599609375 0.029296875 0.017578125
0 0.8369140625 0.5 0.029296875 0.015625
0 0.8466796875 0.580078125 0.044921875 0.01953125
0 0.8427734375 0.619140625 0.041015625 0.015625
0 0.8466796875 0.638671875 0.037109375 0.015625
0 0.853515625 0.6611328125 0.04296875 0.017578125
0 0.849609375 0.6806640625 0.0390625 0.013671875
0 0.8486328125 0.7021484375 0.041015625 0.017578125
0 0.857421875 0.7421875 0.0390625 0.015625
0 0.85546875 0.7626953125 0.04296875 0.017578125
0 0.8564453125 0.8046875 0.029296875 0.01953125
0 0.853515625 0.783203125 0.0390625 0.01953125
0 0.8623046875 0.8623046875 0.029296875 0.017578125
0 0.8623046875 0.9013671875 0.033203125 0.013671875
0 0.86328125 0.9228515625 0.0390625 0.017578125
