0 0.021484375 0.4794921875 0.0234375 0.037109375
0 0.044921875 0.48046875 0.0234375 0.0390625
0 0.0703125 0.4765625 0.01953125 0.04296875
0 0.087890625 0.4736328125 0.015625 0.037109375
0 0.1103515625 0.474609375 0.029296875 0.0390625
0 0.134765625 0.4765625 0.01953125 0.04296875
0 0.15625 0.4755859375 0.0234375 0.041015625
0 0.1806640625 0.474609375 0.025390625 0.0390625
0 0.203125 0.474609375 0.01953125 0.0390625
0 0.2236328125 0.474609375 0.021484375 0.0390625
0 0.2490234375 0.4716796875 0.017578125 0.041015625
0 0.2724609375 0.4716796875 0.029296875 0.041015625
0 0.3330078125 0.3828125 0.048828125 0.0234375
0 0.3271484375 0.3623046875 0.033203125 0.017578125
0 0.5 0.5849609375 0.0390625 0.029296875
0 0.447265625 0.6103515625 0.046875 0.025390625
0 0.4951171875 0.6142578125 0.048828125 0.021484375
0 0.4560546875 0.677734375 0.041015625 0.0234375
0 0.3525390625 0.712890625 0.041015625 0.01953125
0 0.4560546875 0.732421875 0.041015625 0.01953125
0 0.5068359375 0.75 0.033203125 0.0234375
0 0.462890625 0.802734375 0.0390625 0.01953125
0 0.509765625 0.814453125 0.0390625 0.0234375
0 0.4599609375 0.8369140625 0.041015625 0.017578125
0 0.4619140625 0.85546875 0.044921875 0.01953125
0 0.4658203125 0.8740234375 0.037109375 0.017578125
0 0.4697265625 0.908203125 0.044921875 0.01953125
0 0.46875 0.92578125 0.04296875 0.015625
0 0.47265625 0.9443359375 0.0390625 0.021484375
0 0.3603515625 0.736328125 0.041015625 0.015625
0 0.3603515625 0.7744140625 0.033203125 0.013671875
0 0.3583984375 0.796875 0.048828125 0.015625
0 0.3642578125 0.814453125 0.041015625 0.01953125
0 0.373046875 0.8330078125 0.03125 0.017578125
0 0.375 0.8515625 0.03515625 0.01953125
0 0.3740234375 0.873046875 0.041015625 0.015625
0 0.3681640625 0.8916015625 0.044921875 0.013671875
0 0.3662109375 0.908203125 0.041015625 0.01953125
0 0.375 0.94921875 0.0390625 0.01953125
0 0.3779296875 0.9697265625 0.037109375 0.021484375
0 0.4775390625 0.9755859375 0.037109375 0.013671875
0 0.072265625 0.984375 0.046875 0.0234375
0 0.0703125 0.94140625 0.046875 0.01953125
0 0.076171875 0.908203125 0.05859375 0.03125
0 0.021484375 0.7548828125 0.01953125 0.033203125
0 0.0556640625 0.0224609375 0.048828125 0.021484375
0 0.138671875 0.01171875 0.04296875 0.01953125
0 0.1240234375 0.142578125 0.037109375 0.01953125
0 0.1806640625 0.1416015625 0.033203125 0.017578125
0 0.2265625 0.140625 0.03515625 0.0234375
0 0.283203125 0.138671875 0.03515625 0.01953125
0 0.3310546875 0.1357421875 0.033203125 0.017578125
0 0.3857421875 0.134765625 0.033203125 0.01953125
0 0.359375 0.185546875 0.0390625 0.01953125
0 0.3779296875 0.2119140625 0.041015625 0.017578125
0 0.423828125 0.1318359375 0.04296875 0.013671875
0 0.4736328125 0.1279296875 0.041015625 0.021484375
0 0.455078125 0.1572265625 0.04296875 0.017578125
0 0.4072265625 0.1630859375 0.033203125 0.013671875
0 0.466796875 0.2314453125 0.03515625 0.021484375
0 0.671875 0.046875 0.02734375 0.04296875
0 0.708984375 0.115234375 0.03125 0.0390625
0 0.755859375 0.1279296875 0.03515625 0.041015625
0 0.80078125 0.177734375 0.04296875 0.02734375
0 0.8876953125 0.2001953125 0.041015625 0.021484375
0 0.623046875 0.193359375 0.0234375 0.046875
0 0.59765625 0.216796875 0.01953125 0.03515625
0 0.603515625 0.396484375 0.02734375 0.05078125
0 0.69921875 0.3330078125 0.015625 0.037109375
0 0.7236328125 0.330078125 0.017578125 0.0390625
0 0.7548828125 0.337890625 0.013671875 0.0390625
0 0.779296875 0.34375 0.01953125 0.04296875
0 0.7314453125 0.3974609375 0.013671875 0.041015625
0 0.732421875 0.4462890625 0.01953125 0.037109375
0 0.736328125 0.52734375 0.015625 0.0390625
0 0.7939453125 0.5556640625 0.017578125 0.041015625
0 0.64453125 0.572265625 0.015625 0.0390625
0 0.62109375 0.6904296875 0.0234375 0.044921875
0 0.630859375 0.8076171875 0.01953125 0.041015625
0 0.658203125 0.888671875 0.015625 0.04296875
0 0.9755859375 0.1826171875 0.041015625 0.017578125
