0 0.2138671875 0.0458984375 0.017578125 0.041015625
0 0.189453125 0.1845703125 0.01953125 0.029296875
0 0.203125 0.337890625 0.01171875 0.03515625
0 0.205078125 0.3857421875 0.01953125 0.037109375
0 0.208984375 0.431640625 0.01953125 0.03515625
0 0.2744140625 0.2587890625 0.017578125 0.041015625
0 0.2734375 0.337890625 0.01953125 0.0390625
0 0.28125 0.4609375 0.01953125 0.03125
0 0.4150390625 0.0966796875 0.017578125 0.033203125
0 0.43359375 0.099609375 0.015625 0.03515625
0 0.4580078125 0.0986328125 0.013671875 0.037109375
0 0.4775390625 0.12890625 0.017578125 0.03125
0 0.4150390625 0.13671875 0.017578125 0.0390625
0 0.4541015625 0.2001953125 0.017578125 0.029296875
0 0.474609375 0.19921875 0.015625 0.02734375
0 0.416015625 0.2529296875 0.015625 0.029296875
0 0.4765625 0.2470703125 0.015625 0.033203125
0 0.51171875 0.248046875 0.015625 0.03125
0 0.5126953125 0.3251953125 0.017578125 0.037109375
