0 0.5732421875 0.6083984375 0.041015625 0.025390625
0 0.5947265625 0.5888671875 0.037109375 0.021484375
0 0.578125 0.49609375 0.04296875 0.02734375
0 0.5947265625 0.45703125 0.021484375 0.0390625
0 0.591796875 0.3916015625 0.0234375 0.041015625
0 0.544921875 0.28125 0.05078125 0.0234375
0 0.548828125 0.296875 0.0390625 0.0234375
0 0.64453125 0.2958984375 0.01953125 0.041015625
0 0.6220703125 0.306640625 0.021484375 0.03515625
0 0.763671875 0.3701171875 0.01953125 0.037109375
0 0.80859375 0.373046875 0.0234375 0.0390625
0 0.8427734375 0.37109375 0.021484375 0.04296875
0 0.1201171875 0.037109375 0.044921875 0.0234375
0 0.1201171875 0.0146484375 0.044921875 0.021484375
0 0.90625 0.3642578125 0.02734375 0.033203125
