0 0.234375 0.9482421875 0.01953125 0.044921875
0 0.041015625 0.6474609375 0.04296875 0.017578125
0 0.1005859375 0.6455078125 0.044921875 0.025390625
0 0.107421875 0.6689453125 0.04296875 0.021484375
0 0.064453125 0.6220703125 0.0390625 0.021484375
0 0.1162109375 0.6201171875 0.041015625 0.021484375
0 0.0986328125 0.5966796875 0.044921875 0.025390625
0 0.0595703125 0.5712890625 0.044921875 0.017578125
0 0.123046875 0.572265625 0.04296875 0.0234375
0 0.2568359375 0.771484375 0.021484375 0.04296875
0 0.2626953125 0.6748046875 0.037109375 0.041015625
0 0.3427734375 0.72265625 0.021484375 0.0390625
0 0.3505859375 0.6357421875 0.025390625 0.041015625
0 0.375 0.775390625 0.01953125 0.04296875
0 0.3486328125 0.8037109375 0.017578125 0.041015625
0 0.1181640625 0.4912109375 0.037109375 0.021484375
1 0.2841796875 0.5146484375 0.060546875 0.060546875
0 0.4091796875 0.4931640625 0.017578125 0.041015625
0 0.2841796875 0.56640625 0.025390625 0.0234375
0 0.435546875 0.43359375 0.01953125 0.04296875
0 0.5732421875 0.509765625 0.041015625 0.01953125
0 0.591796875 0.53515625 0.0390625 0.01953125
0 0.9580078125 0.46484375 0.044921875 0.0234375
1 0.4267578125 0.302734375 0.029296875 0.09375
