0 0.2509765625 0.0615234375 0.021484375 0.044921875
0 0.353515625 0.0888671875 0.0234375 0.041015625
0 0.2744140625 0.5068359375 0.021484375 0.037109375
0 0.3740234375 0.55078125 0.025390625 0.0390625
0 0.2822265625 0.6591796875 0.021484375 0.037109375
0 0.265625 0.9228515625 0.0234375 0.041015625
0 0.908203125 0.9765625 0.0625 0.046875
0 0.9033203125 0.951171875 0.048828125 0.03515625
1 0.90234375 0.919921875 0.06640625 0.046875
0 0.8984375 0.8818359375 0.04296875 0.029296875
0 0.8935546875 0.8603515625 0.052734375 0.033203125
0 0.8974609375 0.8427734375 0.044921875 0.025390625
0 0.896484375 0.822265625 0.046875 0.02734375
1 0.884765625 0.7783203125 0.0625 0.044921875
0 0.8916015625 0.7431640625 0.048828125 0.025390625
0 0.91015625 0.0625 0.01953125 0.04296875
