0 0.8876953125 0.048828125 0.033203125 0.01953125
0 0.951171875 0.0400390625 0.01953125 0.041015625
0 0.970703125 0.03515625 0.01953125 0.03125
0 0.9609375 0.1474609375 0.01953125 0.037109375
0 0.8955078125 0.16015625 0.041015625 0.01953125
0 0.9833984375 0.2001953125 0.021484375 0.033203125
0 0.9482421875 0.298828125 0.017578125 0.03515625
0 0.96875 0.314453125 0.01953125 0.0390625
0 0.90625 0.3203125 0.0390625 0.01953125
0 0.8955078125 0.3583984375 0.037109375 0.021484375
0 0.896484375 0.40625 0.04296875 0.01953125
0 0.9599609375 0.408203125 0.037109375 0.03125
0 0.9619140625 0.451171875 0.037109375 0.03515625
0 0.7265625 0.453125 0.0234375 0.0390625
0 0.7041015625 0.4453125 0.021484375 0.04296875
0 0.68359375 0.4423828125 0.01953125 0.044921875
0 0.6630859375 0.4443359375 0.021484375 0.041015625
0 0.962890625 0.5048828125 0.03515625 0.037109375
0 0.97265625 0.5791015625 0.0390625 0.029296875
0 0.9716796875 0.6005859375 0.037109375 0.025390625
0 0.6796875 0.513671875 0.01953125 0.03515625
0 0.7333984375 0.5126953125 0.021484375 0.037109375
0 0.8291015625 0.5009765625 0.021484375 0.037109375
0 0.7138671875 0.55859375 0.037109375 0.0234375
0 0.7158203125 0.583984375 0.033203125 0.015625
0 0.6962890625 0.6064453125 0.041015625 0.021484375
0 0.67578125 0.6748046875 0.01953125 0.041015625
0 0.7255859375 0.6728515625 0.017578125 0.041015625
0 0.7490234375 0.6669921875 0.021484375 0.041015625
0 0.6796875 0.7373046875 0.01953125 0.037109375
0 0.740234375 0.734375 0.02734375 0.0390625
0 0.8623046875 0.70703125 0.021484375 0.03515625
0 0.849609375 0.783203125 0.01953125 0.03515625
0 0.9248046875 0.744140625 0.044921875 0.02734375
0 0.92578125 0.7822265625 0.0390625 0.017578125
0 0.9267578125 0.7998046875 0.041015625 0.017578125
0 0.8447265625 0.8369140625 0.025390625 0.041015625
0 0.9306640625 0.8271484375 0.041015625 0.021484375
0 0.9326171875 0.8603515625 0.041015625 0.017578125
0 0.93359375 0.8798828125 0.04296875 0.021484375
0 0.931640625 0.900390625 0.0390625 0.01953125
0 0.8515625 0.916015625 0.0234375 0.03515625
0 0.931640625 0.9375 0.04296875 0.01953125
0 0.9326171875 0.95703125 0.037109375 0.01953125
0 0.0546875 0.6083984375 0.015625 0.029296875
