0 0.0634765625 0.7041015625 0.013671875 0.029296875
0 0.083984375 0.7041015625 0.015625 0.029296875
0 0.1201171875 0.701171875 0.017578125 0.03515625
0 0.2080078125 0.701171875 0.017578125 0.03515625
0 0.1796875 0.5693359375 0.0390625 0.017578125
1 0.0546875 0.6484375 0.05859375 0.01953125
0 0.2783203125 0.5390625 0.029296875 0.01171875
0 0.2900390625 0.560546875 0.037109375 0.015625
0 0.1923828125 0.4638671875 0.041015625 0.017578125
0 0.0556640625 0.4130859375 0.017578125 0.037109375
0 0.1015625 0.4140625 0.01953125 0.0390625
0 0.1416015625 0.4111328125 0.013671875 0.033203125
0 0.1650390625 0.4130859375 0.017578125 0.037109375
0 0.2041015625 0.40625 0.017578125 0.03125
0 0.1845703125 0.408203125 0.013671875 0.03125
0 0.2265625 0.4052734375 0.01953125 0.037109375
0 0.0791015625 0.4111328125 0.017578125 0.033203125
0 0.2666015625 0.40234375 0.017578125 0.03515625
0 0.287109375 0.4052734375 0.015625 0.033203125
0 0.3076171875 0.404296875 0.013671875 0.03125
0 0.3291015625 0.4052734375 0.017578125 0.029296875
0 0.34765625 0.404296875 0.01171875 0.03515625
0 0.3681640625 0.3974609375 0.013671875 0.029296875
0 0.380859375 0.4853515625 0.01953125 0.025390625
0 0.5068359375 0.5302734375 0.037109375 0.017578125
0 0.572265625 0.6298828125 0.04296875 0.017578125
1 0.4404296875 0.5576171875 0.044921875 0.017578125
1 0.4716796875 0.62890625 0.064453125 0.01953125
0 0.0927734375 0.0185546875 0.029296875 0.013671875
0 0.1962890625 0.017578125 0.033203125 0.015625
0 0.2294921875 0.0634765625 0.017578125 0.037109375
0 0.1533203125 0.1337890625 0.013671875 0.029296875
0 0.0380859375 0.140625 0.017578125 0.0390625
0 0.5166015625 0.1494140625 0.041015625 0.037109375
0 0.0576171875 0.1416015625 0.013671875 0.021484375
1 0.7333984375 0.6171875 0.056640625 0.01953125
1 0.701171875 0.779296875 0.0859375 0.0234375
1 0.703125 0.826171875 0.0859375 0.0234375
1 0.74609375 0.9130859375 0.05859375 0.021484375
1 0.7490234375 0.9375 0.060546875 0.01953125
0 0.802734375 0.224609375 0.03515625 0.015625
0 0.802734375 0.2060546875 0.04296875 0.017578125
0 0.8037109375 0.115234375 0.037109375 0.015625
0 0.8046875 0.0966796875 0.0390625 0.017578125
0 0.802734375 0.0771484375 0.0390625 0.017578125
0 0.80078125 0.0400390625 0.0390625 0.017578125
0 0.86328125 0.125 0.01953125 0.03515625
0 0.8623046875 0.0869140625 0.017578125 0.029296875
0 0.86328125 0.048828125 0.015625 0.02734375
0 0.91015625 0.03515625 0.0390625 0.01953125
