0 0.2841796875 0.8203125 0.017578125 0.03515625
0 0.36328125 0.8193359375 0.0234375 0.041015625
0 0.4541015625 0.822265625 0.021484375 0.0390625
0 0.1123046875 0.1591796875 0.017578125 0.029296875
0 0.013671875 0.697265625 0.01953125 0.0390625
0 0.173828125 0.6982421875 0.0234375 0.044921875
0 0.2734375 0.3017578125 0.015625 0.033203125
0 0.294921875 0.2451171875 0.01953125 0.037109375
0 0.3212890625 0.2275390625 0.021484375 0.041015625
0 0.32421875 0.267578125 0.0234375 0.03515625
0 0.3447265625 0.25 0.021484375 0.03125
0 0.3349609375 0.3310546875 0.017578125 0.037109375
0 0.2802734375 0.4150390625 0.017578125 0.033203125
0 0.3759765625 0.3779296875 0.021484375 0.044921875
0 0.384765625 0.544921875 0.01953125 0.03515625
0 0.353515625 0.501953125 0.01953125 0.03515625
0 0.3525390625 0.5478515625 0.021484375 0.037109375
0 0.35546875 0.583984375 0.01953125 0.03125
0 0.392578125 0.689453125 0.0234375 0.03515625
0 0.419921875 0.6953125 0.0234375 0.0390625
0 0.443359375 0.6865234375 0.03125 0.041015625
0 0.4853515625 0.681640625 0.021484375 0.04296875
0 0.51171875 0.681640625 0.02734375 0.046875
