0 0.8037109375 0.0234375 0.037109375 0.015625
0 0.798828125 0.044921875 0.0390625 0.01953125
0 0.8037109375 0.0673828125 0.037109375 0.017578125
0 0.806640625 0.0888671875 0.04296875 0.017578125
0 0.85546875 0.068359375 0.01953125 0.03515625
0 0.7060546875 0.1923828125 0.013671875 0.029296875
0 0.685546875 0.1904296875 0.01953125 0.033203125
0 0.7412109375 0.2841796875 0.017578125 0.037109375
0 0.787109375 0.283203125 0.01953125 0.0390625
0 0.7529296875 0.333984375 0.021484375 0.0390625
0 0.8408203125 0.3994140625 0.017578125 0.029296875
0 0.86328125 0.4072265625 0.015625 0.037109375
0 0.7548828125 0.53125 0.017578125 0.03125
0 0.935546875 0.5078125 0.01953125 0.03515625
0 0.9443359375 0.4345703125 0.041015625 0.017578125
1 0.7109375 0.529296875 0.0390625 0.0625
1 0.7275390625 0.4375 0.056640625 0.01953125
1 0.732421875 0.4609375 0.0546875 0.02734375
0 0.814453125 0.513671875 0.01953125 0.03515625
0 0.89453125 0.5107421875 0.015625 0.037109375
0 0.6689453125 0.8857421875 0.017578125 0.025390625
0 0.7392578125 0.8876953125 0.013671875 0.025390625
0 0.7607421875 0.8818359375 0.017578125 0.033203125
0 0.7861328125 0.8828125 0.021484375 0.03125
0 0.900390625 0.8427734375 0.015625 0.033203125
0 0.03125 0.5087890625 0.03515625 0.033203125
0 0.052734375 0.5107421875 0.03515625 0.029296875
0 0.0732421875 0.5146484375 0.033203125 0.033203125
0 0.0927734375 0.5263671875 0.037109375 0.033203125
0 0.12109375 0.533203125 0.015625 0.0390625
0 0.1455078125 0.533203125 0.017578125 0.04296875
0 0.166015625 0.533203125 0.0234375 0.04296875
0 0.1884765625 0.5322265625 0.021484375 0.041015625
0 0.0615234375 0.556640625 0.021484375 0.04296875
0 0.0283203125 0.4697265625 0.037109375 0.021484375
0 0.056640625 0.462890625 0.0234375 0.01953125
0 0.275390625 0.51171875 0.03515625 0.0390625
0 0.322265625 0.5048828125 0.03125 0.037109375
0 0.3447265625 0.5029296875 0.033203125 0.033203125
0 0.396484375 0.501953125 0.03515625 0.04296875
0 0.4248046875 0.501953125 0.033203125 0.0390625
0 0.470703125 0.49609375 0.03515625 0.0390625
0 0.4521484375 0.5400390625 0.021484375 0.037109375
0 0.41015625 0.54296875 0.01953125 0.0390625
0 0.3876953125 0.544921875 0.017578125 0.04296875
0 0.3671875 0.5439453125 0.01953125 0.041015625
0 0.34765625 0.5439453125 0.01953125 0.041015625
0 0.326171875 0.544921875 0.0234375 0.03515625
0 0.302734375 0.552734375 0.015625 0.03125
0 0.26953125 0.5341796875 0.0234375 0.029296875
0 0.4326171875 0.54296875 0.017578125 0.03125
0 0.498046875 0.537109375 0.015625 0.03515625
0 0.541015625 0.5361328125 0.01953125 0.041015625
0 0.6259765625 0.5224609375 0.025390625 0.056640625
0 0.5791015625 0.486328125 0.029296875 0.04296875
0 0.5390625 0.4921875 0.03515625 0.04296875
0 0.4853515625 0.8935546875 0.021484375 0.044921875
0 0.435546875 0.892578125 0.01953125 0.0390625
0 0.4130859375 0.892578125 0.017578125 0.0390625
0 0.3291015625 0.890625 0.017578125 0.03515625
0 0.3115234375 0.890625 0.017578125 0.03515625
0 0.3505859375 0.8916015625 0.017578125 0.041015625
0 0.193359375 0.796875 0.03515625 0.0390625
0 0.1455078125 0.81640625 0.037109375 0.01953125
0 0.142578125 0.7978515625 0.04296875 0.017578125
0 0.138671875 0.7763671875 0.03515625 0.025390625
0 0.541015625 0.642578125 0.01953125 0.0390625
0 0.5224609375 0.6435546875 0.017578125 0.037109375
0 0.50390625 0.64453125 0.01953125 0.03515625
0 0.482421875 0.6484375 0.01953125 0.0390625
0 0.4638671875 0.6494140625 0.025390625 0.041015625
0 0.4169921875 0.6484375 0.021484375 0.03515625
0 0.4384765625 0.6484375 0.017578125 0.03515625
0 0.3916015625 0.64453125 0.017578125 0.03515625
0 0.375 0.6484375 0.0234375 0.0390625
0 0.33203125 0.650390625 0.0234375 0.04296875
0 0.3076171875 0.6552734375 0.017578125 0.037109375
0 0.1455078125 0.857421875 0.041015625 0.0234375
0 0.1376953125 0.9013671875 0.037109375 0.021484375
0 0.1484375 0.9423828125 0.04296875 0.021484375
0 0.1435546875 0.9599609375 0.041015625 0.017578125
0 0.1455078125 0.978515625 0.044921875 0.01953125
0 0.5361328125 0.970703125 0.021484375 0.03515625
0 0.451171875 0.9765625 0.015625 0.03125
0 0.4736328125 0.9736328125 0.017578125 0.033203125
0 0.107421875 0.1435546875 0.04296875 0.013671875
0 0.107421875 0.1220703125 0.04296875 0.021484375
0 0.1005859375 0.0986328125 0.033203125 0.025390625
0 0.1015625 0.0771484375 0.03125 0.017578125
0 0.0986328125 0.0146484375 0.041015625 0.017578125
0 0.1025390625 0.03515625 0.041015625 0.0234375
0 0.1728515625 0.6826171875 0.029296875 0.041015625
0 0.5849609375 0.5322265625 0.021484375 0.037109375
0 0.4931640625 0.494140625 0.025390625 0.03515625
0 0.443359375 0.4921875 0.03515625 0.03515625
