0 0.4189453125 0.1708984375 0.025390625 0.041015625
0 0.4365234375 0.4345703125 0.025390625 0.037109375
0 0.322265625 0.552734375 0.01953125 0.03125
0 0.458984375 0.6318359375 0.01953125 0.033203125
0 0.5537109375 0.87109375 0.037109375 0.01953125
0 0.5556640625 0.8935546875 0.041015625 0.017578125
0 0.5966796875 0.9150390625 0.017578125 0.041015625
0 0.5546875 0.9853515625 0.0390625 0.021484375
0 0.625 0.8310546875 0.0234375 0.041015625
0 0.703125 0.8291015625 0.0234375 0.029296875
0 0.52734375 0.0439453125 0.02734375 0.037109375
0 0.5498046875 0.041015625 0.029296875 0.03515625
0 0.5517578125 0.076171875 0.025390625 0.03125
0 0.587890625 0.072265625 0.0234375 0.03515625
0 0.5302734375 0.1328125 0.025390625 0.03515625
0 0.5498046875 0.1298828125 0.033203125 0.041015625
0 0.59375 0.126953125 0.02734375 0.0390625
0 0.490234375 0.134765625 0.02734375 0.0390625
0 0.86328125 0.36328125 0.0234375 0.0390625
