0 0.0615234375 0.0615234375 0.029296875 0.017578125
0 0.0615234375 0.1005859375 0.033203125 0.013671875
0 0.0625 0.1220703125 0.0390625 0.017578125
0 0.24609375 0.2333984375 0.015625 0.037109375
0 0.2685546875 0.234375 0.017578125 0.03515625
0 0.2890625 0.2353515625 0.015625 0.033203125
0 0.3134765625 0.234375 0.013671875 0.03515625
0 0.3359375 0.236328125 0.01953125 0.03515625
0 0.3603515625 0.23046875 0.013671875 0.03515625
0 0.3818359375 0.2294921875 0.017578125 0.037109375
0 0.40234375 0.232421875 0.015625 0.0390625
0 0.470703125 0.2216796875 0.01953125 0.037109375
0 0.494140625 0.220703125 0.015625 0.03515625
0 0.5146484375 0.2216796875 0.017578125 0.037109375
0 0.533203125 0.220703125 0.01953125 0.03515625
0 0.5595703125 0.2216796875 0.017578125 0.044921875
0 0.6484375 0.220703125 0.015625 0.04296875
0 0.6708984375 0.2138671875 0.013671875 0.033203125
0 0.69140625 0.142578125 0.03125 0.01953125
0 0.87109375 0.15234375 0.0234375 0.0390625
0 0.912109375 0.197265625 0.0234375 0.0390625
0 0.2763671875 0.3388671875 0.021484375 0.037109375
0 0.298828125 0.337890625 0.0234375 0.03515625
0 0.3203125 0.3349609375 0.015625 0.041015625
0 0.3828125 0.3310546875 0.01953125 0.037109375
0 0.408203125 0.3310546875 0.01953125 0.041015625
0 0.451171875 0.330078125 0.01953125 0.0390625
0 0.4765625 0.328125 0.01953125 0.03515625
0 0.5205078125 0.328125 0.021484375 0.0390625
0 0.54296875 0.3251953125 0.01953125 0.037109375
0 0.6337890625 0.322265625 0.017578125 0.03515625
0 0.6552734375 0.3125 0.017578125 0.03515625
0 0.9404296875 0.30859375 0.017578125 0.03515625
0 0.9638671875 0.3076171875 0.017578125 0.037109375
0 0.947265625 0.55078125 0.0234375 0.0390625
0 0.90625 0.55859375 0.0234375 0.03515625
0 0.6181640625 0.5625 0.021484375 0.03515625
0 0.5751953125 0.5634765625 0.017578125 0.025390625
0 0.5556640625 0.5703125 0.017578125 0.03125
0 0.5361328125 0.5703125 0.021484375 0.03125
0 0.4638671875 0.572265625 0.017578125 0.03515625
0 0.3974609375 0.576171875 0.013671875 0.02734375
0 0.3759765625 0.5771484375 0.017578125 0.033203125
0 0.3525390625 0.576171875 0.017578125 0.03515625
0 0.328125 0.5771484375 0.015625 0.033203125
0 0.306640625 0.578125 0.015625 0.03125
0 0.283203125 0.576171875 0.015625 0.03515625
0 0.2607421875 0.5791015625 0.017578125 0.029296875
0 0.169921875 0.58203125 0.01953125 0.03125
0 0.146484375 0.583984375 0.01171875 0.03125
0 0.125 0.5810546875 0.015625 0.033203125
0 0.1005859375 0.58203125 0.013671875 0.03125
0 0.078125 0.5859375 0.01953125 0.03515625
0 0.0126953125 0.58203125 0.017578125 0.03515625
0 0.27734375 0.6640625 0.01953125 0.03125
0 0.15625 0.7685546875 0.01953125 0.037109375
0 0.0927734375 0.7734375 0.041015625 0.01953125
0 0.09375 0.810546875 0.0390625 0.01953125
0 0.09765625 0.830078125 0.03515625 0.01953125
0 0.1044921875 0.8515625 0.048828125 0.0234375
0 0.1025390625 0.8916015625 0.044921875 0.021484375
0 0.1044921875 0.912109375 0.041015625 0.01953125
0 0.1015625 0.9306640625 0.03515625 0.017578125
0 0.0986328125 0.9521484375 0.041015625 0.021484375
0 0.103515625 0.9736328125 0.03515625 0.021484375
0 0.3828125 0.947265625 0.04296875 0.015625
0 0.3818359375 0.962890625 0.041015625 0.015625
0 0.3818359375 0.978515625 0.041015625 0.015625
0 0.4521484375 0.9716796875 0.017578125 0.033203125
0 0.4921875 0.970703125 0.0390625 0.015625
0 0.5654296875 0.9091796875 0.044921875 0.017578125
0 0.5703125 0.96875 0.0390625 0.01953125
0 0.62890625 0.8486328125 0.03515625 0.017578125
0 0.6787109375 0.84765625 0.037109375 0.015625
0 0.7255859375 0.8466796875 0.025390625 0.013671875
0 0.8046875 0.9755859375 0.03125 0.017578125
0 0.8076171875 0.9365234375 0.029296875 0.017578125
0 0.796875 0.8154296875 0.03515625 0.017578125
0 0.796875 0.7919921875 0.04296875 0.017578125
0 0.794921875 0.7705078125 0.03515625 0.017578125
0 0.79296875 0.7509765625 0.0390625 0.021484375
0 0.791015625 0.73046875 0.04296875 0.01953125
