0 0.5400390625 0.62109375 0.017578125 0.03125
0 0.546875 0.646484375 0.0390625 0.015625
0 0.548828125 0.6748046875 0.03125 0.021484375
0 0.814453125 0.267578125 0.01953125 0.03515625
0 0.4130859375 0.3017578125 0.021484375 0.029296875
0 0.3046875 0.0283203125 0.01953125 0.037109375
0 0.326171875 0.02734375 0.0234375 0.03515625
0 0.3525390625 0.0380859375 0.029296875 0.041015625
0 0.353515625 0.0947265625 0.0390625 0.021484375
0 0.21875 0.1826171875 0.01953125 0.037109375
0 0.279296875 0.2001953125 0.0234375 0.037109375
0 0.3056640625 0.1982421875 0.021484375 0.041015625
0 0.44140625 0.1748046875 0.01953125 0.037109375
0 0.4619140625 0.1748046875 0.021484375 0.037109375
0 0.3740234375 0.177734375 0.021484375 0.03515625
0 0.099609375 0.318359375 0.03515625 0.0546875
0 0.150390625 0.927734375 0.04296875 0.01953125
0 0.3134765625 0.8916015625 0.033203125 0.025390625
