0 0.359375 0.048828125 0.0390625 0.01953125
0 0.3642578125 0.0859375 0.041015625 0.01953125
0 0.369140625 0.1044921875 0.03515625 0.017578125
0 0.16796875 0.080078125 0.01953125 0.03515625
0 0.265625 0.05078125 0.03515625 0.01953125
0 0.2744140625 0.2587890625 0.037109375 0.021484375
0 0.369140625 0.1845703125 0.0390625 0.017578125
0 0.3720703125 0.216796875 0.037109375 0.01953125
0 0.3740234375 0.234375 0.029296875 0.015625
0 0.375 0.2529296875 0.03515625 0.017578125
0 0.3740234375 0.2734375 0.037109375 0.01953125
0 0.37890625 0.3740234375 0.03515625 0.017578125
0 0.38671875 0.6044921875 0.04296875 0.025390625
0 0.19140625 0.5791015625 0.01953125 0.037109375
0 0.181640625 0.4306640625 0.015625 0.029296875
0 0.22265625 0.875 0.015625 0.03515625
