0 0.2734375 0.9658203125 0.03515625 0.017578125
0 0.220703125 0.970703125 0.0390625 0.015625
0 0.1298828125 0.962890625 0.041015625 0.01953125
0 0.1240234375 0.8955078125 0.044921875 0.025390625
0 0.2197265625 0.8974609375 0.041015625 0.021484375
0 0.26953125 0.8779296875 0.0390625 0.021484375
0 0.2666015625 0.8427734375 0.037109375 0.017578125
0 0.2685546875 0.859375 0.041015625 0.015625
0 0.265625 0.896484375 0.03125 0.015625
0 0.2685546875 0.912109375 0.037109375 0.015625
0 0.2685546875 0.9287109375 0.037109375 0.017578125
0 0.2216796875 0.9326171875 0.041015625 0.025390625
0 0.212890625 0.8583984375 0.04296875 0.021484375
0 0.2197265625 0.8779296875 0.041015625 0.017578125
0 0.2109375 0.796875 0.04296875 0.01953125
0 0.125 0.83984375 0.0390625 0.01953125
0 0.1259765625 0.8193359375 0.037109375 0.021484375
0 0.1181640625 0.796875 0.037109375 0.0234375
0 0.130859375 0.9423828125 0.0390625 0.021484375
0 0.2041015625 0.7265625 0.037109375 0.01953125
0 0.2060546875 0.6845703125 0.041015625 0.017578125
0 0.2568359375 0.7001953125 0.037109375 0.017578125
0 0.259765625 0.7353515625 0.0390625 0.013671875
0 0.2607421875 0.76953125 0.037109375 0.01953125
0 0.26171875 0.787109375 0.0390625 0.015625
0 0.265625 0.7509765625 0.0390625 0.017578125
0 0.0634765625 0.91015625 0.033203125 0.0234375
0 0.05859375 0.88671875 0.03515625 0.0234375
0 0.9482421875 0.689453125 0.041015625 0.015625
0 0.9482421875 0.7060546875 0.041015625 0.017578125
0 0.9482421875 0.724609375 0.041015625 0.01953125
0 0.8505859375 0.6875 0.041015625 0.015625
0 0.849609375 0.6708984375 0.04296875 0.017578125
0 0.8056640625 0.654296875 0.044921875 0.01953125
0 0.798828125 0.58984375 0.0390625 0.01953125
0 0.798828125 0.5693359375 0.0390625 0.021484375
0 0.9482421875 0.62109375 0.037109375 0.01953125
0 0.982421875 0.5693359375 0.03515625 0.017578125
0 0.9384765625 0.51953125 0.041015625 0.01953125
0 0.8427734375 0.5234375 0.037109375 0.015625
0 0.84375 0.5400390625 0.0390625 0.017578125
0 0.8017578125 0.708984375 0.041015625 0.0234375
0 0.6748046875 0.7294921875 0.041015625 0.021484375
0 0.7177734375 0.74609375 0.044921875 0.015625
0 0.8486328125 0.736328125 0.041015625 0.015625
0 0.673828125 0.6455078125 0.04296875 0.021484375
0 0.609375 0.63671875 0.01953125 0.0390625
0 0.5751953125 0.669921875 0.044921875 0.01953125
0 0.5732421875 0.7314453125 0.041015625 0.017578125
0 0.5654296875 0.62890625 0.041015625 0.01953125
0 0.5595703125 0.5673828125 0.041015625 0.017578125
0 0.666015625 0.54296875 0.04296875 0.01953125
0 0.5625 0.6103515625 0.03515625 0.017578125
0 0.5673828125 0.6494140625 0.033203125 0.021484375
0 0.7119140625 0.599609375 0.041015625 0.0234375
0 0.7255859375 0.6748046875 0.044921875 0.021484375
0 0.6787109375 0.7060546875 0.033203125 0.025390625
0 0.6728515625 0.5810546875 0.037109375 0.017578125
0 0.66796875 0.5625 0.03515625 0.01953125
0 0.6669921875 0.6025390625 0.037109375 0.021484375
0 0.5693359375 0.69140625 0.041015625 0.01953125
0 0.5673828125 0.5869140625 0.033203125 0.021484375
0 0.5615234375 0.5458984375 0.041015625 0.017578125
0 0.5595703125 0.50390625 0.048828125 0.01953125
0 0.5546875 0.4833984375 0.0390625 0.021484375
0 0.5556640625 0.4619140625 0.037109375 0.021484375
0 0.5546875 0.4404296875 0.0390625 0.021484375
0 0.5517578125 0.3798828125 0.041015625 0.017578125
0 0.5537109375 0.3984375 0.044921875 0.01953125
0 0.7119140625 0.4423828125 0.037109375 0.025390625
0 0.7080078125 0.5009765625 0.037109375 0.025390625
0 0.6611328125 0.5 0.041015625 0.01953125
0 0.666015625 0.521484375 0.04296875 0.0234375
0 0.6611328125 0.478515625 0.041015625 0.0234375
0 0.666015625 0.45703125 0.03125 0.01953125
0 0.6640625 0.4384765625 0.03515625 0.017578125
0 0.5498046875 0.3388671875 0.037109375 0.017578125
0 0.5498046875 0.357421875 0.037109375 0.01953125
0 0.2001953125 0.65234375 0.033203125 0.01953125
0 0.251953125 0.6474609375 0.03515625 0.017578125
0 0.25390625 0.611328125 0.04296875 0.015625
0 0.25 0.5830078125 0.0390625 0.017578125
0 0.2001953125 0.587890625 0.041015625 0.0234375
0 0.11328125 0.5625 0.0390625 0.01953125
0 0.23828125 0.5087890625 0.0390625 0.017578125
0 0.2421875 0.439453125 0.04296875 0.01953125
0 0.2412109375 0.40234375 0.041015625 0.0234375
0 0.236328125 0.3701171875 0.046875 0.021484375
0 0.1875 0.3369140625 0.046875 0.025390625
0 0.0986328125 0.3564453125 0.044921875 0.021484375
0 0.1806640625 0.3046875 0.037109375 0.01953125
0 0.23828125 0.314453125 0.0390625 0.015625
0 0.08984375 0.451171875 0.03515625 0.01953125
0 0.109375 0.2109375 0.0390625 0.0234375
0 0.5712890625 0.7490234375 0.037109375 0.017578125
0 0.5712890625 0.7685546875 0.037109375 0.021484375
0 0.5732421875 0.7939453125 0.033203125 0.017578125
0 0.5751953125 0.81640625 0.041015625 0.0234375
0 0.578125 0.837890625 0.0390625 0.01953125
0 0.5771484375 0.8583984375 0.048828125 0.021484375
0 0.5791015625 0.900390625 0.037109375 0.01953125
0 0.5810546875 0.9189453125 0.037109375 0.017578125
0 0.5830078125 0.94140625 0.044921875 0.01953125
0 0.5830078125 0.9619140625 0.041015625 0.021484375
0 0.5830078125 0.9833984375 0.041015625 0.021484375
0 0.9814453125 0.55078125 0.037109375 0.01953125
0 0.982421875 0.533203125 0.03125 0.015625
0 0.9814453125 0.515625 0.033203125 0.01953125
0 0.939453125 0.537109375 0.03515625 0.015625
0 0.9423828125 0.5517578125 0.033203125 0.013671875
0 0.9453125 0.5673828125 0.03125 0.017578125
0 0.9462890625 0.5859375 0.033203125 0.01953125
0 0.7119140625 0.546875 0.037109375 0.01953125
0 0.80078125 0.498046875 0.0390625 0.0234375
0 0.84375 0.5078125 0.03515625 0.015625
0 0.8447265625 0.4892578125 0.037109375 0.017578125
0 0.8408203125 0.4560546875 0.037109375 0.017578125
0 0.796875 0.4423828125 0.0390625 0.017578125
0 0.7919921875 0.458984375 0.044921875 0.01953125
0 0.7998046875 0.4775390625 0.041015625 0.017578125
0 0.2138671875 0.2265625 0.041015625 0.01953125
