0 0.3017578125 0.0224609375 0.037109375 0.013671875
0 0.3095703125 0.0439453125 0.029296875 0.013671875
0 0.302734375 0.0625 0.03515625 0.01171875
0 0.3134765625 0.083984375 0.025390625 0.01171875
0 0.3037109375 0.125 0.021484375 0.01171875
0 0.4736328125 0.06640625 0.017578125 0.03125
0 0.3466796875 0.9765625 0.041015625 0.01953125
0 0.3447265625 0.9560546875 0.044921875 0.021484375
0 0.3466796875 0.9365234375 0.033203125 0.017578125
0 0.3427734375 0.9169921875 0.033203125 0.021484375
0 0.33984375 0.873046875 0.04296875 0.01953125
0 0.3388671875 0.833984375 0.033203125 0.01953125
0 0.4365234375 0.8115234375 0.021484375 0.048828125
0 0.333984375 0.7734375 0.0390625 0.01953125
0 0.3330078125 0.7919921875 0.037109375 0.017578125
0 0.333984375 0.7548828125 0.0390625 0.017578125
0 0.3349609375 0.7333984375 0.037109375 0.017578125
0 0.33203125 0.7138671875 0.0390625 0.021484375
0 0.3349609375 0.693359375 0.044921875 0.01953125
0 0.33203125 0.6728515625 0.0390625 0.021484375
0 0.33203125 0.587890625 0.0390625 0.015625
0 0.3291015625 0.5693359375 0.033203125 0.021484375
0 0.3291015625 0.548828125 0.033203125 0.01953125
0 0.3212890625 0.5146484375 0.037109375 0.021484375
0 0.32421875 0.4775390625 0.0390625 0.021484375
0 0.353515625 0.4853515625 0.01953125 0.037109375
0 0.3251953125 0.455078125 0.037109375 0.0234375
0 0.31640625 0.4208984375 0.03515625 0.017578125
0 0.3154296875 0.400390625 0.037109375 0.0234375
0 0.310546875 0.3544921875 0.03515625 0.025390625
0 0.408203125 0.3720703125 0.0234375 0.041015625
0 0.310546875 0.2919921875 0.0390625 0.021484375
0 0.373046875 0.26953125 0.02734375 0.04296875
0 0.310546875 0.2490234375 0.03125 0.021484375
0 0.3017578125 0.1435546875 0.041015625 0.029296875
0 0.0625 0.275390625 0.0234375 0.0390625
0 0.021484375 0.2744140625 0.04296875 0.021484375
0 0.025390625 0.3310546875 0.03515625 0.025390625
0 0.025390625 0.3544921875 0.03515625 0.021484375
0 0.0263671875 0.423828125 0.033203125 0.015625
0 0.0263671875 0.439453125 0.033203125 0.015625
0 0.02734375 0.458984375 0.03515625 0.0234375
0 0.025390625 0.4951171875 0.0390625 0.017578125
0 0.0419921875 0.6318359375 0.041015625 0.021484375
0 0.0419921875 0.6513671875 0.041015625 0.017578125
0 0.0419921875 0.671875 0.033203125 0.01953125
0 0.044921875 0.708984375 0.04296875 0.0234375
0 0.04296875 0.7294921875 0.0390625 0.017578125
0 0.048828125 0.7666015625 0.04296875 0.021484375
0 0.044921875 0.7861328125 0.03515625 0.017578125
0 0.0478515625 0.8046875 0.041015625 0.01953125
0 0.048828125 0.8232421875 0.04296875 0.017578125
0 0.048828125 0.8427734375 0.04296875 0.021484375
0 0.05078125 0.86328125 0.046875 0.01953125
0 0.052734375 0.880859375 0.0390625 0.015625
0 0.0537109375 0.8994140625 0.041015625 0.021484375
0 0.0556640625 0.962890625 0.041015625 0.01953125
0 0.0576171875 0.9873046875 0.033203125 0.017578125
1 0.5595703125 0.8466796875 0.029296875 0.083984375
1 0.583984375 0.845703125 0.02734375 0.078125
1 0.6044921875 0.8427734375 0.021484375 0.056640625
1 0.6259765625 0.84375 0.033203125 0.08203125
1 0.6708984375 0.8408203125 0.029296875 0.080078125
1 0.693359375 0.83984375 0.03125 0.08203125
1 0.716796875 0.8408203125 0.02734375 0.083984375
1 0.7392578125 0.84375 0.021484375 0.0625
1 0.7802734375 0.833984375 0.025390625 0.078125
1 0.8037109375 0.83203125 0.021484375 0.08203125
1 0.826171875 0.830078125 0.0234375 0.078125
1 0.8505859375 0.828125 0.025390625 0.0625
1 0.873046875 0.8271484375 0.01953125 0.056640625
1 0.8935546875 0.8271484375 0.033203125 0.076171875
1 0.9384765625 0.8251953125 0.025390625 0.076171875
1 0.9794921875 0.8203125 0.025390625 0.07421875
0 0.76171875 0.84765625 0.0234375 0.0390625
0 0.6708984375 0.908203125 0.044921875 0.02734375
0 0.92578125 0.9794921875 0.01953125 0.033203125
