0 0.4169921875 0.021484375 0.041015625 0.01953125
0 0.4169921875 0.0419921875 0.037109375 0.017578125
0 0.41796875 0.1474609375 0.03515625 0.021484375
0 0.0322265625 0.228515625 0.017578125 0.03125
0 0.4365234375 0.5859375 0.041015625 0.01953125
0 0.435546875 0.646484375 0.05078125 0.02734375
0 0.439453125 0.5595703125 0.04296875 0.021484375
0 0.4296875 0.423828125 0.0390625 0.01953125
0 0.779296875 0.4365234375 0.0234375 0.041015625
0 0.73828125 0.3603515625 0.01953125 0.033203125
0 0.80078125 0.3955078125 0.03125 0.029296875
0 0.794921875 0.3671875 0.03125 0.02734375
0 0.982421875 0.021484375 0.01953125 0.0390625
0 0.98828125 0.1162109375 0.015625 0.033203125
