0 0.0869140625 0.048828125 0.033203125 0.01953125
0 0.150390625 0.0400390625 0.01953125 0.041015625
0 0.169921875 0.03515625 0.01953125 0.03125
0 0.2275390625 0.0322265625 0.017578125 0.029296875
0 0.2275390625 0.091796875 0.037109375 0.01953125
0 0.232421875 0.1123046875 0.03125 0.021484375
0 0.16015625 0.1474609375 0.01953125 0.037109375
0 0.201171875 0.1494140625 0.015625 0.033203125
0 0.2197265625 0.1484375 0.017578125 0.03125
0 0.23828125 0.1474609375 0.015625 0.033203125
0 0.0947265625 0.16015625 0.041015625 0.01953125
0 0.1826171875 0.2001953125 0.021484375 0.033203125
0 0.1474609375 0.298828125 0.017578125 0.03515625
0 0.16796875 0.314453125 0.01953125 0.0390625
0 0.2119140625 0.3125 0.021484375 0.03515625
0 0.236328125 0.310546875 0.01953125 0.03515625
0 0.10546875 0.3203125 0.0390625 0.01953125
0 0.0947265625 0.3583984375 0.037109375 0.021484375
0 0.216796875 0.357421875 0.04296875 0.01953125
0 0.095703125 0.40625 0.04296875 0.01953125
0 0.1591796875 0.408203125 0.037109375 0.03125
0 0.24609375 0.4111328125 0.03515625 0.021484375
0 0.236328125 0.4287109375 0.03515625 0.021484375
0 0.1611328125 0.451171875 0.037109375 0.03515625
0 0.20703125 0.46484375 0.02734375 0.0390625
0 0.162109375 0.5048828125 0.03515625 0.037109375
0 0.25390625 0.525390625 0.0390625 0.0234375
0 0.30859375 0.5263671875 0.04296875 0.025390625
0 0.171875 0.5791015625 0.0390625 0.029296875
0 0.2685546875 0.5830078125 0.041015625 0.021484375
0 0.1708984375 0.6005859375 0.037109375 0.025390625
0 0.30859375 0.615234375 0.0234375 0.0390625
0 0.0283203125 0.5009765625 0.021484375 0.037109375
0 0.0615234375 0.70703125 0.021484375 0.03515625
0 0.048828125 0.783203125 0.01953125 0.03515625
0 0.1240234375 0.744140625 0.044921875 0.02734375
0 0.125 0.7822265625 0.0390625 0.017578125
0 0.1259765625 0.7998046875 0.041015625 0.017578125
0 0.0439453125 0.8369140625 0.025390625 0.041015625
0 0.1298828125 0.8271484375 0.041015625 0.021484375
0 0.1318359375 0.8603515625 0.041015625 0.017578125
0 0.1328125 0.8798828125 0.04296875 0.021484375
0 0.130859375 0.900390625 0.0390625 0.01953125
0 0.05078125 0.916015625 0.0234375 0.03515625
0 0.130859375 0.9375 0.04296875 0.01953125
0 0.1318359375 0.95703125 0.037109375 0.01953125
0 0.5947265625 0.943359375 0.017578125 0.0390625
