0 0.2060546875 0.626953125 0.037109375 0.03515625
1 0.2021484375 0.5908203125 0.056640625 0.044921875
1 0.2001953125 0.52734375 0.052734375 0.05078125
1 0.1982421875 0.486328125 0.056640625 0.046875
1 0.1923828125 0.40625 0.060546875 0.046875
1 0.19140625 0.373046875 0.0625 0.0390625
1 0.19140625 0.33984375 0.0625 0.046875
1 0.1865234375 0.306640625 0.056640625 0.05078125
1 0.1826171875 0.197265625 0.060546875 0.05078125
1 0.1796875 0.1591796875 0.05078125 0.048828125
1 0.1787109375 0.123046875 0.052734375 0.046875
1 0.1767578125 0.0859375 0.056640625 0.046875
1 0.17578125 0.0390625 0.05859375 0.046875
0 0.189453125 0.4384765625 0.0390625 0.029296875
