0 0.0849609375 0.95703125 0.021484375 0.03515625
0 0.11328125 0.9482421875 0.015625 0.033203125
0 0.1611328125 0.91796875 0.025390625 0.046875
0 0.1044921875 0.896484375 0.025390625 0.0390625
0 0.0791015625 0.8994140625 0.017578125 0.037109375
0 0.1337890625 0.8759765625 0.025390625 0.044921875
0 0.076171875 0.83203125 0.0234375 0.04296875
0 0.1015625 0.8427734375 0.02734375 0.048828125
0 0.130859375 0.8271484375 0.0234375 0.041015625
0 0.15625 0.826171875 0.02734375 0.04296875
0 0.0712890625 0.78125 0.021484375 0.04296875
0 0.09375 0.7724609375 0.0234375 0.041015625
0 0.125 0.767578125 0.01953125 0.03515625
0 0.1474609375 0.779296875 0.021484375 0.03515625
0 0.0654296875 0.728515625 0.021484375 0.0390625
0 0.08984375 0.73046875 0.0234375 0.03515625
0 0.1171875 0.720703125 0.0234375 0.03515625
0 0.1435546875 0.72265625 0.025390625 0.04296875
0 0.05859375 0.67578125 0.02734375 0.04296875
0 0.0830078125 0.6494140625 0.021484375 0.041015625
0 0.1162109375 0.6708984375 0.021484375 0.044921875
0 0.1416015625 0.66015625 0.025390625 0.04296875
0 0.0546875 0.619140625 0.0234375 0.04296875
0 0.107421875 0.6181640625 0.0234375 0.037109375
0 0.134765625 0.6025390625 0.02734375 0.044921875
0 0.048828125 0.5693359375 0.0234375 0.037109375
0 0.1005859375 0.5615234375 0.021484375 0.041015625
0 0.1279296875 0.5556640625 0.025390625 0.041015625
0 0.0791015625 0.5751953125 0.021484375 0.041015625
0 0.076171875 0.5078125 0.01953125 0.03515625
0 0.0439453125 0.51171875 0.025390625 0.04296875
0 0.0361328125 0.4580078125 0.025390625 0.052734375
0 0.0673828125 0.455078125 0.025390625 0.04296875
0 0.1103515625 0.408203125 0.029296875 0.04296875
0 0.0654296875 0.4130859375 0.021484375 0.033203125
0 0.0341796875 0.404296875 0.029296875 0.046875
0 0.0322265625 0.349609375 0.021484375 0.04296875
0 0.0537109375 0.3037109375 0.025390625 0.037109375
0 0.20703125 0.6435546875 0.01953125 0.041015625
1 0.197265625 0.2890625 0.02734375 0.0625
