0 0.0791015625 0.474609375 0.021484375 0.046875
0 0.1796875 0.453125 0.0234375 0.04296875
0 0.1552734375 0.4541015625 0.025390625 0.041015625
0 0.3564453125 0.4736328125 0.021484375 0.041015625
0 0.2841796875 0.4765625 0.021484375 0.0390625
0 0.447265625 0.4609375 0.0234375 0.0390625
0 0.5390625 0.4599609375 0.01953125 0.041015625
0 0.572265625 0.4404296875 0.0234375 0.044921875
0 0.638671875 0.43359375 0.0234375 0.0390625
0 0.7373046875 0.4384765625 0.025390625 0.041015625
0 0.6611328125 0.521484375 0.033203125 0.04296875
0 0.7890625 0.3291015625 0.02734375 0.044921875
0 0.8505859375 0.3203125 0.029296875 0.0390625
