0 0.837890625 0.3134765625 0.0390625 0.025390625
0 0.7138671875 0.330078125 0.021484375 0.03515625
0 0.7392578125 0.3271484375 0.017578125 0.037109375
0 0.8564453125 0.4130859375 0.037109375 0.021484375
0 0.8583984375 0.435546875 0.041015625 0.0234375
0 0.6201171875 0.3544921875 0.060546875 0.021484375
0 0.6220703125 0.376953125 0.044921875 0.0234375
0 0.6201171875 0.4013671875 0.041015625 0.025390625
0 0.3857421875 0.232421875 0.041015625 0.02734375
0 0.3173828125 0.2177734375 0.041015625 0.025390625
0 0.267578125 0.21875 0.0390625 0.03515625
0 0.2021484375 0.193359375 0.041015625 0.03515625
0 0.103515625 0.181640625 0.01953125 0.03515625
0 0.0615234375 0.2705078125 0.033203125 0.037109375
