0 0.4677734375 0.912109375 0.033203125 0.0234375
0 0.56640625 0.7529296875 0.04296875 0.017578125
0 0.330078125 0.673828125 0.04296875 0.02734375
0 0.2353515625 0.875 0.029296875 0.03515625
0 0.365234375 0.59375 0.02734375 0.03515625
0 0.5029296875 0.5380859375 0.025390625 0.041015625
0 0.552734375 0.525390625 0.02734375 0.0390625
0 0.396484375 0.2744140625 0.04296875 0.025390625
0 0.46875 0.15234375 0.0390625 0.0234375
0 0.7373046875 0.2529296875 0.021484375 0.033203125
0 0.896484375 0.251953125 0.0234375 0.0390625
0 0.65625 0.13671875 0.03515625 0.01953125
0 0.556640625 0.1298828125 0.03515625 0.017578125
0 0.65234375 0.0771484375 0.03515625 0.017578125
0 0.6513671875 0.0595703125 0.037109375 0.017578125
0 0.6474609375 0.013671875 0.041015625 0.01953125
