0 0.4072265625 0.4453125 0.041015625 0.01953125
0 0.3017578125 0.6904296875 0.013671875 0.033203125
0 0.326171875 0.7265625 0.01953125 0.0390625
0 0.3876953125 0.720703125 0.017578125 0.0390625
0 0.248046875 0.443359375 0.01953125 0.0390625
0 0.2685546875 0.44140625 0.021484375 0.03515625
0 0.2412109375 0.5654296875 0.017578125 0.037109375
0 0.3251953125 0.7275390625 0.021484375 0.041015625
0 0.30078125 0.685546875 0.02734375 0.04296875
0 0.236328125 0.6865234375 0.015625 0.033203125
0 0.216796875 0.68359375 0.0234375 0.0390625
0 0.1142578125 0.8662109375 0.017578125 0.041015625
0 0.2021484375 0.8662109375 0.021484375 0.044921875
