0 0.302734375 0.6064453125 0.015625 0.033203125
0 0.2626953125 0.60546875 0.021484375 0.03515625
0 0.525390625 0.478515625 0.02734375 0.015625
0 0.6162109375 0.83984375 0.041015625 0.0390625
0 0.6025390625 0.91015625 0.044921875 0.0234375
0 0.7373046875 0.91015625 0.044921875 0.0234375
0 0.1904296875 0.8662109375 0.021484375 0.041015625
0 0.212890625 0.63671875 0.04296875 0.01953125
0 0.259765625 0.60546875 0.0234375 0.04296875
0 0.302734375 0.6083984375 0.015625 0.037109375
0 0.27734375 0.751953125 0.01953125 0.0390625
0 0.41796875 0.859375 0.0234375 0.0390625
0 0.4580078125 0.876953125 0.021484375 0.0390625
