0 0.525390625 0.6162109375 0.01953125 0.041015625
0 0.4921875 0.625 0.01953125 0.03515625
0 0.439453125 0.623046875 0.01953125 0.03515625
0 0.4169921875 0.6259765625 0.021484375 0.037109375
0 0.3515625 0.625 0.01953125 0.03125
0 0.4794921875 0.728515625 0.025390625 0.0390625
0 0.4833984375 0.7646484375 0.033203125 0.033203125
0 0.48828125 0.9638671875 0.03515625 0.033203125
0 0.1484375 0.6318359375 0.0234375 0.041015625
0 0.65234375 0.6162109375 0.01953125 0.037109375
0 0.6240234375 0.6171875 0.021484375 0.04296875
0 0.5947265625 0.6201171875 0.037109375 0.037109375
0 0.865234375 0.9287109375 0.03125 0.025390625
0 0.9658203125 0.34375 0.056640625 0.01953125
