0 0.3701171875 0.921875 0.021484375 0.03125
1 0.080078125 0.8125 0.0703125 0.0390625
0 0.6796875 0.8544921875 0.046875 0.017578125
0 0.685546875 0.8310546875 0.03125 0.013671875
0 0.7919921875 0.6904296875 0.021484375 0.033203125
0 0.6416015625 0.6123046875 0.037109375 0.017578125
0 0.69921875 0.646484375 0.03125 0.02734375
0 0.765625 0.587890625 0.0390625 0.0234375
0 0.7744140625 0.5458984375 0.025390625 0.013671875
0 0.8349609375 0.6005859375 0.017578125 0.041015625
0 0.7978515625 0.39453125 0.017578125 0.04296875
0 0.8203125 0.396484375 0.02734375 0.046875
0 0.947265625 0.3974609375 0.04296875 0.021484375
0 0.3359375 0.9208984375 0.015625 0.044921875
