0 0.099609375 0.5791015625 0.0390625 0.017578125
0 0.09765625 0.55859375 0.0390625 0.015625
0 0.099609375 0.6005859375 0.03515625 0.013671875
0 0.1005859375 0.6220703125 0.037109375 0.013671875
0 0.1044921875 0.640625 0.037109375 0.015625
0 0.103515625 0.6630859375 0.0390625 0.013671875
0 0.099609375 0.6826171875 0.0390625 0.017578125
0 0.099609375 0.705078125 0.03515625 0.015625
0 0.1591796875 0.669921875 0.021484375 0.04296875
0 0.1044921875 0.7451171875 0.037109375 0.017578125
0 0.111328125 0.78125 0.03125 0.01953125
0 0.1064453125 0.8017578125 0.037109375 0.017578125
0 0.1064453125 0.8193359375 0.033203125 0.017578125
0 0.1083984375 0.8564453125 0.037109375 0.013671875
0 0.10546875 0.8798828125 0.02734375 0.017578125
0 0.0419921875 0.9208984375 0.021484375 0.037109375
0 0.3984375 0.6103515625 0.0390625 0.021484375
0 0.4921875 0.57421875 0.03515625 0.015625
0 0.4912109375 0.591796875 0.037109375 0.01171875
0 0.494140625 0.6103515625 0.0390625 0.017578125
0 0.4013671875 0.6796875 0.033203125 0.01953125
0 0.4033203125 0.7392578125 0.033203125 0.021484375
0 0.4052734375 0.759765625 0.037109375 0.01953125
0 0.4052734375 0.77734375 0.037109375 0.015625
0 0.40625 0.8115234375 0.03125 0.013671875
0 0.4072265625 0.8291015625 0.033203125 0.013671875
0 0.40625 0.8505859375 0.03515625 0.013671875
0 0.4072265625 0.869140625 0.041015625 0.015625
0 0.4072265625 0.888671875 0.037109375 0.015625
0 0.4140625 0.9462890625 0.03515625 0.017578125
0 0.49609375 0.8525390625 0.03515625 0.017578125
0 0.4970703125 0.888671875 0.037109375 0.01953125
0 0.509765625 0.013671875 0.0390625 0.0234375
0 0.4599609375 0.0361328125 0.041015625 0.017578125
0 0.4619140625 0.0546875 0.044921875 0.01953125
0 0.4658203125 0.0732421875 0.037109375 0.017578125
0 0.4697265625 0.107421875 0.044921875 0.01953125
0 0.46875 0.125 0.04296875 0.015625
0 0.47265625 0.1435546875 0.0390625 0.021484375
0 0.3642578125 0.013671875 0.041015625 0.01953125
0 0.373046875 0.0322265625 0.03125 0.017578125
0 0.375 0.05078125 0.03515625 0.01953125
0 0.3740234375 0.072265625 0.041015625 0.015625
0 0.3681640625 0.0908203125 0.044921875 0.013671875
0 0.3662109375 0.107421875 0.041015625 0.01953125
0 0.375 0.1484375 0.0390625 0.01953125
0 0.3779296875 0.1689453125 0.037109375 0.021484375
0 0.369140625 0.224609375 0.05078125 0.01953125
0 0.4775390625 0.1748046875 0.037109375 0.013671875
0 0.474609375 0.1923828125 0.04296875 0.017578125
0 0.46875 0.228515625 0.03515625 0.01953125
0 0.4697265625 0.263671875 0.041015625 0.01953125
0 0.51953125 0.1923828125 0.02734375 0.017578125
0 0.3828125 0.3203125 0.03125 0.01171875
0 0.3818359375 0.341796875 0.048828125 0.0234375
0 0.3837890625 0.419921875 0.041015625 0.015625
0 0.482421875 0.4365234375 0.03515625 0.021484375
0 0.3857421875 0.4384765625 0.044921875 0.021484375
0 0.384765625 0.4580078125 0.04296875 0.017578125
0 0.392578125 0.4970703125 0.046875 0.021484375
0 0.4833984375 0.4912109375 0.041015625 0.021484375
0 0.5283203125 0.4912109375 0.048828125 0.021484375
0 0.482421875 0.521484375 0.04296875 0.01953125
0 0.4833984375 0.541015625 0.044921875 0.01953125
0 0.3935546875 0.5380859375 0.041015625 0.017578125
0 0.400390625 0.6064453125 0.046875 0.025390625
0 0.544921875 0.6494140625 0.04296875 0.021484375
0 0.0966796875 0.6015625 0.044921875 0.01953125
0 0.0966796875 0.5810546875 0.044921875 0.021484375
0 0.09765625 0.5595703125 0.04296875 0.021484375
0 0.0966796875 0.537109375 0.044921875 0.0234375
0 0.0908203125 0.498046875 0.041015625 0.01953125
0 0.0908203125 0.4765625 0.041015625 0.0234375
0 0.0908203125 0.435546875 0.044921875 0.0234375
0 0.0888671875 0.39453125 0.052734375 0.01953125
0 0.0888671875 0.37109375 0.033203125 0.015625
0 0.0859375 0.3505859375 0.04296875 0.017578125
0 0.08984375 0.33203125 0.046875 0.01953125
0 0.08203125 0.3056640625 0.046875 0.021484375
0 0.08203125 0.28515625 0.0390625 0.01953125
0 0.08203125 0.2666015625 0.0390625 0.017578125
0 0.083984375 0.24609375 0.03515625 0.0234375
0 0.0810546875 0.2099609375 0.060546875 0.029296875
0 0.072265625 0.18359375 0.046875 0.0234375
0 0.0703125 0.140625 0.046875 0.01953125
0 0.076171875 0.107421875 0.05859375 0.03125
0 0.658203125 0.087890625 0.015625 0.04296875
0 0.65625 0.3134765625 0.0234375 0.052734375
0 0.78125 0.376953125 0.0234375 0.0546875
0 0.865234375 0.869140625 0.01953125 0.05078125
0 0.494140625 0.85546875 0.0390625 0.01953125
0 0.498046875 0.9296875 0.03515625 0.01953125
