0 0.0546875 0.068359375 0.01953125 0.03515625
0 0.0400390625 0.3994140625 0.017578125 0.029296875
0 0.0625 0.4072265625 0.015625 0.037109375
0 0.134765625 0.5078125 0.01953125 0.03515625
0 0.1435546875 0.4345703125 0.041015625 0.017578125
0 0.232421875 0.427734375 0.03515625 0.01953125
0 0.265625 0.5126953125 0.01953125 0.033203125
0 0.2900390625 0.509765625 0.017578125 0.03125
0 0.013671875 0.513671875 0.01953125 0.03515625
0 0.09375 0.5107421875 0.015625 0.037109375
0 0.32421875 0.5009765625 0.015625 0.037109375
0 0.2978515625 0.322265625 0.021484375 0.0390625
0 0.3388671875 0.322265625 0.021484375 0.0390625
0 0.36328125 0.32421875 0.01953125 0.0390625
0 0.3876953125 0.328125 0.017578125 0.03515625
0 0.4228515625 0.3212890625 0.017578125 0.037109375
0 0.443359375 0.3212890625 0.015625 0.029296875
0 0.3759765625 0.3876953125 0.021484375 0.037109375
0 0.421875 0.3916015625 0.01953125 0.037109375
0 0.421875 0.4306640625 0.05078125 0.021484375
0 0.4912109375 0.46875 0.017578125 0.03515625
0 0.5341796875 0.4091796875 0.017578125 0.037109375
0 0.34375 0.572265625 0.02734375 0.015625
0 0.443359375 0.578125 0.0390625 0.01953125
0 0.517578125 0.59375 0.03515625 0.03125
0 0.57421875 0.583984375 0.0234375 0.04296875
0 0.556640625 0.6923828125 0.015625 0.033203125
0 0.3525390625 0.7666015625 0.044921875 0.021484375
0 0.419921875 0.76171875 0.0390625 0.01953125
0 0.359375 0.8056640625 0.04296875 0.021484375
0 0.3544921875 0.859375 0.037109375 0.01953125
0 0.4248046875 0.9267578125 0.017578125 0.033203125
0 0.3623046875 0.9423828125 0.044921875 0.017578125
0 0.369140625 0.96484375 0.03515625 0.015625
0 0.3671875 0.9833984375 0.0390625 0.017578125
0 0.099609375 0.8427734375 0.015625 0.033203125
0 0.572265625 0.845703125 0.0234375 0.03125
0 0.7021484375 0.84765625 0.017578125 0.0390625
0 0.7216796875 0.8505859375 0.013671875 0.025390625
0 0.7412109375 0.841796875 0.017578125 0.03515625
0 0.763671875 0.841796875 0.015625 0.03515625
0 0.79296875 0.8408203125 0.0234375 0.033203125
0 0.822265625 0.8359375 0.015625 0.03125
0 0.8759765625 0.837890625 0.021484375 0.0390625
0 0.93359375 0.837890625 0.01953125 0.0390625
0 0.9521484375 0.833984375 0.017578125 0.03515625
0 0.9716796875 0.833984375 0.017578125 0.03515625
0 0.9912109375 0.8369140625 0.017578125 0.041015625
0 0.712890625 0.5361328125 0.04296875 0.021484375
0 0.826171875 0.5302734375 0.04296875 0.021484375
0 0.8447265625 0.490234375 0.025390625 0.03125
1 0.64453125 0.537109375 0.0625 0.0234375
0 0.291015625 0.1513671875 0.03515625 0.017578125
0 0.287109375 0.12109375 0.0390625 0.01953125
0 0.28515625 0.0654296875 0.04296875 0.017578125
0 0.28515625 0.044921875 0.0390625 0.015625
0 0.283203125 0.0244140625 0.03515625 0.017578125
0 0.2802734375 0.0068359375 0.037109375 0.013671875
0 0.453125 0.0341796875 0.03515625 0.017578125
0 0.3994140625 0.0693359375 0.017578125 0.037109375
0 0.4619140625 0.091796875 0.037109375 0.015625
0 0.4609375 0.0712890625 0.03125 0.017578125
0 0.7958984375 0.0244140625 0.033203125 0.013671875
0 0.7978515625 0.0419921875 0.041015625 0.013671875
0 0.7998046875 0.0595703125 0.037109375 0.013671875
0 0.7998046875 0.078125 0.037109375 0.015625
0 0.861328125 0.0791015625 0.03125 0.041015625
0 0.8017578125 0.1181640625 0.041015625 0.017578125
0 0.8037109375 0.1396484375 0.041015625 0.017578125
0 0.8037109375 0.1611328125 0.041015625 0.017578125
0 0.8037109375 0.1796875 0.041015625 0.01953125
0 0.806640625 0.2177734375 0.0390625 0.021484375
0 0.8095703125 0.2578125 0.037109375 0.01953125
0 0.8125 0.31640625 0.0390625 0.015625
0 0.8125 0.3369140625 0.04296875 0.017578125
0 0.8134765625 0.3818359375 0.041015625 0.017578125
0 0.876953125 0.3798828125 0.01953125 0.041015625
0 0.88671875 0.21484375 0.03515625 0.03125
0 0.6240234375 0.5712890625 0.033203125 0.021484375
