0 0.201171875 0.052734375 0.0390625 0.01953125
0 0.1826171875 0.2587890625 0.044921875 0.025390625
0 0.1884765625 0.458984375 0.037109375 0.01953125
0 0.0458984375 0.7451171875 0.044921875 0.021484375
0 0.1474609375 0.7451171875 0.044921875 0.021484375
0 0.115234375 0.7939453125 0.01953125 0.037109375
0 0.2509765625 0.783203125 0.037109375 0.01953125
0 0.2392578125 0.5986328125 0.044921875 0.021484375
0 0.244140625 0.673828125 0.04296875 0.01953125
0 0.2431640625 0.6943359375 0.037109375 0.021484375
0 0.5478515625 0.0517578125 0.021484375 0.041015625
0 0.3310546875 0.029296875 0.037109375 0.01953125
0 0.8486328125 0.3291015625 0.025390625 0.044921875
0 0.9609375 0.4619140625 0.015625 0.037109375
0 0.982421875 0.470703125 0.01953125 0.0390625
0 0.8935546875 0.666015625 0.021484375 0.04296875
0 0.8974609375 0.7158203125 0.021484375 0.041015625
0 0.900390625 0.7998046875 0.0234375 0.041015625
0 0.9130859375 0.9599609375 0.017578125 0.029296875
