0 0.7626953125 0.1572265625 0.037109375 0.025390625
1 0.908203125 0.123046875 0.02734375 0.06640625
0 0.86328125 0.1845703125 0.05078125 0.041015625
0 0.68359375 0.359375 0.0390625 0.01953125
0 0.6875 0.4169921875 0.04296875 0.021484375
0 0.6884765625 0.4404296875 0.044921875 0.025390625
0 0.7734375 0.3583984375 0.0390625 0.021484375
0 0.78515625 0.4296875 0.04296875 0.0234375
0 0.779296875 0.490234375 0.0390625 0.0234375
0 0.78125 0.5283203125 0.0390625 0.021484375
0 0.6923828125 0.525390625 0.041015625 0.01953125
0 0.6865234375 0.4013671875 0.033203125 0.021484375
0 0.6396484375 0.53125 0.025390625 0.0390625
0 0.0771484375 0.9384765625 0.021484375 0.041015625
0 0.103515625 0.9404296875 0.015625 0.041015625
0 0.0712890625 0.8193359375 0.029296875 0.041015625
0 0.2890625 0.794921875 0.0234375 0.0390625
0 0.3271484375 0.7958984375 0.017578125 0.033203125
0 0.34765625 0.7890625 0.01953125 0.03125
0 0.3818359375 0.798828125 0.017578125 0.03515625
0 0.4013671875 0.7919921875 0.021484375 0.048828125
0 0.4228515625 0.7958984375 0.021484375 0.037109375
0 0.4580078125 0.787109375 0.021484375 0.03515625
0 0.515625 0.8173828125 0.04296875 0.021484375
0 0.5107421875 0.78515625 0.021484375 0.04296875
0 0.5322265625 0.783203125 0.021484375 0.0390625
0 0.568359375 0.779296875 0.01953125 0.04296875
1 0.5751953125 0.7294921875 0.033203125 0.056640625
0 0.5556640625 0.8759765625 0.017578125 0.041015625
0 0.5732421875 0.8740234375 0.017578125 0.037109375
0 0.5927734375 0.8720703125 0.017578125 0.037109375
0 0.4365234375 0.841796875 0.037109375 0.01953125
0 0.3896484375 0.880859375 0.021484375 0.03515625
0 0.4482421875 0.876953125 0.017578125 0.0390625
0 0.455078125 0.736328125 0.01953125 0.0390625
0 0.5947265625 0.9248046875 0.017578125 0.041015625
0 0.5771484375 0.9267578125 0.017578125 0.037109375
0 0.65625 0.97265625 0.046875 0.01953125
0 0.65234375 0.953125 0.0390625 0.01953125
0 0.65234375 0.9345703125 0.0390625 0.017578125
0 0.65234375 0.91796875 0.0390625 0.015625
0 0.7587890625 0.1005859375 0.056640625 0.025390625
