0 0.6845703125 0.0263671875 0.017578125 0.029296875
0 0.783203125 0.025390625 0.01953125 0.03515625
0 0.76953125 0.19140625 0.0390625 0.01953125
0 0.767578125 0.2265625 0.03515625 0.015625
0 0.7666015625 0.2470703125 0.025390625 0.013671875
0 0.8720703125 0.2705078125 0.041015625 0.017578125
0 0.8740234375 0.29296875 0.037109375 0.015625
0 0.91796875 0.333984375 0.01953125 0.02734375
0 0.7734375 0.404296875 0.0390625 0.015625
0 0.779296875 0.423828125 0.0390625 0.015625
0 0.7783203125 0.486328125 0.037109375 0.015625
0 0.78125 0.5068359375 0.0390625 0.013671875
0 0.7841796875 0.52734375 0.033203125 0.015625
0 0.78515625 0.5478515625 0.0390625 0.017578125
0 0.7861328125 0.5703125 0.033203125 0.015625
0 0.7880859375 0.5908203125 0.037109375 0.017578125
0 0.7880859375 0.6259765625 0.041015625 0.021484375
0 0.7880859375 0.6484375 0.041015625 0.015625
0 0.7900390625 0.666015625 0.041015625 0.015625
0 0.7939453125 0.6865234375 0.041015625 0.017578125
0 0.791015625 0.7099609375 0.0390625 0.017578125
0 0.7919921875 0.732421875 0.041015625 0.01953125
0 0.794921875 0.751953125 0.03515625 0.015625
0 0.796875 0.775390625 0.04296875 0.01953125
0 0.8037109375 0.8056640625 0.037109375 0.017578125
0 0.8037109375 0.82421875 0.037109375 0.015625
0 0.798828125 0.845703125 0.0390625 0.01953125
0 0.8037109375 0.8681640625 0.037109375 0.017578125
0 0.806640625 0.8896484375 0.04296875 0.017578125
0 0.85546875 0.869140625 0.01953125 0.03515625
0 0.8486328125 0.7099609375 0.029296875 0.037109375
0 0.107421875 0.9443359375 0.04296875 0.013671875
0 0.107421875 0.9228515625 0.04296875 0.021484375
0 0.1005859375 0.8994140625 0.033203125 0.025390625
0 0.1015625 0.8779296875 0.03125 0.017578125
0 0.0986328125 0.8154296875 0.041015625 0.017578125
0 0.1025390625 0.8359375 0.041015625 0.0234375
0 0.1025390625 0.798828125 0.033203125 0.015625
0 0.099609375 0.7421875 0.0390625 0.0234375
0 0.1279296875 0.732421875 0.017578125 0.04296875
0 0.091796875 0.697265625 0.0390625 0.01953125
0 0.09765625 0.6591796875 0.03515625 0.013671875
0 0.09375 0.6357421875 0.03125 0.017578125
0 0.091796875 0.6181640625 0.02734375 0.017578125
0 0.0869140625 0.599609375 0.037109375 0.01953125
0 0.0947265625 0.5810546875 0.041015625 0.017578125
0 0.0869140625 0.537109375 0.041015625 0.015625
0 0.0888671875 0.5595703125 0.033203125 0.013671875
0 0.0888671875 0.5185546875 0.037109375 0.021484375
0 0.0849609375 0.4296875 0.029296875 0.01171875
0 0.0869140625 0.4521484375 0.029296875 0.017578125
0 0.0888671875 0.4736328125 0.029296875 0.013671875
0 0.08203125 0.4140625 0.03515625 0.01953125
0 0.0810546875 0.392578125 0.033203125 0.015625
0 0.08203125 0.3720703125 0.0390625 0.017578125
0 0.0791015625 0.3515625 0.037109375 0.0234375
0 0.0771484375 0.3125 0.037109375 0.01953125
0 0.1806640625 0.3369140625 0.041015625 0.021484375
0 0.1826171875 0.3720703125 0.033203125 0.021484375
0 0.0693359375 0.248046875 0.041015625 0.01953125
0 0.0712890625 0.2275390625 0.037109375 0.021484375
0 0.3623046875 0.369140625 0.041015625 0.01953125
0 0.501953125 0.4140625 0.04296875 0.0234375
0 0.501953125 0.4345703125 0.03125 0.017578125
0 0.4560546875 0.435546875 0.041015625 0.015625
0 0.453125 0.41796875 0.03515625 0.01953125
0 0.4580078125 0.4521484375 0.037109375 0.017578125
0 0.458984375 0.46875 0.0390625 0.015625
0 0.5048828125 0.4892578125 0.037109375 0.017578125
0 0.5029296875 0.5185546875 0.041015625 0.021484375
0 0.50390625 0.5380859375 0.03515625 0.017578125
0 0.51171875 0.5703125 0.0390625 0.0234375
0 0.46484375 0.591796875 0.04296875 0.01953125
0 0.458984375 0.5419921875 0.0390625 0.021484375
0 0.4599609375 0.51953125 0.037109375 0.0234375
0 0.0771484375 0.0595703125 0.021484375 0.041015625
0 0.056640625 0.060546875 0.01953125 0.0390625
0 0.0380859375 0.0634765625 0.017578125 0.033203125
