0 0.970703125 0.3681640625 0.01953125 0.033203125
0 0.98828125 0.2109375 0.015625 0.03125
0 0.9453125 0.212890625 0.01953125 0.02734375
0 0.87890625 0.0947265625 0.01953125 0.037109375
0 0.955078125 0.134765625 0.03515625 0.0234375
0 0.9482421875 0.1552734375 0.037109375 0.017578125
0 0.94921875 0.17578125 0.03515625 0.0234375
0 0.736328125 0.1201171875 0.0234375 0.044921875
0 0.76953125 0.109375 0.0234375 0.03515625
0 0.5947265625 0.2587890625 0.017578125 0.029296875
0 0.427734375 0.251953125 0.01953125 0.03515625
