0 0.939453125 0.2001953125 0.03515625 0.021484375
0 0.54296875 0.1689453125 0.01953125 0.033203125
0 0.5869140625 0.23046875 0.037109375 0.01953125
0 0.587890625 0.25 0.0390625 0.015625
0 0.2314453125 0.57421875 0.033203125 0.015625
0 0.220703125 0.6552734375 0.03515625 0.017578125
0 0.2314453125 0.7314453125 0.033203125 0.017578125
0 0.3662109375 0.5634765625 0.041015625 0.021484375
0 0.3662109375 0.62890625 0.041015625 0.01953125
0 0.3662109375 0.60546875 0.037109375 0.01953125
0 0.3544921875 0.6953125 0.041015625 0.01953125
0 0.4189453125 0.767578125 0.041015625 0.02734375
0 0.4921875 0.7822265625 0.04296875 0.025390625
0 0.5498046875 0.787109375 0.037109375 0.03125
0 0.8955078125 0.7626953125 0.025390625 0.033203125
0 0.9482421875 0.767578125 0.029296875 0.0390625
0 0.9775390625 0.7685546875 0.029296875 0.041015625
0 0.6669921875 0.7685546875 0.025390625 0.029296875
0 0.712890625 0.76953125 0.02734375 0.0234375
0 0.6142578125 0.7802734375 0.029296875 0.029296875
0 0.6103515625 0.7607421875 0.029296875 0.025390625
