0 0.0244140625 0.5576171875 0.017578125 0.037109375
0 0.05078125 0.5546875 0.02734375 0.03515625
0 0.1083984375 0.5458984375 0.021484375 0.029296875
0 0.408203125 0.4814453125 0.03515625 0.021484375
0 0.6845703125 0.5234375 0.017578125 0.0234375
0 0.70703125 0.5224609375 0.015625 0.025390625
0 0.84765625 0.533203125 0.01953125 0.02734375
0 0.546875 0.9384765625 0.04296875 0.017578125
0 0.552734375 0.958984375 0.0390625 0.01953125
0 0.662109375 0.24609375 0.0234375 0.05078125
0 0.7822265625 0.263671875 0.044921875 0.0234375
0 0.408203125 0.48046875 0.06640625 0.03515625
0 0.0576171875 0.119140625 0.041015625 0.0234375
0 0.046875 0.2060546875 0.046875 0.025390625
0 0.0576171875 0.0498046875 0.041015625 0.021484375
0 0.0576171875 0.02734375 0.041015625 0.0234375
