0 0.162109375 0.021484375 0.04296875 0.01953125
0 0.0283203125 0.1064453125 0.044921875 0.021484375
0 0.021484375 0.1259765625 0.03125 0.017578125
0 0.03125 0.080078125 0.03515625 0.01953125
0 0.0732421875 0.0791015625 0.037109375 0.017578125
0 0.0712890625 0.025390625 0.037109375 0.015625
0 0.0283203125 0.2626953125 0.044921875 0.021484375
0 0.16796875 0.1083984375 0.046875 0.021484375
0 0.1728515625 0.3125 0.044921875 0.0234375
0 0.1865234375 0.3935546875 0.044921875 0.021484375
0 0.1884765625 0.431640625 0.041015625 0.0234375
0 0.177734375 0.5166015625 0.0390625 0.025390625
0 0.091796875 0.4921875 0.0390625 0.01953125
0 0.0234375 0.478515625 0.0390625 0.01953125
0 0.0947265625 0.5791015625 0.041015625 0.025390625
0 0.099609375 0.6015625 0.03125 0.01953125
0 0.095703125 0.517578125 0.03515625 0.01953125
0 0.09375 0.658203125 0.04296875 0.01953125
0 0.0927734375 0.470703125 0.037109375 0.0234375
0 0.0947265625 0.400390625 0.044921875 0.0234375
0 0.0947265625 0.37109375 0.041015625 0.01953125
0 0.091796875 0.3466796875 0.0390625 0.021484375
0 0.0908203125 0.32421875 0.041015625 0.0234375
0 0.0263671875 0.2841796875 0.041015625 0.021484375
0 0.498046875 0.009765625 0.03515625 0.01953125
0 0.4931640625 0.03125 0.037109375 0.01953125
0 0.4951171875 0.0517578125 0.041015625 0.021484375
0 0.49609375 0.072265625 0.04296875 0.01953125
0 0.49609375 0.091796875 0.04296875 0.01953125
0 0.4990234375 0.111328125 0.037109375 0.01953125
0 0.5 0.130859375 0.0390625 0.01953125
0 0.5 0.15234375 0.0390625 0.0234375
0 0.5029296875 0.171875 0.037109375 0.015625
0 0.5048828125 0.1923828125 0.041015625 0.025390625
0 0.50390625 0.2138671875 0.046875 0.013671875
0 0.501953125 0.2294921875 0.04296875 0.017578125
0 0.505859375 0.2568359375 0.04296875 0.017578125
0 0.5068359375 0.27734375 0.041015625 0.015625
0 0.5068359375 0.294921875 0.041015625 0.01953125
0 0.5068359375 0.314453125 0.041015625 0.01953125
0 0.51171875 0.3349609375 0.03515625 0.021484375
0 0.5087890625 0.357421875 0.041015625 0.01953125
0 0.5087890625 0.4140625 0.037109375 0.01953125
0 0.5146484375 0.439453125 0.041015625 0.015625
0 0.5146484375 0.458984375 0.041015625 0.015625
0 0.5244140625 0.5009765625 0.037109375 0.017578125
0 0.705078125 0.6123046875 0.0234375 0.037109375
0 0.7236328125 0.6083984375 0.021484375 0.037109375
0 0.7734375 0.609375 0.0234375 0.0390625
0 0.7939453125 0.6083984375 0.025390625 0.037109375
0 0.8173828125 0.609375 0.025390625 0.0390625
0 0.8408203125 0.6064453125 0.021484375 0.033203125
0 0.861328125 0.6064453125 0.01953125 0.033203125
0 0.880859375 0.603515625 0.0234375 0.0390625
0 0.9072265625 0.5986328125 0.021484375 0.037109375
0 0.9306640625 0.603515625 0.017578125 0.0390625
0 0.9521484375 0.6044921875 0.017578125 0.041015625
0 0.970703125 0.6044921875 0.0234375 0.041015625
0 0.96875 0.5634765625 0.0390625 0.021484375
0 0.9326171875 0.07421875 0.041015625 0.015625
0 0.927734375 0.056640625 0.03515625 0.01953125
0 0.8818359375 0.0771484375 0.044921875 0.017578125
0 0.9287109375 0.0205078125 0.041015625 0.017578125
0 0.9267578125 0.0380859375 0.037109375 0.017578125
0 0.783203125 0.119140625 0.0390625 0.015625
0 0.2626953125 0.7470703125 0.021484375 0.041015625
0 0.4248046875 0.7314453125 0.017578125 0.041015625
0 0.4599609375 0.7275390625 0.017578125 0.037109375
0 0.935546875 0.169921875 0.03515625 0.02734375
0 0.892578125 0.203125 0.01953125 0.03125
0 0.8203125 0.1708984375 0.03515625 0.017578125
0 0.783203125 0.154296875 0.0390625 0.015625
0 0.7822265625 0.0458984375 0.037109375 0.013671875
0 0.783203125 0.0625 0.0390625 0.01953125
0 0.783203125 0.08203125 0.0390625 0.01953125
0 0.87890625 0.037109375 0.046875 0.015625
0 0.0166015625 0.189453125 0.033203125 0.01953125
0 0.1728515625 0.2880859375 0.044921875 0.025390625
0 0.1748046875 0.2294921875 0.037109375 0.017578125
0 0.1748046875 0.1640625 0.037109375 0.01953125
0 0.1796875 0.2080078125 0.0390625 0.017578125
0 0.0859375 0.1728515625 0.0390625 0.017578125
0 0.0791015625 0.24609375 0.041015625 0.01953125
