0 0.6845703125 0.1865234375 0.033203125 0.029296875
0 0.9052734375 0.169921875 0.041015625 0.03515625
0 0.7109375 0.5166015625 0.0390625 0.017578125
0 0.263671875 0.6201171875 0.0390625 0.029296875
0 0.3017578125 0.611328125 0.013671875 0.0234375
0 0.283203125 0.6396484375 0.03515625 0.021484375
0 0.283203125 0.66015625 0.0390625 0.01953125
0 0.1748046875 0.9130859375 0.041015625 0.025390625
0 0.1748046875 0.943359375 0.041015625 0.01953125
0 0.2939453125 0.7724609375 0.037109375 0.021484375
0 0.2900390625 0.83984375 0.037109375 0.01953125
0 0.2958984375 0.8623046875 0.037109375 0.017578125
0 0.2998046875 0.8798828125 0.033203125 0.017578125
0 0.30859375 0.900390625 0.03515625 0.01953125
0 0.2978515625 0.939453125 0.041015625 0.0234375
0 0.3056640625 0.974609375 0.037109375 0.0234375
