0 0.64453125 0.412109375 0.0390625 0.015625
0 0.7939453125 0.4375 0.037109375 0.0234375
0 0.80078125 0.4775390625 0.0390625 0.021484375
0 0.7939453125 0.5 0.033203125 0.01953125
0 0.8037109375 0.5458984375 0.041015625 0.025390625
0 0.9384765625 0.271484375 0.033203125 0.015625
0 0.9423828125 0.2919921875 0.041015625 0.017578125
0 0.9091796875 0.517578125 0.044921875 0.0234375
0 0.9169921875 0.5419921875 0.033203125 0.025390625
0 0.6640625 0.69921875 0.046875 0.02734375
0 0.7216796875 0.7001953125 0.029296875 0.044921875
