0 0.41015625 0.037109375 0.01953125 0.0390625
0 0.4130859375 0.0927734375 0.017578125 0.037109375
0 0.4375 0.0791015625 0.01953125 0.037109375
0 0.43359375 0.029296875 0.01953125 0.03515625
0 0.46484375 0.068359375 0.01953125 0.0390625
0 0.4404296875 0.1337890625 0.021484375 0.037109375
0 0.4697265625 0.1689453125 0.017578125 0.037109375
0 0.720703125 0.1953125 0.04296875 0.01953125
0 0.8310546875 0.189453125 0.041015625 0.01953125
0 0.8447265625 0.20703125 0.033203125 0.015625
0 0.9443359375 0.1826171875 0.041015625 0.017578125
0 0.9443359375 0.2021484375 0.041015625 0.021484375
0 0.9375 0.1044921875 0.046875 0.017578125
0 0.775390625 0.2490234375 0.03515625 0.017578125
0 0.8564453125 0.2958984375 0.044921875 0.021484375
0 0.9501953125 0.3193359375 0.041015625 0.021484375
0 0.9443359375 0.2998046875 0.033203125 0.017578125
0 0.8076171875 0.345703125 0.041015625 0.01953125
0 0.716796875 0.3994140625 0.0390625 0.021484375
0 0.814453125 0.4130859375 0.04296875 0.021484375
0 0.857421875 0.4296875 0.04296875 0.0234375
0 0.9521484375 0.4375 0.044921875 0.0234375
0 0.951171875 0.376953125 0.04296875 0.015625
0 0.951171875 0.39453125 0.04296875 0.01953125
0 0.857421875 0.3408203125 0.046875 0.017578125
0 0.86328125 0.3837890625 0.04296875 0.025390625
0 0.8603515625 0.4072265625 0.037109375 0.021484375
0 0.8203125 0.4736328125 0.04296875 0.021484375
0 0.673828125 0.4951171875 0.04296875 0.021484375
0 0.6708984375 0.5234375 0.037109375 0.015625
0 0.6708984375 0.544921875 0.033203125 0.01953125
0 0.7236328125 0.4921875 0.037109375 0.0234375
0 0.7158203125 0.4443359375 0.037109375 0.017578125
0 0.732421875 0.4228515625 0.03125 0.013671875
0 0.7236328125 0.546875 0.041015625 0.0234375
0 0.822265625 0.5146484375 0.0390625 0.021484375
0 0.818359375 0.453125 0.03515625 0.01953125
0 0.8623046875 0.4951171875 0.041015625 0.021484375
0 0.87109375 0.5166015625 0.0390625 0.021484375
0 0.9443359375 0.4609375 0.044921875 0.01953125
0 0.947265625 0.4814453125 0.0390625 0.021484375
0 0.9541015625 0.5263671875 0.033203125 0.017578125
0 0.95703125 0.5693359375 0.04296875 0.021484375
0 0.9580078125 0.58984375 0.044921875 0.01953125
0 0.9580078125 0.6103515625 0.044921875 0.021484375
0 0.8779296875 0.5869140625 0.044921875 0.021484375
0 0.8779296875 0.564453125 0.044921875 0.0234375
0 0.875 0.54296875 0.04296875 0.01953125
0 0.802734375 0.5859375 0.05078125 0.0234375
0 0.859375 0.626953125 0.0390625 0.0234375
0 0.8583984375 0.6474609375 0.037109375 0.017578125
0 0.8681640625 0.6669921875 0.037109375 0.021484375
0 0.8701171875 0.689453125 0.041015625 0.0234375
0 0.8251953125 0.7197265625 0.041015625 0.021484375
0 0.8701171875 0.7138671875 0.037109375 0.017578125
0 0.8740234375 0.7578125 0.048828125 0.0234375
0 0.962890625 0.662109375 0.03515625 0.01953125
0 0.96484375 0.7333984375 0.0390625 0.021484375
0 0.9638671875 0.7119140625 0.033203125 0.021484375
0 0.9658203125 0.7548828125 0.041015625 0.021484375
0 0.962890625 0.8037109375 0.04296875 0.017578125
0 0.962890625 0.822265625 0.04296875 0.01953125
0 0.6953125 0.7197265625 0.046875 0.025390625
0 0.6943359375 0.744140625 0.044921875 0.0234375
0 0.701171875 0.66796875 0.0390625 0.0234375
0 0.6962890625 0.6259765625 0.041015625 0.025390625
0 0.46875 0.78515625 0.03125 0.0546875
0 0.513671875 0.837890625 0.02734375 0.0546875
0 0.7060546875 0.8515625 0.044921875 0.02734375
0 0.7646484375 0.8642578125 0.041015625 0.021484375
0 0.76171875 0.9873046875 0.03515625 0.017578125
0 0.759765625 0.939453125 0.0390625 0.02734375
0 0.8291015625 0.9072265625 0.044921875 0.021484375
0 0.822265625 0.9267578125 0.03125 0.017578125
0 0.83203125 0.880859375 0.03515625 0.01953125
0 0.8740234375 0.8798828125 0.037109375 0.017578125
0 0.8720703125 0.826171875 0.037109375 0.015625
0 0.96875 0.9091796875 0.046875 0.021484375
0 0.705078125 0.31640625 0.046875 0.01953125
0 0.8173828125 0.990234375 0.033203125 0.01953125
0 0.9755859375 0.96484375 0.037109375 0.01953125
0 0.7041015625 0.2705078125 0.037109375 0.021484375
0 0.8310546875 0.09375 0.029296875 0.015625
0 0.935546875 0.0625 0.04296875 0.01953125
0 0.8720703125 0.779296875 0.044921875 0.01953125
0 0.865234375 0.8046875 0.05078125 0.02734375
0 0.7646484375 0.9013671875 0.041015625 0.021484375
0 0.88671875 0.9736328125 0.0390625 0.017578125
