0 0.232421875 0.4833984375 0.03515625 0.037109375
0 0.2451171875 0.51171875 0.033203125 0.02734375
0 0.1142578125 0.6259765625 0.017578125 0.037109375
0 0.080078125 0.7490234375 0.01953125 0.037109375
0 0.1337890625 0.75 0.017578125 0.04296875
0 0.2275390625 0.7470703125 0.017578125 0.037109375
0 0.248046875 0.744140625 0.01953125 0.03515625
0 0.3037109375 0.7412109375 0.017578125 0.037109375
0 0.337890625 0.73828125 0.01953125 0.0390625
0 0.359375 0.7392578125 0.01953125 0.037109375
0 0.185546875 0.8310546875 0.01953125 0.037109375
0 0.2216796875 0.8251953125 0.017578125 0.033203125
0 0.298828125 0.8251953125 0.01953125 0.037109375
0 0.435546875 0.73046875 0.015625 0.03125
0 0.4541015625 0.7353515625 0.021484375 0.037109375
0 0.44921875 0.818359375 0.01953125 0.0390625
0 0.4697265625 0.8134765625 0.017578125 0.029296875
0 0.501953125 0.81640625 0.01953125 0.03515625
0 0.5234375 0.810546875 0.01953125 0.0390625
0 0.5625 0.818359375 0.01953125 0.03515625
0 0.5830078125 0.8173828125 0.017578125 0.037109375
0 0.6201171875 0.8173828125 0.021484375 0.037109375
0 0.52734375 0.7314453125 0.015625 0.037109375
0 0.564453125 0.728515625 0.01953125 0.03515625
0 0.5859375 0.73046875 0.015625 0.03125
0 0.392578125 0.82421875 0.015625 0.03125
0 0.6220703125 0.7275390625 0.017578125 0.037109375
0 0.640625 0.72265625 0.01953125 0.03125
0 0.6416015625 0.8203125 0.017578125 0.0390625
0 0.6591796875 0.818359375 0.017578125 0.03515625
0 0.6796875 0.7236328125 0.015625 0.037109375
0 0.71875 0.728515625 0.01953125 0.0390625
0 0.6943359375 0.8125 0.017578125 0.03125
0 0.7138671875 0.81640625 0.021484375 0.03515625
0 0.76171875 0.7265625 0.01953125 0.03515625
0 0.7841796875 0.7255859375 0.017578125 0.033203125
0 0.8125 0.72265625 0.01953125 0.03515625
0 0.83984375 0.6025390625 0.015625 0.037109375
0 0.8603515625 0.6025390625 0.021484375 0.041015625
0 0.9384765625 0.59375 0.017578125 0.03515625
0 0.974609375 0.59765625 0.01953125 0.0390625
0 0.8603515625 0.7197265625 0.021484375 0.037109375
0 0.8818359375 0.7216796875 0.021484375 0.033203125
0 0.900390625 0.7216796875 0.01171875 0.029296875
0 0.916015625 0.7255859375 0.01953125 0.029296875
0 0.935546875 0.720703125 0.01953125 0.0390625
0 0.9755859375 0.71484375 0.017578125 0.0390625
0 0.8857421875 0.80859375 0.021484375 0.0390625
0 0.90625 0.80859375 0.01953125 0.03515625
0 0.2919921875 0.017578125 0.033203125 0.03125
0 0.291015625 0.0458984375 0.03125 0.029296875
0 0.2880859375 0.0673828125 0.037109375 0.037109375
0 0.2978515625 0.103515625 0.029296875 0.02734375
0 0.2978515625 0.134765625 0.037109375 0.03515625
0 0.2978515625 0.1611328125 0.029296875 0.029296875
0 0.203125 0.056640625 0.03125 0.03515625
0 0.3056640625 0.30078125 0.029296875 0.02734375
0 0.298828125 0.3212890625 0.02734375 0.029296875
0 0.6201171875 0.0244140625 0.041015625 0.017578125
0 0.626953125 0.0458984375 0.02734375 0.017578125
0 0.62109375 0.06640625 0.02734375 0.015625
0 0.6259765625 0.103515625 0.033203125 0.015625
0 0.6298828125 0.1474609375 0.037109375 0.017578125
0 0.6328125 0.16796875 0.03515625 0.015625
0 0.6298828125 0.189453125 0.037109375 0.015625
0 0.630859375 0.208984375 0.03515625 0.015625
0 0.6328125 0.228515625 0.0390625 0.015625
0 0.6298828125 0.2490234375 0.033203125 0.017578125
0 0.7880859375 0.052734375 0.017578125 0.03515625
0 0.8310546875 0.048828125 0.013671875 0.03125
0 0.857421875 0.0517578125 0.015625 0.037109375
0 0.87890625 0.05078125 0.015625 0.03515625
0 0.9072265625 0.048828125 0.017578125 0.03515625
0 0.98046875 0.134765625 0.015625 0.0390625
0 0.9150390625 0.3046875 0.013671875 0.03515625
0 0.9345703125 0.296875 0.013671875 0.0234375
