0 0.1279296875 0.3017578125 0.025390625 0.033203125
0 0.2080078125 0.2978515625 0.021484375 0.029296875
0 0.263671875 0.298828125 0.02734375 0.03515625
0 0.060546875 0.408203125 0.01953125 0.0390625
0 0.0869140625 0.4033203125 0.017578125 0.037109375
0 0.115234375 0.4033203125 0.015625 0.033203125
0 0.1484375 0.3974609375 0.015625 0.041015625
0 0.171875 0.40625 0.015625 0.0390625
0 0.1943359375 0.40234375 0.017578125 0.03125
0 0.2177734375 0.4013671875 0.013671875 0.033203125
0 0.23828125 0.40234375 0.015625 0.03515625
0 0.2578125 0.3974609375 0.015625 0.033203125
0 0.283203125 0.40234375 0.01953125 0.03515625
0 0.3701171875 0.3994140625 0.017578125 0.037109375
0 0.45703125 0.400390625 0.01953125 0.0390625
0 0.412109375 0.400390625 0.015625 0.03515625
0 0.095703125 0.466796875 0.0390625 0.015625
0 0.1669921875 0.4501953125 0.033203125 0.013671875
0 0.33984375 0.48828125 0.04296875 0.015625
0 0.44140625 0.484375 0.015625 0.0390625
0 0.462890625 0.4775390625 0.015625 0.029296875
0 0.4853515625 0.4814453125 0.017578125 0.029296875
