1 0.177734375 0.01953125 0.05859375 0.01953125
1 0.1796875 0.0380859375 0.0859375 0.025390625
1 0.1748046875 0.0810546875 0.052734375 0.017578125
1 0.2646484375 0.0498046875 0.021484375 0.052734375
1 0.28515625 0.0458984375 0.0234375 0.056640625
1 0.265625 0.1181640625 0.0234375 0.083984375
1 0.2919921875 0.1201171875 0.029296875 0.076171875
1 0.177734375 0.1025390625 0.05859375 0.025390625
1 0.1806640625 0.123046875 0.087890625 0.01953125
1 0.1796875 0.14453125 0.05859375 0.0234375
1 0.1826171875 0.1650390625 0.064453125 0.017578125
1 0.1806640625 0.1826171875 0.060546875 0.017578125
1 0.1806640625 0.2021484375 0.060546875 0.021484375
1 0.1806640625 0.2373046875 0.052734375 0.017578125
1 0.185546875 0.2568359375 0.0625 0.021484375
1 0.26953125 0.2275390625 0.02734375 0.076171875
1 0.294921875 0.2197265625 0.0234375 0.060546875
1 0.26171875 0.3447265625 0.0234375 0.060546875
1 0.1865234375 0.369140625 0.064453125 0.01953125
1 0.1845703125 0.392578125 0.060546875 0.02734375
1 0.1884765625 0.4228515625 0.056640625 0.017578125
1 0.1904296875 0.4423828125 0.060546875 0.021484375
1 0.1923828125 0.46484375 0.064453125 0.0234375
1 0.197265625 0.4892578125 0.0625 0.017578125
1 0.201171875 0.5078125 0.0546875 0.01953125
1 0.1982421875 0.5283203125 0.064453125 0.021484375
1 0.1884765625 0.5498046875 0.056640625 0.013671875
1 0.20703125 0.5673828125 0.08203125 0.021484375
1 0.2060546875 0.5908203125 0.083984375 0.017578125
1 0.2197265625 0.61328125 0.083984375 0.01953125
1 0.283203125 0.4052734375 0.03125 0.076171875
1 0.3056640625 0.4052734375 0.025390625 0.048828125
1 0.2890625 0.4794921875 0.0234375 0.060546875
1 0.30859375 0.46484375 0.01953125 0.05078125
0 0.06640625 0.8486328125 0.0234375 0.041015625
0 0.0693359375 0.896484375 0.017578125 0.03125
0 0.1796875 0.8955078125 0.015625 0.029296875
0 0.201171875 0.8935546875 0.015625 0.033203125
0 0.2685546875 0.8388671875 0.021484375 0.041015625
0 0.2734375 0.892578125 0.015625 0.02734375
0 0.310546875 0.8857421875 0.01953125 0.037109375
0 0.3232421875 0.83984375 0.017578125 0.02734375
0 0.3720703125 0.9736328125 0.025390625 0.048828125
0 0.42578125 0.82421875 0.0234375 0.0390625
0 0.3876953125 0.8251953125 0.025390625 0.037109375
0 0.3525390625 0.73828125 0.044921875 0.0234375
0 0.71484375 0.798828125 0.03515625 0.01953125
0 0.83203125 0.8271484375 0.0234375 0.041015625
0 0.7734375 0.8681640625 0.01953125 0.033203125
0 0.7900390625 0.9609375 0.021484375 0.0390625
0 0.84765625 0.8681640625 0.01953125 0.041015625
0 0.98828125 0.8017578125 0.01953125 0.041015625
