1 0.44140625 0.1865234375 0.0625 0.025390625
1 0.443359375 0.2080078125 0.06640625 0.017578125
1 0.44921875 0.2421875 0.0625 0.0234375
1 0.4482421875 0.263671875 0.060546875 0.01953125
1 0.4580078125 0.287109375 0.064453125 0.02734375
1 0.4619140625 0.314453125 0.072265625 0.02734375
1 0.4677734375 0.341796875 0.064453125 0.02734375
1 0.4716796875 0.359375 0.060546875 0.02734375
1 0.45703125 0.392578125 0.0625 0.02734375
1 0.458984375 0.4208984375 0.06640625 0.029296875
1 0.6396484375 0.529296875 0.025390625 0.078125
1 0.6650390625 0.5283203125 0.025390625 0.076171875
1 0.69140625 0.5283203125 0.02734375 0.076171875
1 0.7158203125 0.5244140625 0.029296875 0.083984375
1 0.64453125 0.62109375 0.03125 0.08984375
1 0.671875 0.619140625 0.02734375 0.09375
1 0.69921875 0.6171875 0.02734375 0.08984375
1 0.72265625 0.6171875 0.03515625 0.08984375
1 0.634765625 0.4443359375 0.02734375 0.076171875
1 0.6611328125 0.4453125 0.029296875 0.078125
1 0.6865234375 0.44140625 0.029296875 0.08203125
1 0.708984375 0.37109375 0.0234375 0.0546875
1 0.7314453125 0.384765625 0.025390625 0.0625
1 0.7529296875 0.384765625 0.029296875 0.0625
1 0.755859375 0.447265625 0.0234375 0.0625
1 0.7373046875 0.447265625 0.025390625 0.0625
1 0.712890625 0.443359375 0.03125 0.078125
1 0.6259765625 0.2353515625 0.033203125 0.091796875
1 0.65234375 0.232421875 0.03515625 0.0859375
1 0.701171875 0.228515625 0.03125 0.0859375
1 0.7255859375 0.25390625 0.029296875 0.06640625
1 0.72265625 0.1865234375 0.01953125 0.056640625
1 0.6201171875 0.1435546875 0.029296875 0.091796875
1 0.646484375 0.1396484375 0.0234375 0.083984375
1 0.6748046875 0.1396484375 0.025390625 0.087890625
1 0.69921875 0.140625 0.02734375 0.08984375
1 0.7236328125 0.1220703125 0.021484375 0.060546875
1 0.6162109375 0.0625 0.025390625 0.0625
1 0.6435546875 0.056640625 0.029296875 0.08203125
1 0.669921875 0.0537109375 0.03125 0.083984375
1 0.6923828125 0.048828125 0.029296875 0.0859375
1 0.71875 0.0546875 0.0234375 0.0625
1 0.146484375 0.021484375 0.0546875 0.0234375
1 0.4306640625 0.56640625 0.056640625 0.0234375
1 0.431640625 0.5439453125 0.0546875 0.021484375
0 0.755859375 0.75390625 0.046875 0.0234375
0 0.75390625 0.7763671875 0.04296875 0.021484375
0 0.5791015625 0.544921875 0.029296875 0.0390625
0 0.7626953125 0.9580078125 0.037109375 0.025390625
1 0.908203125 0.923828125 0.02734375 0.06640625
0 0.642578125 0.3798828125 0.03515625 0.017578125
0 0.7587890625 0.9013671875 0.056640625 0.025390625
