1 0.2412109375 0.5390625 0.021484375 0.0546875
1 0.2783203125 0.4990234375 0.021484375 0.052734375
1 0.2783203125 0.556640625 0.021484375 0.05078125
1 0.2080078125 0.6826171875 0.025390625 0.060546875
1 0.2138671875 0.751953125 0.025390625 0.0625
1 0.2158203125 0.826171875 0.021484375 0.05859375
1 0.220703125 0.9052734375 0.0234375 0.060546875
1 0.2958984375 0.9267578125 0.021484375 0.060546875
1 0.2900390625 0.73046875 0.021484375 0.0625
1 0.2861328125 0.6630859375 0.021484375 0.056640625
1 0.3330078125 0.486328125 0.017578125 0.046875
1 0.3525390625 0.4873046875 0.017578125 0.048828125
1 0.3779296875 0.48828125 0.013671875 0.046875
1 0.400390625 0.4853515625 0.015625 0.048828125
1 0.421875 0.482421875 0.01953125 0.05078125
1 0.50390625 0.4814453125 0.015625 0.037109375
1 0.5302734375 0.4775390625 0.021484375 0.044921875
1 0.5927734375 0.4736328125 0.017578125 0.041015625
1 0.6162109375 0.4736328125 0.017578125 0.037109375
1 0.6376953125 0.4736328125 0.017578125 0.041015625
1 0.6591796875 0.474609375 0.017578125 0.04296875
1 0.6796875 0.4736328125 0.01953125 0.041015625
1 0.7802734375 0.474609375 0.021484375 0.0546875
1 0.94921875 0.462890625 0.07421875 0.0546875
0 0.2607421875 0.86328125 0.021484375 0.0390625
0 0.0498046875 0.912109375 0.037109375 0.01953125
0 0.048828125 0.8740234375 0.04296875 0.025390625
0 0.044921875 0.8291015625 0.0390625 0.021484375
0 0.046875 0.7900390625 0.0390625 0.021484375
0 0.0419921875 0.7685546875 0.033203125 0.017578125
0 0.044921875 0.740234375 0.0390625 0.01953125
0 0.0361328125 0.642578125 0.037109375 0.01953125
0 0.0341796875 0.6015625 0.037109375 0.015625
0 0.083984375 0.525390625 0.0234375 0.04296875
0 0.2294921875 0.4892578125 0.029296875 0.037109375
0 0.916015625 0.4755859375 0.03125 0.021484375
1 0.3857421875 0.4296875 0.064453125 0.02734375
0 0.80078125 0.4208984375 0.0390625 0.021484375
0 0.01171875 0.32421875 0.0234375 0.0390625
0 0.1318359375 0.3779296875 0.037109375 0.021484375
0 0.12109375 0.318359375 0.015625 0.03515625
0 0.1416015625 0.318359375 0.017578125 0.04296875
0 0.162109375 0.3193359375 0.0234375 0.041015625
0 0.1845703125 0.318359375 0.021484375 0.0390625
0 0.205078125 0.3193359375 0.0234375 0.037109375
0 0.2275390625 0.31640625 0.021484375 0.04296875
0 0.1806640625 0.3818359375 0.041015625 0.021484375
0 0.2265625 0.3701171875 0.02734375 0.013671875
0 0.2861328125 0.3759765625 0.029296875 0.013671875
0 0.2490234375 0.314453125 0.017578125 0.03515625
0 0.265625 0.3134765625 0.01953125 0.044921875
0 0.28515625 0.314453125 0.01953125 0.03515625
0 0.3037109375 0.3154296875 0.021484375 0.041015625
0 0.32421875 0.30859375 0.015625 0.03515625
0 0.3291015625 0.3720703125 0.044921875 0.021484375
0 0.3828125 0.3701171875 0.04296875 0.021484375
0 0.423828125 0.3662109375 0.0390625 0.017578125
0 0.3994140625 0.3095703125 0.021484375 0.037109375
0 0.4189453125 0.30859375 0.021484375 0.0390625
0 0.4384765625 0.3076171875 0.017578125 0.037109375
0 0.4580078125 0.3076171875 0.021484375 0.041015625
0 0.4775390625 0.306640625 0.021484375 0.04296875
0 0.4990234375 0.3076171875 0.017578125 0.037109375
0 0.5205078125 0.3056640625 0.021484375 0.037109375
0 0.5419921875 0.3037109375 0.021484375 0.041015625
0 0.5751953125 0.291015625 0.021484375 0.04296875
0 0.4658203125 0.3681640625 0.041015625 0.021484375
0 0.51171875 0.3662109375 0.03515625 0.017578125
0 0.625 0.3056640625 0.01953125 0.041015625
0 0.6640625 0.30859375 0.01953125 0.03515625
0 0.693359375 0.2099609375 0.04296875 0.021484375
0 0.6904296875 0.1884765625 0.037109375 0.017578125
0 0.4580078125 0.2275390625 0.029296875 0.017578125
0 0.455078125 0.177734375 0.0390625 0.01953125
0 0.4541015625 0.138671875 0.041015625 0.01953125
0 0.451171875 0.115234375 0.03125 0.015625
0 0.4453125 0.0947265625 0.04296875 0.017578125
0 0.4453125 0.0732421875 0.0390625 0.017578125
0 0.451171875 0.0546875 0.03515625 0.01953125
0 0.53125 0.0419921875 0.03515625 0.021484375
0 0.5322265625 0.08203125 0.033203125 0.01953125
0 0.5341796875 0.1044921875 0.037109375 0.017578125
0 0.580078125 0.10546875 0.0390625 0.01953125
0 0.5390625 0.1416015625 0.0390625 0.021484375
0 0.54296875 0.1611328125 0.0390625 0.021484375
0 0.5859375 0.1298828125 0.03515625 0.017578125
0 0.5869140625 0.1552734375 0.041015625 0.021484375
0 0.5380859375 0.1806640625 0.033203125 0.021484375
0 0.5478515625 0.201171875 0.037109375 0.0234375
0 0.591796875 0.1787109375 0.03125 0.017578125
0 0.6826171875 0.115234375 0.033203125 0.015625
0 0.6923828125 0.13671875 0.033203125 0.015625
0 0.6826171875 0.0888671875 0.033203125 0.017578125
0 0.67578125 0.0693359375 0.03515625 0.013671875
0 0.6787109375 0.044921875 0.037109375 0.01953125
0 0.5703125 0.046875 0.0390625 0.01953125
