0 0.927734375 0.9482421875 0.03125 0.037109375
0 0.8974609375 0.935546875 0.033203125 0.0390625
0 0.7314453125 0.8779296875 0.033203125 0.033203125
0 0.3935546875 0.13671875 0.021484375 0.046875
0 0.4169921875 0.1396484375 0.025390625 0.037109375
0 0.529296875 0.17578125 0.015625 0.04296875
0 0.330078125 0.2099609375 0.0390625 0.029296875
0 0.244140625 0.2294921875 0.0234375 0.033203125
0 0.216796875 0.236328125 0.015625 0.03125
0 0.1513671875 0.2412109375 0.033203125 0.033203125
0 0.2900390625 0.314453125 0.017578125 0.03515625
0 0.26953125 0.3134765625 0.0234375 0.037109375
0 0.24609375 0.3154296875 0.0234375 0.033203125
0 0.22265625 0.3134765625 0.0234375 0.037109375
0 0.3017578125 0.376953125 0.013671875 0.02734375
0 0.1943359375 0.3828125 0.017578125 0.02734375
0 0.1806640625 0.306640625 0.029296875 0.046875
0 0.642578125 0.484375 0.046875 0.02734375
0 0.1650390625 0.642578125 0.029296875 0.0390625
0 0.2978515625 0.7001953125 0.025390625 0.044921875
0 0.60546875 0.828125 0.046875 0.02734375
0 0.7099609375 0.80859375 0.052734375 0.046875
0 0.6328125 0.9501953125 0.05078125 0.025390625
0 0.8671875 0.6591796875 0.046875 0.044921875
0 0.8818359375 0.6728515625 0.033203125 0.037109375
0 0.8935546875 0.689453125 0.029296875 0.03125
0 0.9326171875 0.6865234375 0.033203125 0.037109375
0 0.94921875 0.7041015625 0.03125 0.037109375
