0 0.4306640625 0.5185546875 0.041015625 0.021484375
0 0.4287109375 0.4873046875 0.037109375 0.025390625
0 0.3564453125 0.4853515625 0.037109375 0.021484375
0 0.447265625 0.3603515625 0.0390625 0.021484375
0 0.435546875 0.3251953125 0.03515625 0.025390625
0 0.41015625 0.2568359375 0.03515625 0.021484375
0 0.498046875 0.2783203125 0.0390625 0.025390625
0 0.54296875 0.2802734375 0.03515625 0.025390625
0 0.59765625 0.240234375 0.0390625 0.02734375
0 0.6220703125 0.28125 0.033203125 0.02734375
0 0.4873046875 0.2421875 0.044921875 0.0234375
0 0.4794921875 0.2236328125 0.037109375 0.021484375
0 0.4912109375 0.158203125 0.029296875 0.0390625
0 0.509765625 0.09375 0.02734375 0.04296875
