0 0.3115234375 0.30859375 0.041015625 0.01953125
0 0.3310546875 0.361328125 0.041015625 0.01953125
0 0.32421875 0.40625 0.04296875 0.01953125
0 0.3017578125 0.4326171875 0.041015625 0.017578125
0 0.322265625 0.5478515625 0.04296875 0.021484375
0 0.3310546875 0.5830078125 0.044921875 0.017578125
0 0.3310546875 0.61328125 0.041015625 0.01953125
0 0.3310546875 0.638671875 0.041015625 0.01953125
0 0.3310546875 0.6669921875 0.041015625 0.021484375
0 0.2783203125 0.6142578125 0.048828125 0.025390625
0 0.1728515625 0.5732421875 0.021484375 0.041015625
0 0.169921875 0.458984375 0.01953125 0.04296875
0 0.3564453125 0.796875 0.041015625 0.01953125
0 0.359375 0.849609375 0.0390625 0.01953125
0 0.3642578125 0.88671875 0.041015625 0.01953125
0 0.369140625 0.9052734375 0.03515625 0.017578125
0 0.1650390625 0.76953125 0.021484375 0.04296875
0 0.16796875 0.880859375 0.01953125 0.03515625
0 0.265625 0.8515625 0.03515625 0.01953125
0 0.36328125 0.7626953125 0.0390625 0.017578125
0 0.369140625 0.9853515625 0.0390625 0.017578125
0 0.822265625 0.0703125 0.0234375 0.04296875
