1 0.6376953125 0.9443359375 0.060546875 0.025390625
0 0.634765625 0.623046875 0.0390625 0.01953125
0 0.966796875 0.6123046875 0.0390625 0.021484375
0 0.96875 0.6328125 0.04296875 0.01953125
0 0.9755859375 0.693359375 0.044921875 0.0234375
0 0.9736328125 0.71484375 0.041015625 0.01953125
0 0.6376953125 0.640625 0.033203125 0.015625
0 0.64453125 0.6611328125 0.0390625 0.017578125
0 0.6435546875 0.822265625 0.044921875 0.01953125
0 0.59765625 0.8798828125 0.04296875 0.021484375
0 0.640625 0.88671875 0.03125 0.01953125
0 0.58984375 0.908203125 0.04296875 0.01953125
0 0.6396484375 0.90625 0.033203125 0.01953125
0 0.76953125 0.8837890625 0.0390625 0.017578125
0 0.7705078125 0.90234375 0.037109375 0.01953125
0 0.775390625 0.9345703125 0.03515625 0.021484375
0 0.7802734375 0.9677734375 0.029296875 0.017578125
0 0.65234375 0.98828125 0.0390625 0.0234375
0 0.984375 0.98046875 0.03125 0.015625
0 0.9609375 0.76953125 0.015625 0.03125
0 0.1552734375 0.0517578125 0.021484375 0.044921875
0 0.6025390625 0.0166015625 0.052734375 0.029296875
0 0.6005859375 0.0419921875 0.048828125 0.021484375
0 0.6142578125 0.064453125 0.041015625 0.0234375
0 0.6044921875 0.087890625 0.041015625 0.015625
0 0.4716796875 0.080078125 0.037109375 0.015625
0 0.4775390625 0.1240234375 0.041015625 0.017578125
0 0.4794921875 0.142578125 0.033203125 0.01953125
0 0.6064453125 0.1064453125 0.044921875 0.021484375
0 0.5556640625 0.1728515625 0.041015625 0.021484375
0 0.607421875 0.169921875 0.03515625 0.01953125
0 0.54296875 0.212890625 0.0390625 0.01953125
0 0.5439453125 0.23828125 0.041015625 0.015625
0 0.5380859375 0.2626953125 0.044921875 0.021484375
0 0.5078125 0.3076171875 0.03515625 0.021484375
0 0.4794921875 0.3798828125 0.037109375 0.017578125
0 0.5634765625 0.3115234375 0.037109375 0.017578125
0 0.580078125 0.3310546875 0.03515625 0.021484375
0 0.5712890625 0.35546875 0.033203125 0.01953125
0 0.62109375 0.359375 0.0390625 0.0234375
0 0.6240234375 0.4169921875 0.033203125 0.021484375
0 0.6240234375 0.45703125 0.041015625 0.01953125
0 0.572265625 0.5224609375 0.03515625 0.021484375
0 0.75 0.3466796875 0.03125 0.017578125
0 0.75 0.328125 0.03125 0.01953125
0 0.744140625 0.291015625 0.03125 0.01953125
0 0.7412109375 0.2734375 0.037109375 0.015625
0 0.7353515625 0.1484375 0.037109375 0.015625
0 0.740234375 0.1826171875 0.03515625 0.021484375
0 0.7294921875 0.095703125 0.033203125 0.015625
0 0.939453125 0.015625 0.0390625 0.015625
0 0.9423828125 0.0361328125 0.044921875 0.017578125
0 0.9423828125 0.076171875 0.037109375 0.01953125
0 0.9462890625 0.12109375 0.037109375 0.01953125
0 0.9423828125 0.162109375 0.037109375 0.015625
0 0.947265625 0.1845703125 0.03515625 0.017578125
0 0.943359375 0.2041015625 0.04296875 0.017578125
0 0.9482421875 0.2841796875 0.033203125 0.017578125
0 0.9541015625 0.3271484375 0.041015625 0.017578125
0 0.95703125 0.3662109375 0.0390625 0.017578125
0 0.958984375 0.3857421875 0.0390625 0.021484375
0 0.966796875 0.408203125 0.03515625 0.015625
0 0.966796875 0.4306640625 0.0390625 0.021484375
0 0.96484375 0.4697265625 0.03515625 0.017578125
0 0.9638671875 0.490234375 0.037109375 0.015625
0 0.9658203125 0.51171875 0.041015625 0.01953125
0 0.966796875 0.552734375 0.03515625 0.015625
0 0.9658203125 0.5751953125 0.041015625 0.017578125
