0 0.517578125 0.943359375 0.0390625 0.01953125
0 0.7119140625 0.1533203125 0.048828125 0.021484375
0 0.4873046875 0.033203125 0.044921875 0.015625
0 0.486328125 0.015625 0.046875 0.01953125
0 0.8466796875 0.0634765625 0.041015625 0.021484375
0 0.837890625 0.0185546875 0.04296875 0.021484375
0 0.798828125 0.0576171875 0.03125 0.041015625
0 0.8291015625 0.8681640625 0.025390625 0.044921875
0 0.8564453125 0.80078125 0.017578125 0.03515625
0 0.8828125 0.796875 0.01953125 0.03515625
0 0.986328125 0.7119140625 0.015625 0.029296875
0 0.9228515625 0.8212890625 0.044921875 0.017578125
0 0.9267578125 0.8603515625 0.048828125 0.017578125
0 0.9169921875 0.890625 0.048828125 0.01171875
0 0.9306640625 0.91015625 0.044921875 0.015625
0 0.9345703125 0.9296875 0.041015625 0.0234375
