0 0.943359375 0.42578125 0.0390625 0.02734375
0 0.640625 0.4111328125 0.0234375 0.041015625
0 0.6181640625 0.4130859375 0.021484375 0.037109375
0 0.5947265625 0.4072265625 0.025390625 0.037109375
0 0.466796875 0.40625 0.01953125 0.0390625
0 0.0498046875 0.328125 0.041015625 0.01953125
0 0.1259765625 0.3837890625 0.029296875 0.029296875
0 0.1376953125 0.4287109375 0.037109375 0.037109375
0 0.052734375 0.41796875 0.04296875 0.0234375
0 0.060546875 0.439453125 0.0390625 0.01953125
0 0.0615234375 0.458984375 0.041015625 0.01953125
