0 0.2451171875 0.4423828125 0.041015625 0.025390625
0 0.375 0.4248046875 0.04296875 0.025390625
0 0.5888671875 0.4501953125 0.033203125 0.021484375
0 0.9697265625 0.8798828125 0.021484375 0.041015625
1 0.0439453125 0.734375 0.025390625 0.06640625
1 0.0703125 0.7216796875 0.0234375 0.060546875
1 0.099609375 0.72265625 0.01953125 0.0546875
1 0.1298828125 0.716796875 0.021484375 0.0625
1 0.162109375 0.7216796875 0.0234375 0.060546875
1 0.1982421875 0.716796875 0.025390625 0.06640625
1 0.2373046875 0.716796875 0.021484375 0.0625
0 0.1796875 0.822265625 0.0625 0.02734375
0 0.185546875 0.8466796875 0.05078125 0.021484375
0 0.111328125 0.9453125 0.015625 0.0390625
0 0.138671875 0.939453125 0.01953125 0.0390625
1 0.2646484375 0.9267578125 0.025390625 0.064453125
