0 0.544921875 0.091796875 0.015625 0.02734375
0 0.5810546875 0.0810546875 0.017578125 0.041015625
0 0.6044921875 0.0830078125 0.013671875 0.029296875
0 0.8291015625 0.068359375 0.017578125 0.03125
0 0.4365234375 0.3212890625 0.041015625 0.021484375
0 0.484375 0.3193359375 0.03515625 0.017578125
0 0.541015625 0.3154296875 0.03515625 0.021484375
0 0.5947265625 0.3125 0.029296875 0.01953125
0 0.7041015625 0.306640625 0.037109375 0.01953125
0 0.4970703125 0.3505859375 0.037109375 0.013671875
0 0.6201171875 0.3466796875 0.037109375 0.013671875
0 0.6845703125 0.3408203125 0.037109375 0.013671875
0 0.84375 0.3173828125 0.03515625 0.025390625
1 0.9638671875 0.2900390625 0.056640625 0.017578125
