0 0.1611328125 0.29296875 0.017578125 0.03125
0 0.0869140625 0.298828125 0.021484375 0.0390625
0 0.8115234375 0.8974609375 0.033203125 0.017578125
0 0.8056640625 0.8759765625 0.041015625 0.025390625
0 0.7978515625 0.8525390625 0.041015625 0.021484375
1 0.8603515625 0.7685546875 0.029296875 0.060546875
0 0.8857421875 0.7646484375 0.021484375 0.041015625
0 0.5498046875 0.26171875 0.017578125 0.0390625
0 0.6162109375 0.251953125 0.017578125 0.03515625
0 0.638671875 0.259765625 0.015625 0.0390625
0 0.6884765625 0.2509765625 0.017578125 0.044921875
0 0.359375 0.2763671875 0.01953125 0.041015625
0 0.2783203125 0.2685546875 0.021484375 0.041015625
0 0.3251953125 0.1640625 0.021484375 0.04296875
0 0.205078125 0.1435546875 0.0390625 0.025390625
0 0.490234375 0.1640625 0.01171875 0.03125
0 0.58984375 0.140625 0.01953125 0.0390625
0 0.6162109375 0.1396484375 0.017578125 0.037109375
0 0.669921875 0.142578125 0.015625 0.03125
0 0.744140625 0.1279296875 0.01953125 0.029296875
0 0.8017578125 0.2431640625 0.017578125 0.033203125
0 0.8525390625 0.23828125 0.021484375 0.0390625
0 0.826171875 0.2412109375 0.015625 0.037109375
0 0.9287109375 0.1533203125 0.041015625 0.013671875
0 0.814453125 0.11328125 0.0390625 0.0234375
0 0.8583984375 0.1357421875 0.033203125 0.017578125
0 0.830078125 0.1572265625 0.03125 0.017578125
0 0.818359375 0.13671875 0.03125 0.0234375
