0 0.1787109375 0.103515625 0.017578125 0.03515625
0 0.1923828125 0.1494140625 0.021484375 0.044921875
0 0.2607421875 0.166015625 0.033203125 0.01953125
0 0.287109375 0.2041015625 0.03515625 0.017578125
0 0.15234375 0.234375 0.01953125 0.03125
0 0.283203125 0.2734375 0.0390625 0.01953125
0 0.2919921875 0.30078125 0.041015625 0.01953125
0 0.265625 0.1259765625 0.03125 0.029296875
0 0.2880859375 0.076171875 0.033203125 0.03125
0 0.5615234375 0.140625 0.041015625 0.04296875
0 0.1650390625 0.427734375 0.033203125 0.015625
