0 0.1376953125 0.9208984375 0.037109375 0.021484375
1 0.1259765625 0.7275390625 0.025390625 0.072265625
0 0.8056640625 0.5224609375 0.017578125 0.041015625
0 0.857421875 0.5166015625 0.015625 0.033203125
0 0.7373046875 0.525390625 0.017578125 0.0390625
0 0.6513671875 0.5263671875 0.021484375 0.037109375
0 0.4521484375 0.5400390625 0.017578125 0.037109375
0 0.52734375 0.693359375 0.04296875 0.0234375
0 0.525390625 0.71484375 0.0390625 0.01953125
0 0.5341796875 0.7353515625 0.041015625 0.021484375
0 0.615234375 0.8134765625 0.04296875 0.017578125
0 0.6123046875 0.83203125 0.037109375 0.01953125
0 0.1767578125 0.7724609375 0.021484375 0.044921875
0 0.8115234375 0.0966796875 0.033203125 0.017578125
0 0.8056640625 0.0751953125 0.041015625 0.025390625
0 0.7978515625 0.0517578125 0.041015625 0.021484375
0 0.1376953125 0.9208984375 0.044921875 0.025390625
1 0.1259765625 0.7294921875 0.033203125 0.080078125
1 0.2919921875 0.6884765625 0.041015625 0.080078125
