0 0.1796875 0.146484375 0.02734375 0.046875
0 0.1962890625 0.0283203125 0.021484375 0.029296875
0 0.2021484375 0.08203125 0.025390625 0.03515625
0 0.11328125 0.1640625 0.03515625 0.01953125
0 0.1611328125 0.298828125 0.025390625 0.03515625
0 0.1318359375 0.537109375 0.041015625 0.04296875
0 0.5126953125 0.5078125 0.029296875 0.05859375
0 0.578125 0.955078125 0.03515625 0.0390625
0 0.64453125 0.92578125 0.0234375 0.0390625
0 0.68359375 0.9306640625 0.015625 0.044921875
0 0.654296875 0.9814453125 0.03125 0.021484375
0 0.7216796875 0.9189453125 0.017578125 0.037109375
0 0.7646484375 0.923828125 0.025390625 0.04296875
0 0.8291015625 0.8310546875 0.017578125 0.037109375
0 0.84765625 0.8310546875 0.01953125 0.037109375
0 0.818359375 0.9169921875 0.0234375 0.041015625
0 0.83984375 0.91796875 0.01953125 0.04296875
0 0.8583984375 0.912109375 0.017578125 0.03125
0 0.9638671875 0.830078125 0.025390625 0.04296875
0 0.9404296875 0.9111328125 0.017578125 0.041015625
0 0.9755859375 0.9091796875 0.017578125 0.041015625
