0 0.8251953125 0.9775390625 0.044921875 0.021484375
0 0.765625 0.9736328125 0.03125 0.013671875
0 0.7626953125 0.951171875 0.037109375 0.015625
0 0.818359375 0.9443359375 0.05078125 0.017578125
0 0.81640625 0.9287109375 0.03125 0.013671875
0 0.76171875 0.9091796875 0.05078125 0.025390625
0 0.8193359375 0.857421875 0.044921875 0.02734375
0 0.7265625 0.740234375 0.046875 0.0234375
0 0.6953125 0.689453125 0.01953125 0.0390625
0 0.8505859375 0.58984375 0.021484375 0.05078125
0 0.7353515625 0.5810546875 0.021484375 0.044921875
0 0.7109375 0.5810546875 0.02734375 0.044921875
0 0.6455078125 0.5810546875 0.033203125 0.048828125
0 0.5107421875 0.5849609375 0.017578125 0.033203125
0 0.4677734375 0.587890625 0.021484375 0.04296875
0 0.4033203125 0.59375 0.021484375 0.04296875
0 0.3818359375 0.59375 0.021484375 0.04296875
0 0.359375 0.5966796875 0.0234375 0.037109375
0 0.3369140625 0.5966796875 0.021484375 0.037109375
0 0.318359375 0.595703125 0.015625 0.0390625
0 0.3251953125 0.65625 0.052734375 0.02734375
0 0.318359375 0.7099609375 0.02734375 0.056640625
0 0.384765625 0.701171875 0.0234375 0.05078125
1 0.279296875 0.8076171875 0.09375 0.021484375
1 0.2802734375 0.8349609375 0.095703125 0.021484375
1 0.27734375 0.8935546875 0.08203125 0.017578125
1 0.27734375 0.8720703125 0.0859375 0.017578125
1 0.2822265625 0.9189453125 0.091796875 0.017578125
1 0.28515625 0.947265625 0.08984375 0.01953125
1 0.283203125 0.97265625 0.0859375 0.015625
1 0.1181640625 0.9765625 0.056640625 0.01171875
1 0.1220703125 0.9345703125 0.080078125 0.017578125
1 0.1181640625 0.875 0.064453125 0.015625
1 0.1171875 0.857421875 0.046875 0.01171875
1 0.115234375 0.837890625 0.05859375 0.01171875
1 0.0634765625 0.708984375 0.013671875 0.05078125
1 0.0419921875 0.7119140625 0.017578125 0.048828125
1 0.0234375 0.7109375 0.01953125 0.05078125
