0 0.548828125 0.0380859375 0.02734375 0.033203125
0 0.4921875 0.1845703125 0.02734375 0.025390625
0 0.408203125 0.2626953125 0.03125 0.033203125
0 0.5029296875 0.28125 0.029296875 0.02734375
0 0.4853515625 0.294921875 0.033203125 0.02734375
0 0.462890625 0.314453125 0.03125 0.03515625
0 0.4453125 0.341796875 0.03125 0.02734375
0 0.376953125 0.3125 0.03515625 0.0390625
0 0.7568359375 0.55859375 0.041015625 0.0390625
0 0.7705078125 0.5732421875 0.037109375 0.033203125
0 0.7822265625 0.5966796875 0.037109375 0.037109375
