0 0.4345703125 0.5654296875 0.017578125 0.041015625
0 0.4091796875 0.5634765625 0.021484375 0.041015625
0 0.267578125 0.5712890625 0.0390625 0.025390625
0 0.25390625 0.6201171875 0.04296875 0.021484375
0 0.16015625 0.58203125 0.01953125 0.0390625
0 0.076171875 0.587890625 0.0234375 0.0390625
0 0.037109375 0.5849609375 0.01953125 0.029296875
0 0.0712890625 0.1728515625 0.021484375 0.041015625
0 0.0751953125 0.2333984375 0.021484375 0.041015625
0 0.0751953125 0.27734375 0.017578125 0.04296875
0 0.087890625 0.1708984375 0.015625 0.037109375
