0 0.0283203125 0.869140625 0.017578125 0.03125
0 0.201171875 0.8603515625 0.01953125 0.041015625
0 0.2236328125 0.857421875 0.013671875 0.0390625
0 0.2431640625 0.8583984375 0.017578125 0.037109375
0 0.296875 0.85546875 0.01953125 0.0390625
0 0.3173828125 0.857421875 0.017578125 0.02734375
0 0.337890625 0.8544921875 0.01953125 0.037109375
0 0.548828125 0.814453125 0.01953125 0.04296875
0 0.5693359375 0.943359375 0.037109375 0.0234375
0 0.6396484375 0.9619140625 0.017578125 0.033203125
0 0.7978515625 0.818359375 0.017578125 0.02734375
0 0.822265625 0.8134765625 0.01953125 0.029296875
0 0.8544921875 0.8076171875 0.021484375 0.041015625
0 0.876953125 0.8115234375 0.015625 0.029296875
0 0.177734375 0.70703125 0.01953125 0.0390625
0 0.26171875 0.705078125 0.01953125 0.03515625
0 0.3349609375 0.7158203125 0.017578125 0.033203125
0 0.6015625 0.58203125 0.01953125 0.0390625
0 0.5751953125 0.5859375 0.021484375 0.04296875
0 0.921875 0.265625 0.04296875 0.01953125
0 0.041015625 0.1904296875 0.015625 0.037109375
0 0.0634765625 0.1875 0.017578125 0.04296875
0 0.0849609375 0.123046875 0.041015625 0.0390625
0 0.078125 0.09375 0.0390625 0.03515625
