0 0.7587890625 0.8232421875 0.021484375 0.044921875
0 0.6005859375 0.83203125 0.021484375 0.03515625
0 0.6552734375 0.8310546875 0.017578125 0.041015625
0 0.67578125 0.8310546875 0.0234375 0.041015625
0 0.54296875 0.76953125 0.03515625 0.0234375
0 0.5517578125 0.50390625 0.041015625 0.03515625
0 0.7451171875 0.4462890625 0.037109375 0.021484375
0 0.7451171875 0.4111328125 0.041015625 0.021484375
0 0.7373046875 0.3154296875 0.044921875 0.025390625
0 0.7841796875 0.337890625 0.037109375 0.0234375
0 0.74609375 0.2783203125 0.04296875 0.021484375
0 0.75390625 0.2568359375 0.0390625 0.017578125
0 0.7587890625 0.2373046875 0.048828125 0.021484375
0 0.7626953125 0.2158203125 0.041015625 0.021484375
0 0.77734375 0.140625 0.03515625 0.01953125
0 0.7392578125 0.12890625 0.041015625 0.01953125
0 0.74609375 0.1064453125 0.046875 0.025390625
0 0.736328125 0.0498046875 0.04296875 0.017578125
0 0.7373046875 0.068359375 0.044921875 0.01953125
0 0.736328125 0.03125 0.0390625 0.01953125
