0 0.3994140625 0.2509765625 0.037109375 0.021484375
0 0.416015625 0.2890625 0.0390625 0.0234375
0 0.3896484375 0.4453125 0.041015625 0.0234375
0 0.412109375 0.7119140625 0.046875 0.025390625
0 0.4140625 0.8037109375 0.0390625 0.017578125
0 0.455078125 0.7939453125 0.015625 0.029296875
0 0.4169921875 0.822265625 0.041015625 0.01953125
0 0.4169921875 0.8427734375 0.037109375 0.017578125
0 0.41796875 0.9482421875 0.03515625 0.021484375
0 0.982421875 0.822265625 0.01953125 0.0390625
0 0.98828125 0.9169921875 0.015625 0.033203125
