0 0.2646484375 0.0986328125 0.044921875 0.021484375
0 0.3212890625 0.0556640625 0.021484375 0.041015625
0 0.5009765625 0.0185546875 0.021484375 0.037109375
0 0.111328125 0.2109375 0.0390625 0.01953125
0 0.15234375 0.208984375 0.04296875 0.015625
0 0.265625 0.203125 0.03515625 0.01953125
0 0.345703125 0.2568359375 0.0234375 0.037109375
0 0.025390625 0.46484375 0.01953125 0.03515625
0 0.072265625 0.4619140625 0.015625 0.037109375
0 0.095703125 0.4609375 0.01953125 0.0390625
0 0.0751953125 0.552734375 0.017578125 0.03515625
0 0.115234375 0.4580078125 0.01953125 0.033203125
0 0.138671875 0.455078125 0.015625 0.02734375
0 0.1591796875 0.4560546875 0.013671875 0.033203125
0 0.224609375 0.4619140625 0.01953125 0.033203125
0 0.244140625 0.4599609375 0.01953125 0.029296875
0 0.30859375 0.63671875 0.0390625 0.01953125
0 0.3154296875 0.6787109375 0.033203125 0.021484375
0 0.3125 0.74609375 0.04296875 0.01953125
0 0.37109375 0.447265625 0.015625 0.02734375
0 0.396484375 0.4453125 0.01953125 0.03515625
0 0.4033203125 0.5 0.041015625 0.01953125
0 0.439453125 0.4501953125 0.015625 0.033203125
0 0.498046875 0.439453125 0.015625 0.03515625
0 0.607421875 0.603515625 0.0234375 0.04296875
0 0.6240234375 0.6884765625 0.037109375 0.013671875
0 0.623046875 0.705078125 0.03515625 0.01953125
0 0.7939453125 0.4951171875 0.041015625 0.033203125
0 0.62890625 0.78125 0.04296875 0.01953125
0 0.6240234375 0.25 0.025390625 0.04296875
0 0.556640625 0.24609375 0.0234375 0.03515625
0 0.833984375 0.2138671875 0.02734375 0.048828125
0 0.5517578125 0.1015625 0.041015625 0.0234375
0 0.755859375 0.060546875 0.0390625 0.0234375
0 0.87109375 0.1123046875 0.0390625 0.029296875
0 0.77734375 0.0947265625 0.03515625 0.021484375
0 0.705078125 0.1025390625 0.0546875 0.025390625
0 0.833984375 0.2587890625 0.02734375 0.041015625
0 0.095703125 0.9638671875 0.03515625 0.041015625
0 0.3154296875 0.7822265625 0.041015625 0.017578125
0 0.318359375 0.8232421875 0.0546875 0.017578125
0 0.322265625 0.8447265625 0.04296875 0.025390625
0 0.3212890625 0.865234375 0.041015625 0.015625
0 0.322265625 0.8837890625 0.04296875 0.021484375
0 0.3212890625 0.904296875 0.041015625 0.01953125
0 0.32421875 0.9296875 0.03515625 0.015625
0 0.326171875 0.94921875 0.0390625 0.0234375
0 0.9228515625 0.759765625 0.037109375 0.0234375
0 0.833984375 0.8154296875 0.0234375 0.048828125
0 0.689453125 0.796875 0.02734375 0.04296875
0 0.62890625 0.7783203125 0.046875 0.021484375
0 0.626953125 0.7978515625 0.04296875 0.017578125
0 0.626953125 0.8154296875 0.04296875 0.017578125
0 0.6337890625 0.85546875 0.029296875 0.01953125
0 0.6357421875 0.923828125 0.037109375 0.01953125
0 0.638671875 0.9619140625 0.0390625 0.017578125
