0 0.16796875 0.943359375 0.04296875 0.0234375
0 0.16796875 0.8857421875 0.046875 0.017578125
0 0.166015625 0.861328125 0.04296875 0.015625
0 0.1640625 0.8193359375 0.04296875 0.017578125
0 0.1650390625 0.8017578125 0.041015625 0.017578125
0 0.1630859375 0.7822265625 0.044921875 0.021484375
0 0.162109375 0.7578125 0.0390625 0.02734375
0 0.1572265625 0.734375 0.041015625 0.01953125
0 0.1552734375 0.71484375 0.044921875 0.01953125
0 0.16015625 0.6953125 0.03515625 0.01953125
0 0.16015625 0.6767578125 0.03515625 0.017578125
0 0.1591796875 0.65625 0.037109375 0.0234375
0 0.2041015625 0.6826171875 0.025390625 0.041015625
0 0.0537109375 0.505859375 0.021484375 0.0390625
0 0.076171875 0.5029296875 0.01953125 0.044921875
0 0.1708984375 0.4990234375 0.017578125 0.033203125
0 0.189453125 0.4990234375 0.01953125 0.033203125
0 0.2080078125 0.4990234375 0.017578125 0.033203125
0 0.2333984375 0.4990234375 0.017578125 0.044921875
0 0.2587890625 0.494140625 0.013671875 0.0390625
0 0.275390625 0.494140625 0.01953125 0.0390625
0 0.3017578125 0.498046875 0.017578125 0.046875
0 0.3212890625 0.4951171875 0.021484375 0.041015625
0 0.34375 0.4990234375 0.0234375 0.029296875
0 0.369140625 0.4951171875 0.0234375 0.041015625
0 0.4140625 0.4921875 0.02734375 0.0390625
0 0.45703125 0.4921875 0.01953125 0.0390625
0 0.4990234375 0.4892578125 0.025390625 0.041015625
0 0.57421875 0.486328125 0.03515625 0.046875
0 0.6201171875 0.4853515625 0.021484375 0.041015625
0 0.7314453125 0.4775390625 0.017578125 0.033203125
0 0.7568359375 0.4794921875 0.017578125 0.037109375
0 0.78125 0.4794921875 0.01953125 0.037109375
0 0.80078125 0.48046875 0.01953125 0.0390625
0 0.822265625 0.4794921875 0.0234375 0.037109375
0 0.845703125 0.48046875 0.0234375 0.0390625
0 0.87109375 0.4765625 0.01953125 0.04296875
0 0.888671875 0.4736328125 0.015625 0.037109375
0 0.9111328125 0.474609375 0.029296875 0.0390625
0 0.935546875 0.4765625 0.01953125 0.04296875
0 0.95703125 0.4755859375 0.0234375 0.041015625
0 0.9814453125 0.474609375 0.025390625 0.0390625
0 0.873046875 0.984375 0.046875 0.0234375
0 0.87109375 0.94140625 0.046875 0.01953125
0 0.876953125 0.908203125 0.05859375 0.03125
0 0.822265625 0.7548828125 0.01953125 0.033203125
0 0.80078125 0.75 0.0234375 0.03515625
0 0.6181640625 0.765625 0.021484375 0.04296875
0 0.5986328125 0.7666015625 0.017578125 0.041015625
0 0.578125 0.7626953125 0.0234375 0.037109375
0 0.5537109375 0.7626953125 0.025390625 0.037109375
0 0.5302734375 0.7626953125 0.021484375 0.037109375
0 0.5087890625 0.763671875 0.021484375 0.03515625
0 0.46484375 0.7626953125 0.0234375 0.041015625
0 0.4443359375 0.763671875 0.017578125 0.0390625
0 0.4228515625 0.76171875 0.025390625 0.04296875
0 0.3994140625 0.765625 0.021484375 0.03515625
0 0.3759765625 0.763671875 0.025390625 0.0390625
0 0.353515625 0.765625 0.01953125 0.03515625
0 0.333984375 0.767578125 0.01953125 0.03125
0 0.3056640625 0.767578125 0.025390625 0.04296875
0 0.43359375 0.85546875 0.015625 0.03515625
0 0.455078125 0.8564453125 0.01953125 0.041015625
0 0.48046875 0.85546875 0.01953125 0.046875
0 0.5361328125 0.916015625 0.021484375 0.04296875
0 0.55859375 0.9072265625 0.015625 0.041015625
0 0.0234375 0.1259765625 0.04296875 0.025390625
0 0.0166015625 0.0205078125 0.025390625 0.041015625
0 0.181640625 0.091796875 0.05078125 0.0234375
0 0.3359375 0.0791015625 0.04296875 0.021484375
0 0.462890625 0.0341796875 0.04296875 0.017578125
0 0.5322265625 0.076171875 0.041015625 0.01953125
0 0.5947265625 0.029296875 0.041015625 0.01953125
0 0.7275390625 0.0244140625 0.041015625 0.021484375
0 0.8564453125 0.0224609375 0.048828125 0.021484375
0 0.939453125 0.01171875 0.04296875 0.01953125
0 0.9248046875 0.142578125 0.037109375 0.01953125
0 0.9814453125 0.1416015625 0.033203125 0.017578125
0 0.4599609375 0.9873046875 0.044921875 0.021484375
