0 0.1650390625 0.560546875 0.025390625 0.0390625
0 0.447265625 0.3798828125 0.04296875 0.025390625
0 0.48046875 0.4541015625 0.01953125 0.025390625
0 0.73828125 0.318359375 0.03515625 0.0234375
0 0.7548828125 0.3564453125 0.037109375 0.025390625
0 0.7470703125 0.3388671875 0.033203125 0.017578125
0 0.6064453125 0.3828125 0.037109375 0.01953125
0 0.525390625 0.5546875 0.015625 0.0234375
0 0.5546875 0.544921875 0.015625 0.01953125
0 0.572265625 0.5419921875 0.015625 0.021484375
0 0.337890625 0.1162109375 0.0390625 0.017578125
