0 0.3330078125 0.134765625 0.021484375 0.04296875
0 0.36328125 0.1669921875 0.01953125 0.037109375
0 0.337890625 0.181640625 0.01953125 0.03515625
0 0.310546875 0.208984375 0.01953125 0.0390625
0 0.3388671875 0.2314453125 0.017578125 0.037109375
0 0.365234375 0.2314453125 0.01953125 0.041015625
0 0.314453125 0.2763671875 0.01953125 0.037109375
0 0.341796875 0.2841796875 0.01953125 0.037109375
0 0.369140625 0.28515625 0.01953125 0.0390625
0 0.9375 0.154296875 0.0390625 0.03515625
0 0.951171875 0.13671875 0.04296875 0.03125
0 0.9384765625 0.099609375 0.037109375 0.02734375
0 0.9453125 0.078125 0.04296875 0.03125
0 0.935546875 0.037109375 0.04296875 0.03515625
0 0.3203125 0.34765625 0.01953125 0.02734375
0 0.3447265625 0.3544921875 0.017578125 0.037109375
0 0.369140625 0.3701171875 0.01953125 0.041015625
0 0.3203125 0.3984375 0.01953125 0.04296875
0 0.3466796875 0.4111328125 0.017578125 0.037109375
0 0.369140625 0.4140625 0.01953125 0.0390625
0 0.0771484375 0.5517578125 0.041015625 0.017578125
0 0.12109375 0.6337890625 0.0390625 0.017578125
1 0.19140625 0.6298828125 0.05859375 0.029296875
0 0.4287109375 0.595703125 0.052734375 0.04296875
0 0.2041015625 0.6572265625 0.041015625 0.025390625
0 0.197265625 0.6064453125 0.03515625 0.017578125
0 0.4091796875 0.787109375 0.021484375 0.0390625
0 0.41015625 0.837890625 0.01953125 0.0390625
0 0.4130859375 0.8935546875 0.017578125 0.037109375
0 0.4375 0.8798828125 0.01953125 0.037109375
0 0.43359375 0.830078125 0.01953125 0.03515625
0 0.46484375 0.869140625 0.01953125 0.0390625
0 0.4404296875 0.9345703125 0.021484375 0.037109375
0 0.4697265625 0.9697265625 0.017578125 0.037109375
0 0.8310546875 0.990234375 0.041015625 0.01953125
0 0.9443359375 0.9833984375 0.041015625 0.017578125
0 0.9375 0.9052734375 0.046875 0.017578125
0 0.765625 0.59765625 0.05078125 0.0234375
0 0.5693359375 0.552734375 0.044921875 0.0234375
0 0.8310546875 0.89453125 0.029296875 0.015625
0 0.935546875 0.86328125 0.04296875 0.01953125
0 0.66015625 0.6669921875 0.0390625 0.021484375
0 0.6591796875 0.599609375 0.037109375 0.01953125
0 0.484375 0.634765625 0.02734375 0.04296875
0 0.1953125 0.552734375 0.04296875 0.01953125
