0 0.1611328125 0.2431640625 0.017578125 0.033203125
0 0.248046875 0.236328125 0.01953125 0.03515625
0 0.333984375 0.2353515625 0.01953125 0.025390625
0 0.3232421875 0.2880859375 0.021484375 0.033203125
0 0.28125 0.291015625 0.01953125 0.03125
0 0.203125 0.298828125 0.01953125 0.03125
0 0.181640625 0.298828125 0.01953125 0.03515625
0 0.16015625 0.298828125 0.015625 0.03125
0 0.1396484375 0.302734375 0.017578125 0.02734375
0 0.3212890625 0.4091796875 0.017578125 0.041015625
0 0.3203125 0.46875 0.01953125 0.04296875
0 0.322265625 0.537109375 0.01953125 0.0390625
0 0.162109375 0.642578125 0.0390625 0.015625
0 0.2568359375 0.5654296875 0.033203125 0.017578125
0 0.263671875 0.5869140625 0.03515625 0.017578125
0 0.15625 0.74609375 0.015625 0.02734375
0 0.1767578125 0.7431640625 0.013671875 0.037109375
0 0.2802734375 0.7392578125 0.013671875 0.029296875
0 0.3037109375 0.736328125 0.017578125 0.03515625
0 0.30078125 0.8125 0.015625 0.03515625
0 0.27734375 0.8193359375 0.015625 0.029296875
0 0.25390625 0.818359375 0.01953125 0.03515625
0 0.1748046875 0.8271484375 0.017578125 0.037109375
0 0.0556640625 0.8408203125 0.021484375 0.029296875
0 0.3271484375 0.9365234375 0.017578125 0.033203125
0 0.259765625 0.9453125 0.0390625 0.01953125
0 0.2587890625 0.9130859375 0.041015625 0.021484375
0 0.0244140625 0.9541015625 0.017578125 0.029296875
0 0.35546875 0.2314453125 0.01953125 0.033203125
0 0.384765625 0.2880859375 0.015625 0.029296875
0 0.4072265625 0.287109375 0.021484375 0.0390625
0 0.484375 0.2119140625 0.04296875 0.021484375
0 0.4052734375 0.8076171875 0.017578125 0.037109375
0 0.4638671875 0.8134765625 0.021484375 0.037109375
0 0.53125 0.8076171875 0.0234375 0.037109375
0 0.75390625 0.5263671875 0.03515625 0.029296875
0 0.6396484375 0.546875 0.041015625 0.01953125
0 0.5908203125 0.5693359375 0.041015625 0.021484375
0 0.619140625 0.365234375 0.03125 0.015625
0 0.748046875 0.1220703125 0.03515625 0.017578125
0 0.7431640625 0.1005859375 0.041015625 0.017578125
0 0.7392578125 0.080078125 0.044921875 0.01953125
