0 0.021484375 0.17578125 0.03125 0.015625
1 0.0419921875 0.2138671875 0.083984375 0.029296875
1 0.046875 0.25 0.0546875 0.02734375
1 0.1845703125 0.0712890625 0.021484375 0.056640625
1 0.1884765625 0.1416015625 0.025390625 0.060546875
1 0.255859375 0.099609375 0.02734375 0.05859375
1 0.26171875 0.189453125 0.0234375 0.06640625
0 0.197265625 0.2119140625 0.01953125 0.037109375
0 0.19921875 0.2548828125 0.015625 0.037109375
0 0.2705078125 0.2822265625 0.021484375 0.041015625
1 0.0400390625 0.3369140625 0.080078125 0.029296875
0 0.201171875 0.302734375 0.01953125 0.03515625
0 0.203125 0.3408203125 0.0234375 0.041015625
