0 0.1865234375 0.578125 0.044921875 0.0234375
0 0.193359375 0.623046875 0.0390625 0.02734375
0 0.1923828125 0.6826171875 0.041015625 0.025390625
0 0.9404296875 0.3359375 0.025390625 0.04296875
0 0.9072265625 0.3369140625 0.017578125 0.033203125
0 0.8759765625 0.3349609375 0.021484375 0.029296875
0 0.8505859375 0.3359375 0.017578125 0.02734375
0 0.8271484375 0.341796875 0.021484375 0.02734375
0 0.8017578125 0.33984375 0.017578125 0.02734375
0 0.7724609375 0.345703125 0.017578125 0.02734375
0 0.888671875 0.2587890625 0.015625 0.029296875
0 0.8623046875 0.251953125 0.013671875 0.02734375
0 0.841796875 0.2568359375 0.01953125 0.029296875
0 0.8154296875 0.2548828125 0.021484375 0.033203125
0 0.783203125 0.255859375 0.01953125 0.03125
0 0.755859375 0.259765625 0.015625 0.03125
0 0.7294921875 0.2587890625 0.021484375 0.033203125
0 0.701171875 0.26171875 0.01953125 0.02734375
0 0.66796875 0.26171875 0.02734375 0.02734375
0 0.625 0.2626953125 0.01953125 0.025390625
0 0.5947265625 0.2705078125 0.013671875 0.029296875
0 0.57421875 0.267578125 0.015625 0.03515625
0 0.5478515625 0.2646484375 0.021484375 0.037109375
0 0.5205078125 0.267578125 0.021484375 0.03515625
1 0.6435546875 0.3134765625 0.048828125 0.025390625
