0 0.13671875 0.0146484375 0.03125 0.013671875
0 0.138671875 0.0341796875 0.0390625 0.017578125
0 0.1396484375 0.0859375 0.033203125 0.01953125
0 0.1416015625 0.0673828125 0.029296875 0.017578125
0 0.244140625 0.0234375 0.0390625 0.01953125
0 0.0517578125 0.2041015625 0.021484375 0.033203125
0 0.01953125 0.28515625 0.01953125 0.0390625
0 0.1044921875 0.2275390625 0.017578125 0.033203125
0 0.0439453125 0.40625 0.017578125 0.03515625
0 0.0625 0.40625 0.01953125 0.03515625
0 0.103515625 0.4052734375 0.01953125 0.037109375
0 0.1396484375 0.4052734375 0.017578125 0.037109375
0 0.1591796875 0.41015625 0.017578125 0.02734375
0 0.185546875 0.365234375 0.0390625 0.01953125
0 0.015625 0.52734375 0.015625 0.03125
0 0.03515625 0.5205078125 0.01953125 0.037109375
0 0.0595703125 0.5224609375 0.017578125 0.037109375
0 0.0810546875 0.5185546875 0.017578125 0.033203125
0 0.1015625 0.5185546875 0.015625 0.033203125
0 0.1435546875 0.513671875 0.021484375 0.03515625
0 0.169921875 0.5087890625 0.01953125 0.037109375
0 0.2119140625 0.50390625 0.021484375 0.04296875
0 0.232421875 0.5078125 0.01953125 0.03125
0 0.2744140625 0.51171875 0.021484375 0.0390625
0 0.2763671875 0.3916015625 0.017578125 0.037109375
0 0.318359375 0.396484375 0.0234375 0.03125
0 0.2939453125 0.5078125 0.017578125 0.03125
0 0.3291015625 0.4736328125 0.048828125 0.021484375
0 0.3203125 0.513671875 0.01953125 0.03515625
0 0.34375 0.3916015625 0.01953125 0.037109375
0 0.1806640625 0.40625 0.017578125 0.03125
0 0.384765625 0.3857421875 0.01953125 0.037109375
0 0.384765625 0.4228515625 0.03125 0.017578125
0 0.4052734375 0.3837890625 0.021484375 0.033203125
0 0.4287109375 0.4267578125 0.033203125 0.017578125
0 0.39453125 0.5029296875 0.02734375 0.048828125
0 0.453125 0.447265625 0.03125 0.0234375
0 0.5322265625 0.4033203125 0.021484375 0.041015625
0 0.5302734375 0.3232421875 0.017578125 0.029296875
0 0.55078125 0.2568359375 0.015625 0.037109375
0 0.4755859375 0.103515625 0.041015625 0.01953125
0 0.4755859375 0.083984375 0.041015625 0.01953125
0 0.4755859375 0.06640625 0.029296875 0.015625
0 0.47265625 0.0498046875 0.03515625 0.017578125
0 0.4736328125 0.0322265625 0.033203125 0.017578125
0 0.43359375 0.04296875 0.0234375 0.03515625
0 0.849609375 0.2197265625 0.03515625 0.017578125
0 0.849609375 0.2412109375 0.03125 0.013671875
0 0.646484375 0.3828125 0.0234375 0.0390625
0 0.6826171875 0.455078125 0.041015625 0.01953125
0 0.6669921875 0.3759765625 0.017578125 0.025390625
0 0.73828125 0.369140625 0.01953125 0.02734375
0 0.7783203125 0.3662109375 0.021484375 0.033203125
0 0.8134765625 0.36328125 0.017578125 0.0390625
0 0.83203125 0.3623046875 0.01953125 0.037109375
0 0.8564453125 0.3642578125 0.013671875 0.033203125
0 0.87890625 0.3662109375 0.01953125 0.033203125
0 0.853515625 0.3076171875 0.0390625 0.021484375
0 0.90625 0.271484375 0.01953125 0.03515625
0 0.9013671875 0.2060546875 0.017578125 0.033203125
0 0.94140625 0.3662109375 0.01953125 0.037109375
0 0.962890625 0.36328125 0.0234375 0.03125
0 0.6123046875 0.525390625 0.044921875 0.01953125
0 0.6142578125 0.5595703125 0.033203125 0.021484375
0 0.61328125 0.583984375 0.03515625 0.015625
0 0.619140625 0.6279296875 0.0390625 0.017578125
0 0.6201171875 0.65625 0.037109375 0.015625
0 0.6630859375 0.5419921875 0.021484375 0.041015625
0 0.642578125 0.5029296875 0.01953125 0.037109375
0 0.6845703125 0.4970703125 0.021484375 0.037109375
0 0.7080078125 0.541015625 0.025390625 0.03515625
0 0.705078125 0.4970703125 0.01953125 0.037109375
0 0.7236328125 0.4970703125 0.017578125 0.037109375
0 0.744140625 0.4970703125 0.0234375 0.037109375
0 0.78125 0.4921875 0.0234375 0.04296875
0 0.8740234375 0.48828125 0.017578125 0.03515625
0 0.8935546875 0.4873046875 0.021484375 0.033203125
0 0.9306640625 0.484375 0.021484375 0.0390625
0 0.921875 0.60546875 0.015625 0.03125
0 0.89453125 0.5361328125 0.01953125 0.029296875
0 0.9697265625 0.48828125 0.021484375 0.04296875
