0 0.6533203125 0.33203125 0.041015625 0.01953125
0 0.7568359375 0.2109375 0.037109375 0.01953125
0 0.7578125 0.232421875 0.0390625 0.0234375
0 0.7744140625 0.298828125 0.041015625 0.0234375
0 0.7783203125 0.3798828125 0.044921875 0.021484375
0 0.7783203125 0.4150390625 0.037109375 0.021484375
0 0.779296875 0.44140625 0.0390625 0.01953125
0 0.7763671875 0.4833984375 0.037109375 0.017578125
0 0.8017578125 0.7587890625 0.037109375 0.017578125
0 0.7978515625 0.78125 0.037109375 0.015625
0 0.333984375 0.275390625 0.01953125 0.04296875
