0 0.673828125 0.34765625 0.0390625 0.0234375
0 0.6748046875 0.3662109375 0.037109375 0.021484375
0 0.732421875 0.3740234375 0.03125 0.029296875
0 0.677734375 0.416015625 0.04296875 0.03125
0 0.77734375 0.40234375 0.01953125 0.0390625
0 0.80078125 0.3935546875 0.01953125 0.037109375
0 0.8359375 0.3544921875 0.01953125 0.037109375
0 0.697265625 0.4951171875 0.01953125 0.037109375
0 0.7177734375 0.494140625 0.021484375 0.03515625
0 0.6748046875 0.4970703125 0.021484375 0.037109375
0 0.0595703125 0.04296875 0.021484375 0.04296875
