0 0.0576171875 0.203125 0.017578125 0.03515625
0 0.177734375 0.1064453125 0.0390625 0.021484375
0 0.1748046875 0.130859375 0.041015625 0.01953125
0 0.1748046875 0.15234375 0.037109375 0.01953125
0 0.1748046875 0.1708984375 0.037109375 0.017578125
0 0.2451171875 0.087890625 0.021484375 0.03515625
0 0.279296875 0.09375 0.01953125 0.02734375
0 0.2099609375 0.19921875 0.017578125 0.02734375
0 0.23828125 0.1953125 0.01953125 0.0390625
0 0.2646484375 0.1953125 0.021484375 0.0390625
0 0.3720703125 0.1591796875 0.041015625 0.021484375
0 0.375 0.1845703125 0.03515625 0.017578125
0 0.375 0.20703125 0.0390625 0.015625
0 0.7802734375 0.4384765625 0.025390625 0.029296875
1 0.7314453125 0.318359375 0.021484375 0.046875
1 0.6513671875 0.3818359375 0.064453125 0.048828125
1 0.443359375 0.65234375 0.0859375 0.046875
