0 0.111328125 0.7939453125 0.0234375 0.044921875
0 0.037109375 0.560546875 0.04296875 0.0234375
0 0.2431640625 0.8359375 0.021484375 0.0390625
0 0.2822265625 0.833984375 0.017578125 0.03515625
0 0.2998046875 0.8369140625 0.017578125 0.041015625
0 0.322265625 0.8349609375 0.015625 0.037109375
0 0.3564453125 0.869140625 0.052734375 0.03125
0 0.357421875 0.833984375 0.01953125 0.0390625
0 0.375 0.833984375 0.015625 0.0390625
0 0.43359375 0.83203125 0.01953125 0.0390625
0 0.453125 0.8310546875 0.01953125 0.037109375
0 0.4306640625 0.771484375 0.021484375 0.0390625
0 0.4609375 0.76953125 0.01953125 0.0390625
0 0.5361328125 0.69921875 0.041015625 0.01953125
0 0.5322265625 0.7421875 0.033203125 0.01953125
0 0.353515625 0.943359375 0.01953125 0.0390625
0 0.4267578125 0.94140625 0.021484375 0.04296875
0 0.44921875 0.9423828125 0.015625 0.033203125
0 0.4677734375 0.9345703125 0.017578125 0.041015625
0 0.486328125 0.9375 0.01953125 0.03125
0 0.6533203125 0.6826171875 0.041015625 0.017578125
0 0.6611328125 0.7236328125 0.052734375 0.025390625
0 0.66796875 0.7724609375 0.03515625 0.025390625
0 0.7099609375 0.7705078125 0.017578125 0.041015625
0 0.9130859375 0.80859375 0.025390625 0.03515625
0 0.970703125 0.8017578125 0.0234375 0.041015625
0 0.8046875 0.775390625 0.04296875 0.0234375
0 0.990234375 0.7978515625 0.015625 0.033203125
