0 0.8125 0.025390625 0.03515625 0.03125
0 0.8671875 0.0478515625 0.0234375 0.041015625
0 0.6279296875 0.080078125 0.017578125 0.03125
0 0.5009765625 0.1015625 0.021484375 0.02734375
0 0.2509765625 0.462890625 0.044921875 0.01953125
0 0.2490234375 0.4814453125 0.041015625 0.017578125
0 0.25390625 0.4990234375 0.03515625 0.017578125
0 0.2548828125 0.517578125 0.037109375 0.01953125
0 0.255859375 0.53515625 0.0390625 0.015625
0 0.26171875 0.5498046875 0.0390625 0.013671875
0 0.2568359375 0.568359375 0.048828125 0.01953125
0 0.2626953125 0.5888671875 0.041015625 0.021484375
0 0.26171875 0.6064453125 0.0390625 0.013671875
0 0.263671875 0.623046875 0.04296875 0.01953125
0 0.259765625 0.640625 0.03515625 0.015625
0 0.2607421875 0.6591796875 0.037109375 0.021484375
0 0.3701171875 0.595703125 0.037109375 0.01953125
0 0.37109375 0.6474609375 0.03515625 0.017578125
0 0.3740234375 0.6669921875 0.041015625 0.021484375
0 0.2685546875 0.732421875 0.033203125 0.015625
0 0.265625 0.751953125 0.03125 0.015625
0 0.2734375 0.767578125 0.03515625 0.015625
0 0.2705078125 0.7861328125 0.041015625 0.017578125
0 0.2724609375 0.8037109375 0.044921875 0.017578125
0 0.2705078125 0.8203125 0.041015625 0.015625
0 0.2724609375 0.8388671875 0.044921875 0.021484375
0 0.2734375 0.8701171875 0.0390625 0.017578125
0 0.2724609375 0.890625 0.041015625 0.01953125
0 0.3818359375 0.775390625 0.033203125 0.01953125
0 0.3740234375 0.7939453125 0.044921875 0.021484375
0 0.3759765625 0.8115234375 0.037109375 0.013671875
0 0.37890625 0.8271484375 0.04296875 0.021484375
0 0.3837890625 0.8779296875 0.037109375 0.017578125
0 0.30078125 0.697265625 0.02734375 0.0390625
0 0.36328125 0.5625 0.03125 0.01953125
0 0.3837890625 0.8955078125 0.037109375 0.017578125
0 0.3818359375 0.9130859375 0.033203125 0.017578125
0 0.2822265625 0.958984375 0.037109375 0.015625
0 0.279296875 0.9775390625 0.0390625 0.017578125
0 0.271484375 0.923828125 0.05078125 0.01953125
0 0.4296875 0.791015625 0.03515625 0.01953125
0 0.42578125 0.7548828125 0.03125 0.017578125
0 0.421875 0.7275390625 0.0390625 0.021484375
0 0.423828125 0.69921875 0.03515625 0.01953125
0 0.47265625 0.6328125 0.01953125 0.03515625
0 0.548828125 0.7568359375 0.03515625 0.021484375
0 0.5537109375 0.78515625 0.033203125 0.015625
0 0.560546875 0.8427734375 0.03125 0.017578125
0 0.560546875 0.86328125 0.03125 0.015625
0 0.6044921875 0.7548828125 0.041015625 0.017578125
0 0.6025390625 0.7705078125 0.025390625 0.013671875
0 0.6025390625 0.791015625 0.037109375 0.015625
0 0.6025390625 0.8095703125 0.037109375 0.021484375
0 0.603515625 0.8408203125 0.0390625 0.017578125
0 0.6044921875 0.859375 0.041015625 0.01953125
0 0.607421875 0.8779296875 0.03515625 0.017578125
0 0.60546875 0.8955078125 0.04296875 0.017578125
0 0.5478515625 0.640625 0.037109375 0.01953125
0 0.5966796875 0.65234375 0.041015625 0.01953125
0 0.5947265625 0.6181640625 0.041015625 0.017578125
0 0.5927734375 0.599609375 0.044921875 0.01953125
0 0.5927734375 0.58203125 0.044921875 0.015625
0 0.587890625 0.546875 0.04296875 0.01953125
0 0.587890625 0.5302734375 0.02734375 0.013671875
0 0.5859375 0.5107421875 0.04296875 0.017578125
0 0.58984375 0.4921875 0.03515625 0.01953125
0 0.58203125 0.283203125 0.0390625 0.01953125
0 0.5791015625 0.263671875 0.037109375 0.01953125
0 0.5771484375 0.2265625 0.037109375 0.0234375
0 0.8701171875 0.095703125 0.017578125 0.03125
0 0.98046875 0.0947265625 0.015625 0.029296875
0 0.8974609375 0.1884765625 0.029296875 0.041015625
0 0.95703125 0.1826171875 0.02734375 0.041015625
0 0.9013671875 0.2216796875 0.041015625 0.017578125
0 0.9033203125 0.240234375 0.044921875 0.01953125
0 0.90625 0.259765625 0.0390625 0.01953125
0 0.9072265625 0.28125 0.041015625 0.015625
0 0.9072265625 0.298828125 0.041015625 0.01953125
0 0.908203125 0.3173828125 0.04296875 0.017578125
0 0.9072265625 0.3349609375 0.041015625 0.017578125
0 0.9169921875 0.36328125 0.041015625 0.0234375
0 0.919921875 0.4091796875 0.0390625 0.017578125
0 0.9140625 0.427734375 0.0390625 0.015625
0 0.9208984375 0.443359375 0.033203125 0.015625
0 0.9189453125 0.4609375 0.041015625 0.015625
0 0.9140625 0.4794921875 0.04296875 0.017578125
0 0.9140625 0.4970703125 0.04296875 0.017578125
0 0.9208984375 0.52734375 0.037109375 0.01953125
0 0.9208984375 0.5478515625 0.037109375 0.021484375
1 0.9765625 0.4775390625 0.02734375 0.060546875
0 0.986328125 0.408203125 0.0234375 0.03515625
0 0.978515625 0.2802734375 0.0234375 0.037109375
0 0.9814453125 0.3232421875 0.021484375 0.037109375
0 0.931640625 0.6435546875 0.03515625 0.017578125
0 0.9326171875 0.6796875 0.041015625 0.01953125
0 0.9365234375 0.7109375 0.037109375 0.01953125
0 0.9365234375 0.73046875 0.037109375 0.01953125
0 0.9375 0.7666015625 0.04296875 0.017578125
0 0.939453125 0.7822265625 0.03125 0.013671875
0 0.927734375 0.7998046875 0.03515625 0.017578125
0 0.9375 0.8154296875 0.03125 0.013671875
0 0.939453125 0.8349609375 0.0390625 0.017578125
0 0.9404296875 0.88671875 0.033203125 0.01953125
0 0.9423828125 0.8681640625 0.029296875 0.017578125
