0 0.078125 0.0546875 0.0390625 0.02734375
0 0.068359375 0.099609375 0.015625 0.0390625
0 0.0908203125 0.0986328125 0.013671875 0.033203125
0 0.1142578125 0.1044921875 0.013671875 0.029296875
0 0.1328125 0.1005859375 0.015625 0.041015625
0 0.1513671875 0.0673828125 0.033203125 0.017578125
0 0.1923828125 0.06640625 0.041015625 0.015625
0 0.216796875 0.05078125 0.0390625 0.0234375
0 0.3671875 0.0576171875 0.03515625 0.017578125
0 0.4150390625 0.0576171875 0.041015625 0.017578125
0 0.501953125 0.056640625 0.03515625 0.015625
0 0.396484375 0.03515625 0.03125 0.01953125
0 0.4619140625 0.0576171875 0.033203125 0.017578125
0 0.326171875 0.060546875 0.03125 0.015625
0 0.646484375 0.048828125 0.02734375 0.015625
0 0.69140625 0.0458984375 0.03125 0.017578125
0 0.73046875 0.044921875 0.03515625 0.015625
0 0.8828125 0.037109375 0.03515625 0.015625
0 0.9345703125 0.037109375 0.037109375 0.01953125
1 0.8115234375 0.0380859375 0.080078125 0.021484375
0 0.01953125 0.416015625 0.015625 0.03515625
0 0.0419921875 0.416015625 0.013671875 0.03515625
0 0.06640625 0.4169921875 0.015625 0.037109375
0 0.087890625 0.4169921875 0.015625 0.037109375
0 0.185546875 0.4130859375 0.015625 0.029296875
0 0.20703125 0.41015625 0.01171875 0.02734375
0 0.291015625 0.404296875 0.015625 0.03125
0 0.3173828125 0.40625 0.017578125 0.03125
0 0.3427734375 0.4072265625 0.013671875 0.029296875
0 0.3642578125 0.4052734375 0.017578125 0.029296875
0 0.3857421875 0.404296875 0.017578125 0.02734375
0 0.4375 0.4033203125 0.015625 0.033203125
0 0.4560546875 0.40234375 0.017578125 0.03515625
0 0.4794921875 0.3994140625 0.013671875 0.029296875
0 0.5029296875 0.3984375 0.017578125 0.03515625
0 0.5234375 0.3994140625 0.01171875 0.029296875
0 0.5478515625 0.39453125 0.017578125 0.03515625
0 0.568359375 0.3916015625 0.015625 0.033203125
0 0.5927734375 0.3935546875 0.017578125 0.029296875
0 0.6142578125 0.3935546875 0.013671875 0.029296875
0 0.6474609375 0.1455078125 0.029296875 0.017578125
0 0.67578125 0.1201171875 0.03125 0.013671875
0 0.7373046875 0.1201171875 0.037109375 0.017578125
0 0.783203125 0.1171875 0.03125 0.015625
0 0.8349609375 0.119140625 0.037109375 0.015625
0 0.6728515625 0.1728515625 0.033203125 0.017578125
0 0.826171875 0.1689453125 0.03125 0.029296875
0 0.8349609375 0.2197265625 0.017578125 0.033203125
0 0.83984375 0.2861328125 0.015625 0.029296875
0 0.81640625 0.392578125 0.0234375 0.0390625
0 0.7587890625 0.392578125 0.025390625 0.0234375
0 0.8515625 0.4775390625 0.02734375 0.044921875
0 0.033203125 0.68359375 0.015625 0.03515625
0 0.7119140625 0.568359375 0.037109375 0.015625
0 0.6923828125 0.59375 0.037109375 0.01953125
0 0.4873046875 0.6708984375 0.017578125 0.033203125
0 0.6015625 0.6669921875 0.015625 0.029296875
0 0.6884765625 0.8642578125 0.033203125 0.013671875
0 0.689453125 0.8828125 0.03125 0.015625
0 0.689453125 0.9033203125 0.0390625 0.013671875
0 0.6904296875 0.9599609375 0.033203125 0.017578125
0 0.6943359375 0.982421875 0.037109375 0.015625
0 0.10546875 0.921875 0.015625 0.03125
0 0.1416015625 0.939453125 0.037109375 0.015625
0 0.14453125 0.9599609375 0.04296875 0.017578125
0 0.1875 0.9404296875 0.01953125 0.033203125
0 0.22265625 0.935546875 0.015625 0.03125
0 0.2421875 0.9365234375 0.015625 0.025390625
0 0.2626953125 0.9326171875 0.017578125 0.033203125
0 0.28125 0.9287109375 0.015625 0.037109375
0 0.3017578125 0.931640625 0.017578125 0.03515625
0 0.337890625 0.935546875 0.01953125 0.03515625
