0 0.2021484375 0.853515625 0.044921875 0.0234375
0 0.4521484375 0.8681640625 0.048828125 0.025390625
0 0.421875 0.84375 0.0390625 0.0234375
1 0.15234375 0.951171875 0.0625 0.0234375
1 0.21484375 0.9501953125 0.0625 0.021484375
1 0.296875 0.9453125 0.0625 0.0234375
0 0.5 0.9365234375 0.03125 0.033203125
0 0.5263671875 0.935546875 0.029296875 0.03125
0 0.630859375 0.9326171875 0.03515625 0.041015625
0 0.658203125 0.9287109375 0.0390625 0.033203125
0 0.7021484375 0.7255859375 0.037109375 0.017578125
0 0.845703125 0.8310546875 0.04296875 0.025390625
1 0.0537109375 0.12890625 0.095703125 0.0390625
