0 0.228515625 0.01953125 0.0390625 0.01953125
0 0.232421875 0.0390625 0.03125 0.01953125
0 0.234375 0.05859375 0.03515625 0.01953125
0 0.2353515625 0.078125 0.037109375 0.01953125
0 0.234375 0.0966796875 0.03515625 0.017578125
0 0.234375 0.1162109375 0.03515625 0.021484375
0 0.2265625 0.134765625 0.03515625 0.015625
0 0.2626953125 0.13671875 0.021484375 0.03515625
0 0.232421875 0.1533203125 0.03125 0.021484375
0 0.2353515625 0.173828125 0.037109375 0.01953125
0 0.236328125 0.193359375 0.0390625 0.01953125
0 0.236328125 0.2138671875 0.0390625 0.021484375
0 0.2412109375 0.2568359375 0.037109375 0.021484375
0 0.244140625 0.2763671875 0.04296875 0.017578125
0 0.337890625 0.1669921875 0.0390625 0.021484375
0 0.052734375 0.2783203125 0.04296875 0.025390625
0 0.060546875 0.30078125 0.03515625 0.01953125
0 0.0595703125 0.3251953125 0.041015625 0.017578125
0 0.060546875 0.3447265625 0.04296875 0.021484375
0 0.060546875 0.37109375 0.04296875 0.01953125
0 0.40234375 0.4228515625 0.01953125 0.037109375
0 0.4208984375 0.4208984375 0.029296875 0.060546875
0 0.466796875 0.416015625 0.015625 0.0390625
0 0.4853515625 0.421875 0.021484375 0.0390625
0 0.505859375 0.4228515625 0.01953125 0.041015625
0 0.5283203125 0.4169921875 0.017578125 0.041015625
0 0.5478515625 0.416015625 0.021484375 0.0390625
0 0.5693359375 0.4169921875 0.021484375 0.041015625
0 0.4990234375 0.453125 0.048828125 0.0234375
0 0.6279296875 0.412109375 0.021484375 0.03515625
0 0.669921875 0.4150390625 0.01953125 0.033203125
0 0.662109375 0.451171875 0.02734375 0.015625
0 0.708984375 0.4111328125 0.01953125 0.033203125
0 0.7353515625 0.4091796875 0.013671875 0.041015625
0 0.76171875 0.412109375 0.015625 0.0390625
0 0.826171875 0.3837890625 0.01953125 0.037109375
0 0.8720703125 0.396484375 0.021484375 0.03515625
0 0.62890625 0.0517578125 0.0390625 0.021484375
0 0.66796875 0.033203125 0.03515625 0.01953125
0 0.6728515625 0.072265625 0.048828125 0.01953125
0 0.6513671875 0.1162109375 0.044921875 0.017578125
0 0.587890625 0.1123046875 0.01953125 0.033203125
0 0.796875 0.0703125 0.03125 0.0390625
0 0.8681640625 0.1025390625 0.041015625 0.025390625
0 0.6865234375 0.1640625 0.041015625 0.0234375
0 0.9443359375 0.3251953125 0.033203125 0.021484375
0 0.947265625 0.30078125 0.03125 0.015625
1 0.9794921875 0.3037109375 0.025390625 0.056640625
0 0.94140625 0.28125 0.04296875 0.0234375
0 0.9453125 0.259765625 0.03515625 0.01953125
0 0.9453125 0.244140625 0.03515625 0.01953125
0 0.939453125 0.2236328125 0.03515625 0.021484375
0 0.931640625 0.0439453125 0.04296875 0.017578125
0 0.93359375 0.025390625 0.0390625 0.01953125
0 0.978515625 0.6865234375 0.01953125 0.033203125
0 0.958984375 0.697265625 0.01953125 0.03125
0 0.9404296875 0.697265625 0.021484375 0.0390625
0 0.919921875 0.697265625 0.01953125 0.0390625
0 0.876953125 0.6943359375 0.015625 0.033203125
0 0.8544921875 0.697265625 0.021484375 0.03515625
0 0.8154296875 0.697265625 0.017578125 0.03515625
0 0.8427734375 0.779296875 0.021484375 0.03515625
0 0.8779296875 0.7783203125 0.017578125 0.037109375
0 0.9169921875 0.77734375 0.017578125 0.03515625
0 0.953125 0.775390625 0.01953125 0.03515625
0 0.9892578125 0.7705078125 0.017578125 0.041015625
0 0.7197265625 0.70703125 0.013671875 0.02734375
0 0.697265625 0.705078125 0.015625 0.03515625
0 0.6328125 0.7060546875 0.01953125 0.037109375
0 0.5927734375 0.7041015625 0.017578125 0.037109375
0 0.5703125 0.7080078125 0.015625 0.037109375
0 0.7705078125 0.7900390625 0.017578125 0.037109375
0 0.7490234375 0.7861328125 0.017578125 0.037109375
0 0.7314453125 0.7841796875 0.017578125 0.041015625
0 0.712890625 0.7880859375 0.01953125 0.041015625
0 0.6904296875 0.7890625 0.025390625 0.0390625
0 0.6748046875 0.86328125 0.037109375 0.0234375
0 0.5625 0.8017578125 0.015625 0.029296875
0 0.5458984375 0.802734375 0.017578125 0.02734375
0 0.5234375 0.8037109375 0.015625 0.029296875
0 0.4912109375 0.8056640625 0.021484375 0.033203125
0 0.513671875 0.876953125 0.04296875 0.0234375
0 0.4873046875 0.70703125 0.021484375 0.03125
0 0.46875 0.8017578125 0.015625 0.029296875
0 0.4501953125 0.8017578125 0.021484375 0.037109375
0 0.4326171875 0.802734375 0.013671875 0.03515625
0 0.3974609375 0.8095703125 0.021484375 0.037109375
0 0.3740234375 0.8046875 0.025390625 0.0390625
0 0.421875 0.875 0.04296875 0.01953125
0 0.37109375 0.7197265625 0.015625 0.029296875
0 0.3525390625 0.720703125 0.017578125 0.0390625
0 0.328125 0.7255859375 0.015625 0.029296875
0 0.306640625 0.7275390625 0.015625 0.029296875
0 0.2880859375 0.7236328125 0.013671875 0.029296875
0 0.2685546875 0.724609375 0.017578125 0.03125
0 0.24609375 0.724609375 0.01953125 0.03125
0 0.2275390625 0.724609375 0.017578125 0.03125
0 0.2265625 0.8876953125 0.04296875 0.025390625
0 0.32421875 0.87890625 0.04296875 0.01953125
0 0.3369140625 0.8017578125 0.021484375 0.029296875
0 0.4375 0.9228515625 0.03515625 0.033203125
0 0.4013671875 0.9658203125 0.033203125 0.029296875
0 0.4765625 0.9365234375 0.04296875 0.033203125
0 0.4833984375 0.9658203125 0.033203125 0.025390625
0 0.2255859375 0.9736328125 0.044921875 0.025390625
0 0.0703125 0.9130859375 0.0390625 0.029296875
0 0.6220703125 0.951171875 0.037109375 0.01953125
