1 0.6015625 0.400390625 0.01953125 0.05859375
1 0.6474609375 0.3935546875 0.021484375 0.056640625
1 0.669921875 0.392578125 0.0234375 0.0546875
1 0.7822265625 0.3837890625 0.021484375 0.056640625
1 0.609375 0.52734375 0.01953125 0.05078125
1 0.6318359375 0.52734375 0.017578125 0.046875
1 0.6552734375 0.5234375 0.017578125 0.05078125
1 0.6767578125 0.5224609375 0.013671875 0.048828125
1 0.697265625 0.5234375 0.015625 0.046875
1 0.96875 0.5048828125 0.01953125 0.052734375
1 0.9453125 0.505859375 0.01953125 0.046875
1 0.9013671875 0.5107421875 0.021484375 0.048828125
1 0.810546875 0.5146484375 0.01953125 0.048828125
1 0.83203125 0.515625 0.0234375 0.046875
0 0.9775390625 0.3759765625 0.025390625 0.044921875
0 0.9423828125 0.3759765625 0.021484375 0.037109375
0 0.919921875 0.376953125 0.0234375 0.03515625
0 0.8740234375 0.380859375 0.021484375 0.03515625
0 0.84765625 0.37890625 0.015625 0.03515625
0 0.8251953125 0.37890625 0.017578125 0.046875
0 0.8046875 0.384765625 0.0234375 0.03515625
0 0.76171875 0.392578125 0.01953125 0.0390625
0 0.7373046875 0.3876953125 0.017578125 0.037109375
0 0.7158203125 0.3896484375 0.017578125 0.033203125
0 0.6923828125 0.396484375 0.021484375 0.0390625
0 0.6259765625 0.4033203125 0.021484375 0.037109375
0 0.48046875 0.1884765625 0.0234375 0.044921875
0 0.322265625 0.2421875 0.01953125 0.02734375
0 0.3017578125 0.23828125 0.021484375 0.03515625
0 0.2548828125 0.24609375 0.017578125 0.03125
0 0.169921875 0.248046875 0.0234375 0.03515625
0 0.1455078125 0.248046875 0.025390625 0.03515625
0 0.1083984375 0.3056640625 0.041015625 0.025390625
0 0.08203125 0.25390625 0.01953125 0.03515625
0 0.060546875 0.25 0.0234375 0.03515625
0 0.0244140625 0.265625 0.021484375 0.04296875
0 0.0673828125 0.9033203125 0.041015625 0.025390625
0 0.130859375 0.8447265625 0.04296875 0.017578125
0 0.1328125 0.826171875 0.0390625 0.01953125
0 0.130859375 0.8056640625 0.04296875 0.021484375
0 0.12890625 0.748046875 0.0390625 0.01953125
0 0.126953125 0.7294921875 0.04296875 0.017578125
0 0.1279296875 0.712890625 0.041015625 0.015625
0 0.12890625 0.6943359375 0.0390625 0.021484375
0 0.1279296875 0.6748046875 0.041015625 0.017578125
0 0.12890625 0.6396484375 0.04296875 0.017578125
0 0.12109375 0.599609375 0.0390625 0.01953125
0 0.119140625 0.5458984375 0.03125 0.017578125
0 0.1240234375 0.4814453125 0.033203125 0.017578125
0 0.1201171875 0.462890625 0.041015625 0.01953125
0 0.1171875 0.4423828125 0.046875 0.021484375
0 0.4345703125 0.9873046875 0.033203125 0.017578125
0 0.4296875 0.96875 0.02734375 0.01953125
0 0.43359375 0.9453125 0.0390625 0.01953125
0 0.4306640625 0.9267578125 0.044921875 0.017578125
0 0.42578125 0.9072265625 0.03515625 0.021484375
0 0.43359375 0.8818359375 0.03515625 0.025390625
0 0.42578125 0.859375 0.0390625 0.01953125
0 0.4189453125 0.841796875 0.033203125 0.015625
0 0.41796875 0.82421875 0.03515625 0.01953125
0 0.408203125 0.6396484375 0.03515625 0.021484375
0 0.4169921875 0.7197265625 0.037109375 0.021484375
0 0.4130859375 0.7392578125 0.041015625 0.017578125
0 0.5107421875 0.732421875 0.025390625 0.04296875
0 0.4072265625 0.595703125 0.048828125 0.0234375
0 0.41015625 0.5751953125 0.04296875 0.017578125
0 0.4052734375 0.5556640625 0.041015625 0.021484375
0 0.40625 0.533203125 0.0390625 0.0234375
0 0.404296875 0.509765625 0.03125 0.0234375
0 0.4013671875 0.490234375 0.037109375 0.015625
0 0.4130859375 0.470703125 0.041015625 0.01953125
0 0.4423828125 0.498046875 0.017578125 0.03515625
0 0.400390625 0.4501953125 0.04296875 0.021484375
0 0.400390625 0.4091796875 0.0390625 0.017578125
