0 0.2685546875 0.25 0.017578125 0.02734375
0 0.298828125 0.2470703125 0.01953125 0.041015625
0 0.3212890625 0.2490234375 0.017578125 0.037109375
0 0.3466796875 0.25390625 0.021484375 0.0390625
0 0.41015625 0.259765625 0.01953125 0.0390625
0 0.4697265625 0.328125 0.044921875 0.0234375
0 0.4111328125 0.337890625 0.017578125 0.03125
0 0.2578125 0.3359375 0.01953125 0.0390625
0 0.283203125 0.3359375 0.01953125 0.0390625
0 0.3271484375 0.33203125 0.025390625 0.0390625
0 0.37109375 0.3349609375 0.01953125 0.037109375
0 0.3935546875 0.3359375 0.017578125 0.03515625
0 0.095703125 0.6513671875 0.03125 0.017578125
0 0.0908203125 0.623046875 0.029296875 0.01953125
0 0.1142578125 0.302734375 0.041015625 0.03515625
