0 0.638671875 0.7080078125 0.015625 0.029296875
0 0.5703125 0.6748046875 0.01953125 0.041015625
0 0.4931640625 0.6689453125 0.041015625 0.021484375
0 0.2861328125 0.673828125 0.044921875 0.01953125
0 0.28125 0.6982421875 0.04296875 0.017578125
0 0.2802734375 0.7177734375 0.041015625 0.013671875
0 0.283203125 0.73828125 0.04296875 0.01953125
0 0.2021484375 0.4501953125 0.017578125 0.041015625
0 0.2255859375 0.451171875 0.021484375 0.04296875
0 0.26953125 0.4580078125 0.0390625 0.021484375
0 0.279296875 0.5615234375 0.03515625 0.017578125
0 0.2724609375 0.5205078125 0.029296875 0.013671875
0 0.2666015625 0.5419921875 0.037109375 0.017578125
0 0.1904296875 0.728515625 0.017578125 0.04296875
0 0.1787109375 0.6943359375 0.033203125 0.013671875
0 0.185546875 0.63671875 0.01953125 0.03515625
0 0.2021484375 0.6015625 0.017578125 0.03515625
0 0.181640625 0.578125 0.01953125 0.04296875
