0 0.986328125 0.4951171875 0.01953125 0.033203125
0 0.9541015625 0.49609375 0.017578125 0.0390625
0 0.869140625 0.4990234375 0.015625 0.037109375
0 0.888671875 0.4951171875 0.01953125 0.041015625
0 0.91015625 0.4931640625 0.015625 0.033203125
0 0.9296875 0.498046875 0.015625 0.03125
0 0.5546875 0.3583984375 0.046875 0.021484375
0 0.255859375 0.314453125 0.046875 0.01953125
0 0.205078125 0.314453125 0.03515625 0.01953125
0 0.5703125 0.40234375 0.03125 0.01953125
0 0.55859375 0.3388671875 0.0390625 0.017578125
0 0.5830078125 0.6162109375 0.044921875 0.021484375
0 0.583984375 0.6455078125 0.04296875 0.013671875
0 0.4033203125 0.5400390625 0.021484375 0.041015625
0 0.4287109375 0.53125 0.013671875 0.0390625
0 0.4462890625 0.533203125 0.021484375 0.04296875
0 0.46875 0.533203125 0.0234375 0.04296875
0 0.3935546875 0.9375 0.021484375 0.046875
0 0.4169921875 0.9404296875 0.025390625 0.037109375
0 0.529296875 0.9765625 0.015625 0.04296875
