0 0.1220703125 0.3125 0.041015625 0.0234375
0 0.1630859375 0.3369140625 0.021484375 0.041015625
0 0.1201171875 0.4033203125 0.044921875 0.025390625
0 0.1494140625 0.2216796875 0.033203125 0.021484375
0 0.1513671875 0.255859375 0.037109375 0.0234375
0 0.2724609375 0.2685546875 0.041015625 0.021484375
0 0.3134765625 0.265625 0.033203125 0.01953125
0 0.3515625 0.263671875 0.03125 0.01953125
0 0.3916015625 0.3427734375 0.017578125 0.037109375
0 0.3740234375 0.3427734375 0.017578125 0.037109375
0 0.4091796875 0.3310546875 0.017578125 0.041015625
0 0.427734375 0.345703125 0.01953125 0.03515625
0 0.4453125 0.314453125 0.015625 0.0390625
0 0.4697265625 0.3388671875 0.017578125 0.044921875
0 0.5087890625 0.26171875 0.033203125 0.01953125
0 0.8955078125 0.2021484375 0.037109375 0.037109375
0 0.1396484375 0.1201171875 0.037109375 0.017578125
0 0.1474609375 0.142578125 0.033203125 0.015625
0 0.1533203125 0.16015625 0.037109375 0.01953125
0 0.15234375 0.1796875 0.03515625 0.01953125
0 0.1484375 0.203125 0.03515625 0.01953125
0 0.154296875 0.2421875 0.03125 0.01953125
0 0.5517578125 0.2587890625 0.037109375 0.017578125
