0 0.912109375 0.8955078125 0.04296875 0.021484375
0 0.875 0.0302734375 0.04296875 0.021484375
0 0.9033203125 0.1279296875 0.041015625 0.021484375
0 0.8974609375 0.2177734375 0.041015625 0.021484375
0 0.8974609375 0.2412109375 0.041015625 0.025390625
0 0.9091796875 0.435546875 0.041015625 0.0234375
0 0.89453125 0.4755859375 0.03515625 0.021484375
0 0.9033203125 0.494140625 0.037109375 0.015625
0 0.9072265625 0.51171875 0.044921875 0.01953125
0 0.2177734375 0.7119140625 0.017578125 0.033203125
0 0.3857421875 0.7138671875 0.017578125 0.037109375
0 0.1337890625 0.7177734375 0.017578125 0.033203125
0 0.197265625 0.71484375 0.015625 0.0390625
0 0.0234375 0.7314453125 0.015625 0.029296875
0 0.0478515625 0.728515625 0.013671875 0.03125
0 0.63671875 0.556640625 0.02734375 0.0390625
0 0.6357421875 0.6044921875 0.021484375 0.037109375
0 0.6767578125 0.689453125 0.041015625 0.02734375
