0 0.2841796875 0.3095703125 0.041015625 0.033203125
0 0.2822265625 0.3701171875 0.041015625 0.033203125
0 0.369140625 0.4599609375 0.04296875 0.021484375
0 0.279296875 0.4892578125 0.0234375 0.044921875
0 0.2841796875 0.5322265625 0.021484375 0.041015625
0 0.28515625 0.580078125 0.01953125 0.04296875
0 0.3720703125 0.5712890625 0.044921875 0.025390625
0 0.142578125 0.42578125 0.0390625 0.02734375
0 0.92578125 0.7314453125 0.04296875 0.025390625
0 0.6748046875 0.810546875 0.029296875 0.0546875
0 0.4833984375 0.8125 0.025390625 0.0390625
0 0.4609375 0.8212890625 0.0234375 0.041015625
0 0.380859375 0.978515625 0.03515625 0.03125
