0 0.3251953125 0.96484375 0.021484375 0.04296875
0 0.205078125 0.9443359375 0.0390625 0.025390625
0 0.490234375 0.96484375 0.01171875 0.03125
0 0.58984375 0.94140625 0.01953125 0.0390625
0 0.6162109375 0.9404296875 0.017578125 0.037109375
0 0.669921875 0.943359375 0.015625 0.03125
0 0.744140625 0.9287109375 0.01953125 0.029296875
0 0.9287109375 0.9541015625 0.041015625 0.013671875
0 0.814453125 0.9140625 0.0390625 0.0234375
0 0.8583984375 0.9365234375 0.033203125 0.017578125
0 0.830078125 0.9580078125 0.03125 0.017578125
0 0.818359375 0.9375 0.03125 0.0234375
