0 0.9609375 0.58203125 0.01953125 0.0390625
0 0.876953125 0.587890625 0.0234375 0.0390625
0 0.837890625 0.5849609375 0.01953125 0.029296875
0 0.7158203125 0.6015625 0.021484375 0.0390625
0 0.693359375 0.615234375 0.01953125 0.03515625
0 0.646484375 0.626953125 0.01953125 0.03515625
0 0.78125 0.6123046875 0.03515625 0.017578125
0 0.76953125 0.634765625 0.03515625 0.01953125
0 0.81640625 0.634765625 0.03515625 0.01953125
0 0.8720703125 0.1728515625 0.021484375 0.041015625
0 0.8759765625 0.2333984375 0.021484375 0.041015625
0 0.8759765625 0.27734375 0.017578125 0.04296875
0 0.888671875 0.1708984375 0.015625 0.037109375
0 0.4970703125 0.623046875 0.025390625 0.04296875
