1 0.4375 0.5546875 0.0625 0.0234375
1 0.5732421875 0.5341796875 0.056640625 0.021484375
1 0.5595703125 0.310546875 0.060546875 0.01953125
1 0.568359375 0.330078125 0.0546875 0.01953125
1 0.568359375 0.35546875 0.05859375 0.01953125
1 0.5771484375 0.552734375 0.056640625 0.0234375
1 0.578125 0.5966796875 0.0546875 0.025390625
1 0.576171875 0.638671875 0.05859375 0.0234375
1 0.583984375 0.703125 0.0546875 0.0234375
1 0.5859375 0.8046875 0.0546875 0.01953125
1 0.59375 0.8701171875 0.0546875 0.025390625
1 0.5947265625 0.93359375 0.048828125 0.0234375
0 0.6005859375 0.95703125 0.041015625 0.01953125
1 0.5537109375 0.2021484375 0.056640625 0.021484375
0 0.0791015625 0.021484375 0.021484375 0.0390625
0 0.0478515625 0.1416015625 0.017578125 0.033203125
0 0.0712890625 0.142578125 0.017578125 0.0390625
0 0.13671875 0.1455078125 0.01953125 0.033203125
0 0.2119140625 0.1376953125 0.021484375 0.037109375
0 0.5947265625 0.009765625 0.041015625 0.01953125
0 0.681640625 0.119140625 0.01953125 0.03515625
0 0.798828125 0.1162109375 0.01953125 0.037109375
0 0.833984375 0.1142578125 0.01953125 0.033203125
0 0.853515625 0.115234375 0.01953125 0.03125
0 0.875 0.12109375 0.01953125 0.03125
0 0.8935546875 0.1171875 0.017578125 0.03515625
0 0.5556640625 0.1845703125 0.041015625 0.013671875
0 0.4443359375 0.4345703125 0.041015625 0.017578125
0 0.4033203125 0.4345703125 0.037109375 0.017578125
0 0.41015625 0.4638671875 0.03515625 0.017578125
0 0.0517578125 0.8876953125 0.037109375 0.017578125
0 0.447265625 0.5830078125 0.03125 0.017578125
0 0.4521484375 0.642578125 0.037109375 0.01953125
0 0.5908203125 0.724609375 0.033203125 0.015625
0 0.45703125 0.7568359375 0.046875 0.021484375
0 0.5283203125 0.8115234375 0.017578125 0.029296875
0 0.4619140625 0.880859375 0.037109375 0.01953125
0 0.46484375 0.9189453125 0.03125 0.017578125
