0 0.7587890625 0.7392578125 0.044921875 0.021484375
0 0.63671875 0.6279296875 0.0234375 0.033203125
0 0.6123046875 0.61328125 0.025390625 0.03515625
0 0.5654296875 0.572265625 0.021484375 0.03125
0 0.54296875 0.564453125 0.0234375 0.03125
0 0.521484375 0.5478515625 0.01953125 0.033203125
0 0.48828125 0.5029296875 0.01953125 0.033203125
0 0.466796875 0.4912109375 0.0234375 0.029296875
0 0.4404296875 0.46875 0.029296875 0.03515625
0 0.396484375 0.427734375 0.03515625 0.03515625
0 0.296875 0.435546875 0.046875 0.0234375
0 0.3046875 0.3857421875 0.0390625 0.021484375
0 0.3095703125 0.2861328125 0.041015625 0.021484375
0 0.3076171875 0.267578125 0.037109375 0.015625
0 0.3056640625 0.25 0.033203125 0.01953125
0 0.30078125 0.2314453125 0.03125 0.017578125
0 0.306640625 0.2119140625 0.03515625 0.017578125
0 0.3076171875 0.1884765625 0.044921875 0.021484375
