0 0.2783203125 0.802734375 0.041015625 0.01953125
0 0.2763671875 0.767578125 0.041015625 0.01953125
0 0.27734375 0.7275390625 0.04296875 0.017578125
0 0.2734375 0.7109375 0.03515625 0.015625
0 0.271484375 0.689453125 0.0390625 0.015625
0 0.39453125 0.642578125 0.04296875 0.015625
0 0.3837890625 0.6689453125 0.048828125 0.017578125
0 0.8193359375 0.380859375 0.017578125 0.03125
0 0.865234375 0.3681640625 0.01953125 0.029296875
0 0.2353515625 0.072265625 0.060546875 0.03125
0 0.70703125 0.869140625 0.01953125 0.03125
