0 0.138671875 0.2001953125 0.03515625 0.021484375
0 0.30859375 0.2353515625 0.03515625 0.017578125
0 0.3544921875 0.236328125 0.041015625 0.01953125
0 0.1865234375 0.240234375 0.041015625 0.01953125
0 0.0947265625 0.7626953125 0.025390625 0.033203125
0 0.1474609375 0.767578125 0.029296875 0.0390625
0 0.1767578125 0.7685546875 0.029296875 0.041015625
0 0.2509765625 0.77734375 0.029296875 0.0390625
0 0.7197265625 0.68359375 0.037109375 0.0234375
0 0.6376953125 0.859375 0.021484375 0.04296875
0 0.751953125 0.9619140625 0.03125 0.017578125
0 0.4873046875 0.2275390625 0.041015625 0.021484375
