0 0.1240234375 0.474609375 0.017578125 0.03515625
0 0.1513671875 0.4833984375 0.017578125 0.041015625
0 0.2763671875 0.53125 0.025390625 0.03515625
0 0.2802734375 0.576171875 0.021484375 0.0390625
0 0.3232421875 0.619140625 0.025390625 0.046875
0 0.986328125 0.3095703125 0.015625 0.041015625
0 0.98828125 0.34765625 0.015625 0.02734375
0 0.970703125 0.388671875 0.015625 0.03515625
0 0.953125 0.388671875 0.01953125 0.03515625
0 0.9296875 0.3896484375 0.01953125 0.037109375
0 0.908203125 0.3896484375 0.01953125 0.029296875
0 0.8671875 0.3916015625 0.01953125 0.033203125
0 0.8828125 0.4775390625 0.01953125 0.033203125
0 0.8515625 0.482421875 0.015625 0.03125
