0 0.7763671875 0.341796875 0.041015625 0.0234375
0 0.849609375 0.2998046875 0.015625 0.037109375
0 0.8564453125 0.3369140625 0.017578125 0.037109375
0 0.876953125 0.2861328125 0.01953125 0.041015625
0 0.9296875 0.3818359375 0.0390625 0.021484375
0 0.80078125 0.4853515625 0.01953125 0.037109375
0 0.201171875 0.072265625 0.046875 0.03515625
0 0.025390625 0.7216796875 0.01953125 0.037109375
0 0.0537109375 0.71484375 0.017578125 0.03125
0 0.1455078125 0.7119140625 0.021484375 0.041015625
0 0.1728515625 0.708984375 0.021484375 0.0390625
0 0.2451171875 0.7138671875 0.021484375 0.041015625
0 0.271484375 0.712890625 0.0234375 0.0390625
0 0.294921875 0.7099609375 0.0234375 0.041015625
