0 0.208984375 0.25390625 0.0390625 0.015625
0 0.8974609375 0.056640625 0.017578125 0.03515625
0 0.9716796875 0.2568359375 0.025390625 0.037109375
0 0.9833984375 0.3310546875 0.017578125 0.029296875
0 0.7333984375 0.263671875 0.037109375 0.015625
0 0.7333984375 0.283203125 0.041015625 0.015625
0 0.6337890625 0.3798828125 0.021484375 0.037109375
0 0.7353515625 0.3681640625 0.041015625 0.021484375
0 0.6357421875 0.4267578125 0.017578125 0.041015625
0 0.7412109375 0.431640625 0.044921875 0.01953125
0 0.740234375 0.46875 0.03515625 0.01953125
0 0.7421875 0.5185546875 0.03515625 0.017578125
0 0.74609375 0.5546875 0.03515625 0.015625
0 0.7431640625 0.57421875 0.037109375 0.015625
0 0.7451171875 0.595703125 0.037109375 0.015625
0 0.607421875 0.607421875 0.0390625 0.01953125
0 0.60546875 0.6298828125 0.03125 0.017578125
0 0.751953125 0.7392578125 0.0390625 0.021484375
0 0.9921875 0.5029296875 0.015625 0.033203125
0 0.9912109375 0.4658203125 0.017578125 0.029296875
0 0.6025390625 0.7861328125 0.033203125 0.017578125
0 0.017578125 0.7041015625 0.03125 0.017578125
0 0.6103515625 0.875 0.044921875 0.01953125
0 0.60546875 0.8525390625 0.04296875 0.025390625
0 0.6025390625 0.8154296875 0.048828125 0.021484375
0 0.599609375 0.787109375 0.04296875 0.0234375
0 0.7529296875 0.73828125 0.044921875 0.01953125
0 0.7568359375 0.8173828125 0.044921875 0.021484375
0 0.759765625 0.8544921875 0.04296875 0.017578125
0 0.7578125 0.8720703125 0.0390625 0.017578125
0 0.7587890625 0.896484375 0.041015625 0.01953125
0 0.7568359375 0.962890625 0.041015625 0.015625
0 0.7666015625 0.982421875 0.041015625 0.0234375
