0 0.4892578125 0.845703125 0.021484375 0.03515625
0 0.52734375 0.8798828125 0.01953125 0.037109375
0 0.615234375 0.8896484375 0.03125 0.025390625
0 0.685546875 0.8779296875 0.0234375 0.029296875
0 0.7177734375 0.8779296875 0.025390625 0.037109375
0 0.8388671875 0.763671875 0.021484375 0.0390625
0 0.9345703125 0.791015625 0.017578125 0.0390625
0 0.9541015625 0.623046875 0.041015625 0.03515625
0 0.7392578125 0.4423828125 0.029296875 0.017578125
0 0.73828125 0.3828125 0.0390625 0.015625
1 0.732421875 0.4033203125 0.05078125 0.017578125
0 0.7275390625 0.3369140625 0.037109375 0.017578125
0 0.7373046875 0.3076171875 0.037109375 0.017578125
0 0.443359375 0.39453125 0.015625 0.03125
0 0.2529296875 0.390625 0.033203125 0.01953125
0 0.2490234375 0.3359375 0.037109375 0.01953125
0 0.2509765625 0.3115234375 0.041015625 0.017578125
0 0.2470703125 0.2919921875 0.033203125 0.017578125
