0 0.39453125 0.1953125 0.0390625 0.0234375
0 0.392578125 0.28125 0.03515625 0.01953125
0 0.3974609375 0.3037109375 0.033203125 0.025390625
0 0.4462890625 0.3564453125 0.017578125 0.033203125
0 0.421875 0.345703125 0.01953125 0.0390625
0 0.39453125 0.3896484375 0.03515625 0.013671875
0 0.3974609375 0.4150390625 0.037109375 0.021484375
0 0.40234375 0.435546875 0.0390625 0.02734375
0 0.40234375 0.4609375 0.03515625 0.0234375
0 0.3935546875 0.5078125 0.021484375 0.0390625
0 0.49609375 0.4716796875 0.03125 0.017578125
0 0.498046875 0.4931640625 0.0390625 0.021484375
0 0.4990234375 0.5107421875 0.037109375 0.021484375
0 0.4912109375 0.43359375 0.025390625 0.015625
0 0.4873046875 0.3681640625 0.041015625 0.021484375
0 0.490234375 0.275390625 0.0234375 0.01953125
0 0.4833984375 0.3115234375 0.029296875 0.017578125
0 0.541015625 0.2158203125 0.03125 0.021484375
0 0.71484375 0.2509765625 0.0390625 0.021484375
0 0.716796875 0.2734375 0.0390625 0.015625
0 0.71875 0.29296875 0.04296875 0.01953125
0 0.5341796875 0.705078125 0.021484375 0.04296875
0 0.6025390625 0.7021484375 0.029296875 0.041015625
0 0.0810546875 0.4404296875 0.033203125 0.029296875
0 0.0654296875 0.4541015625 0.033203125 0.029296875
0 0.0654296875 0.48046875 0.025390625 0.015625
0 0.2265625 0.515625 0.01953125 0.03515625
