0 0.7099609375 0.02734375 0.021484375 0.0390625
0 0.6865234375 0.0302734375 0.017578125 0.029296875
0 0.666015625 0.0322265625 0.015625 0.029296875
0 0.642578125 0.0361328125 0.015625 0.033203125
0 0.5537109375 0.0390625 0.017578125 0.0390625
0 0.53125 0.037109375 0.015625 0.0390625
0 0.5087890625 0.0361328125 0.017578125 0.037109375
0 0.4853515625 0.041015625 0.017578125 0.03515625
0 0.4453125 0.0400390625 0.01953125 0.033203125
0 0.5166015625 0.1005859375 0.041015625 0.017578125
0 0.0185546875 0.06640625 0.017578125 0.03515625
0 0.8203125 0.107421875 0.05078125 0.04296875
0 0.6708984375 0.13671875 0.017578125 0.03515625
0 0.6455078125 0.1376953125 0.021484375 0.041015625
0 0.6064453125 0.1376953125 0.021484375 0.037109375
0 0.580078125 0.1416015625 0.01953125 0.037109375
0 0.5556640625 0.14453125 0.013671875 0.04296875
0 0.5361328125 0.142578125 0.013671875 0.03515625
0 0.513671875 0.1416015625 0.01953125 0.037109375
0 0.4912109375 0.1416015625 0.017578125 0.033203125
0 0.470703125 0.1474609375 0.015625 0.029296875
0 0.427734375 0.146484375 0.01953125 0.0390625
0 0.40234375 0.1484375 0.01953125 0.046875
0 0.3798828125 0.1474609375 0.025390625 0.037109375
0 0.3583984375 0.146484375 0.017578125 0.02734375
0 0.8671875 0.26171875 0.01953125 0.03515625
0 0.837890625 0.3818359375 0.015625 0.041015625
0 0.76171875 0.373046875 0.02734375 0.03515625
0 0.7373046875 0.37890625 0.013671875 0.03125
0 0.712890625 0.375 0.01953125 0.03125
0 0.6865234375 0.3720703125 0.017578125 0.033203125
0 0.6640625 0.376953125 0.01953125 0.03515625
0 0.62109375 0.37890625 0.0234375 0.0390625
0 0.5966796875 0.37890625 0.017578125 0.04296875
0 0.5712890625 0.3740234375 0.017578125 0.029296875
0 0.548828125 0.3828125 0.015625 0.03515625
0 0.5048828125 0.380859375 0.017578125 0.03515625
0 0.4580078125 0.3857421875 0.021484375 0.033203125
0 0.43359375 0.38671875 0.01953125 0.0390625
0 0.4140625 0.3857421875 0.01953125 0.037109375
0 0.3955078125 0.3876953125 0.017578125 0.033203125
0 0.3701171875 0.3955078125 0.017578125 0.033203125
0 0.3466796875 0.3935546875 0.017578125 0.033203125
0 0.427734375 0.4765625 0.01953125 0.0390625
0 0.4091796875 0.4765625 0.017578125 0.03125
0 0.3876953125 0.478515625 0.017578125 0.03515625
0 0.556640625 0.47265625 0.015625 0.0390625
0 0.5517578125 0.525390625 0.021484375 0.04296875
0 0.5078125 0.51953125 0.01953125 0.0390625
0 0.5751953125 0.5234375 0.013671875 0.03515625
0 0.8125 0.5615234375 0.0390625 0.017578125
0 0.818359375 0.5810546875 0.05078125 0.021484375
0 0.81640625 0.607421875 0.0390625 0.01953125
0 0.818359375 0.6298828125 0.03515625 0.013671875
0 0.822265625 0.646484375 0.04296875 0.01953125
0 0.9169921875 0.607421875 0.037109375 0.0234375
0 0.91015625 0.541015625 0.04296875 0.01953125
0 0.9765625 0.5869140625 0.0390625 0.021484375
0 0.966796875 0.626953125 0.04296875 0.02734375
0 0.82421875 0.736328125 0.046875 0.01953125
0 0.82421875 0.77734375 0.04296875 0.01953125
0 0.8310546875 0.796875 0.044921875 0.01953125
0 0.8271484375 0.884765625 0.041015625 0.01953125
0 0.8271484375 0.9228515625 0.037109375 0.017578125
0 0.830078125 0.9462890625 0.0390625 0.017578125
0 0.4052734375 0.7197265625 0.044921875 0.017578125
0 0.4052734375 0.73828125 0.044921875 0.01953125
0 0.4130859375 0.7578125 0.041015625 0.01953125
0 0.4140625 0.7998046875 0.046875 0.029296875
0 0.4111328125 0.8408203125 0.037109375 0.017578125
0 0.41796875 0.86328125 0.04296875 0.015625
0 0.4697265625 0.8798828125 0.021484375 0.037109375
0 0.4287109375 0.919921875 0.044921875 0.015625
0 0.419921875 0.9384765625 0.0390625 0.017578125
0 0.4248046875 0.98046875 0.044921875 0.01953125
0 0.4326171875 0.958984375 0.044921875 0.015625
0 0.5087890625 0.8759765625 0.037109375 0.021484375
0 0.5458984375 0.8359375 0.037109375 0.01953125
0 0.5478515625 0.8583984375 0.033203125 0.013671875
0 0.6064453125 0.8486328125 0.021484375 0.037109375
0 0.5419921875 0.7783203125 0.044921875 0.021484375
0 0.4970703125 0.62109375 0.041015625 0.0390625
0 0.54296875 0.640625 0.03515625 0.03125
0 0.5908203125 0.646484375 0.029296875 0.0390625
0 0.5009765625 0.71875 0.033203125 0.02734375
0 0.5537109375 0.6953125 0.033203125 0.0390625
0 0.533203125 0.9609375 0.046875 0.0234375
0 0.4921875 0.9599609375 0.03515625 0.025390625
0 0.58203125 0.978515625 0.015625 0.04296875
0 0.0927734375 0.2724609375 0.044921875 0.021484375
0 0.09375 0.29296875 0.046875 0.01953125
0 0.0927734375 0.3125 0.044921875 0.01953125
0 0.09765625 0.33203125 0.0390625 0.01953125
0 0.1005859375 0.3525390625 0.044921875 0.021484375
0 0.09765625 0.3798828125 0.0390625 0.017578125
0 0.0986328125 0.3994140625 0.041015625 0.021484375
0 0.1005859375 0.419921875 0.037109375 0.015625
0 0.1015625 0.4404296875 0.0390625 0.017578125
0 0.1025390625 0.4609375 0.041015625 0.01953125
0 0.10546875 0.484375 0.04296875 0.01953125
0 0.1044921875 0.505859375 0.041015625 0.015625
0 0.107421875 0.5263671875 0.04296875 0.017578125
0 0.1103515625 0.5693359375 0.044921875 0.017578125
0 0.111328125 0.587890625 0.0390625 0.01953125
0 0.115234375 0.6103515625 0.04296875 0.017578125
0 0.1181640625 0.6748046875 0.041015625 0.021484375
0 0.1259765625 0.7392578125 0.044921875 0.021484375
0 0.1220703125 0.802734375 0.041015625 0.01953125
0 0.125 0.822265625 0.0390625 0.01953125
0 0.1279296875 0.8427734375 0.044921875 0.021484375
0 0.1298828125 0.88671875 0.041015625 0.01953125
0 0.1259765625 0.9658203125 0.037109375 0.017578125
0 0.1318359375 0.9873046875 0.025390625 0.013671875
