0 0.025390625 0.4091796875 0.0234375 0.037109375
0 0.1220703125 0.408203125 0.025390625 0.04296875
0 0.0791015625 0.267578125 0.037109375 0.015625
0 0.0771484375 0.2197265625 0.037109375 0.017578125
0 0.07421875 0.1845703125 0.0390625 0.013671875
0 0.07421875 0.1494140625 0.0390625 0.021484375
0 0.0712890625 0.1181640625 0.041015625 0.017578125
0 0.072265625 0.1005859375 0.0390625 0.017578125
0 0.1484375 0.05859375 0.03515625 0.01953125
0 0.1494140625 0.1279296875 0.037109375 0.017578125
0 0.2275390625 0.103515625 0.017578125 0.03515625
0 0.2275390625 0.154296875 0.021484375 0.03515625
1 0.1982421875 0.2548828125 0.025390625 0.076171875
0 0.232421875 0.201171875 0.015625 0.03515625
0 0.23828125 0.2998046875 0.015625 0.033203125
0 0.2373046875 0.35546875 0.017578125 0.03125
0 0.2431640625 0.4052734375 0.017578125 0.037109375
0 0.251953125 0.5439453125 0.015625 0.033203125
0 0.251953125 0.6357421875 0.01953125 0.037109375
0 0.0126953125 0.66796875 0.017578125 0.03515625
0 0.0576171875 0.65625 0.017578125 0.0390625
0 0.4765625 0.0234375 0.03515625 0.015625
1 0.4755859375 0.0419921875 0.033203125 0.013671875
0 0.4755859375 0.0615234375 0.033203125 0.013671875
0 0.478515625 0.083984375 0.03515625 0.01953125
0 0.4775390625 0.125 0.033203125 0.015625
1 0.482421875 0.1640625 0.0390625 0.015625
0 0.4814453125 0.1416015625 0.033203125 0.013671875
0 0.484375 0.18359375 0.0390625 0.015625
0 0.4853515625 0.201171875 0.041015625 0.01953125
0 0.4892578125 0.2216796875 0.037109375 0.021484375
0 0.482421875 0.2431640625 0.03515625 0.017578125
0 0.490234375 0.263671875 0.0390625 0.015625
0 0.4892578125 0.2822265625 0.037109375 0.013671875
0 0.490234375 0.3037109375 0.0390625 0.017578125
0 0.48828125 0.322265625 0.0390625 0.015625
0 0.490234375 0.33984375 0.0390625 0.01953125
0 0.49609375 0.37890625 0.046875 0.0234375
0 0.3828125 0.4482421875 0.015625 0.029296875
0 0.40234375 0.44921875 0.015625 0.02734375
0 0.423828125 0.4443359375 0.01953125 0.037109375
0 0.4443359375 0.447265625 0.021484375 0.02734375
0 0.25390625 0.7431640625 0.015625 0.029296875
0 0.3017578125 0.759765625 0.037109375 0.02734375
0 0.232421875 0.7998046875 0.0234375 0.029296875
0 0.5380859375 0.765625 0.041015625 0.01953125
0 0.64453125 0.1806640625 0.01953125 0.033203125
0 0.666015625 0.181640625 0.01953125 0.03125
0 0.7109375 0.1748046875 0.01953125 0.033203125
0 0.7373046875 0.1826171875 0.021484375 0.041015625
0 0.689453125 0.1787109375 0.01953125 0.033203125
0 0.6787109375 0.4365234375 0.017578125 0.033203125
0 0.6962890625 0.4365234375 0.017578125 0.033203125
0 0.716796875 0.43359375 0.01953125 0.03515625
0 0.69140625 0.7919921875 0.04296875 0.017578125
0 0.89453125 0.7890625 0.0390625 0.01953125
0 0.1171875 0.853515625 0.02734375 0.01953125
0 0.115234375 0.9091796875 0.01953125 0.037109375
0 0.2607421875 0.958984375 0.017578125 0.03515625
0 0.3125 0.978515625 0.03125 0.015625
0 0.4736328125 0.9453125 0.017578125 0.0390625
0 0.517578125 0.9423828125 0.015625 0.029296875
0 0.5380859375 0.9404296875 0.013671875 0.025390625
0 0.5673828125 0.9453125 0.013671875 0.01953125
0 0.62890625 0.8759765625 0.0390625 0.017578125
0 0.62890625 0.927734375 0.015625 0.02734375
0 0.64453125 0.9765625 0.015625 0.0390625
0 0.662109375 0.970703125 0.015625 0.03515625
0 0.7001953125 0.931640625 0.017578125 0.03125
0 0.74609375 0.9287109375 0.01953125 0.033203125
0 0.7939453125 0.927734375 0.017578125 0.0390625
0 0.8134765625 0.92578125 0.021484375 0.03515625
0 0.8388671875 0.923828125 0.017578125 0.03125
0 0.859375 0.9267578125 0.015625 0.029296875
0 0.8828125 0.9267578125 0.015625 0.037109375
0 0.953125 0.9228515625 0.015625 0.033203125
0 0.9697265625 0.8671875 0.033203125 0.01953125
0 0.9765625 0.927734375 0.015625 0.03125
1 0.033203125 0.94921875 0.0546875 0.01171875
1 0.037109375 0.9677734375 0.0546875 0.013671875
1 0.0341796875 0.986328125 0.052734375 0.01171875
1 0.4873046875 0.876953125 0.080078125 0.01953125
1 0.7001953125 0.87109375 0.056640625 0.01953125
1 0.7978515625 0.8671875 0.080078125 0.0234375
1 0.904296875 0.8623046875 0.08203125 0.021484375
