0 0.2783203125 0.662109375 0.041015625 0.0234375
0 0.3408203125 0.611328125 0.021484375 0.0390625
0 0.24609375 0.6123046875 0.0234375 0.041015625
0 0.4384765625 0.625 0.021484375 0.04296875
0 0.466796875 0.615234375 0.01953125 0.0390625
0 0.4931640625 0.673828125 0.041015625 0.0234375
0 0.71875 0.822265625 0.0234375 0.0390625
0 0.6767578125 0.9150390625 0.041015625 0.025390625
0 0.6865234375 0.9521484375 0.041015625 0.021484375
0 0.6748046875 0.9736328125 0.041015625 0.025390625
0 0.478515625 0.439453125 0.03515625 0.0234375
