0 0.0166015625 0.3310546875 0.033203125 0.021484375
0 0.013671875 0.419921875 0.01953125 0.03515625
0 0.25 0.5888671875 0.04296875 0.025390625
0 0.1279296875 0.341796875 0.037109375 0.01953125
0 0.1259765625 0.361328125 0.037109375 0.01953125
0 0.072265625 0.3232421875 0.01953125 0.033203125
0 0.1279296875 0.3994140625 0.044921875 0.025390625
0 0.3076171875 0.296875 0.041015625 0.01953125
0 0.31640625 0.3173828125 0.046875 0.021484375
0 0.32421875 0.3369140625 0.04296875 0.029296875
0 0.564453125 0.25 0.0390625 0.02734375
0 0.595703125 0.1953125 0.04296875 0.0234375
0 0.5947265625 0.2998046875 0.041015625 0.021484375
