0 0.095703125 0.4560546875 0.04296875 0.017578125
0 0.6474609375 0.4462890625 0.048828125 0.021484375
0 0.2109375 0.533203125 0.04296875 0.0234375
0 0.59375 0.6376953125 0.05078125 0.025390625
0 0.943359375 0.091796875 0.01953125 0.03515625
0 0.9091796875 0.1044921875 0.041015625 0.017578125
0 0.93359375 0.1279296875 0.0390625 0.021484375
0 0.927734375 0.22265625 0.03125 0.01953125
0 0.939453125 0.279296875 0.03515625 0.01953125
0 0.951171875 0.5712890625 0.04296875 0.021484375
0 0.951171875 0.6416015625 0.04296875 0.021484375
0 0.9091796875 0.7646484375 0.048828125 0.021484375
