0 0.923828125 0.0517578125 0.02734375 0.037109375
0 0.7353515625 0.0654296875 0.048828125 0.029296875
0 0.5888671875 0.388671875 0.021484375 0.0234375
0 0.6806640625 0.3583984375 0.029296875 0.033203125
0 0.7099609375 0.3505859375 0.025390625 0.033203125
0 0.8291015625 0.4345703125 0.041015625 0.029296875
0 0.642578125 0.45703125 0.0390625 0.01953125
0 0.6484375 0.478515625 0.0390625 0.01953125
0 0.6513671875 0.4951171875 0.037109375 0.017578125
0 0.77734375 0.5869140625 0.02734375 0.033203125
