0 0.234375 0.05078125 0.03515625 0.0234375
0 0.4296875 0.0419921875 0.015625 0.025390625
0 0.455078125 0.0419921875 0.015625 0.029296875
0 0.4765625 0.04296875 0.015625 0.02734375
0 0.62890625 0.0185546875 0.0390625 0.017578125
0 0.97265625 0.13671875 0.0390625 0.03125
0 0.46875 0.5048828125 0.03515625 0.017578125
0 0.525390625 0.533203125 0.0390625 0.01953125
0 0.625 0.5 0.0390625 0.01953125
0 0.669921875 0.498046875 0.03515625 0.01953125
0 0.56640625 0.7021484375 0.01953125 0.037109375
0 0.5576171875 0.6240234375 0.017578125 0.037109375
0 0.66796875 0.599609375 0.01953125 0.03515625
0 0.787109375 0.7490234375 0.01953125 0.029296875
0 0.78125 0.6005859375 0.015625 0.037109375
