1 0.7158203125 0.4833984375 0.025390625 0.087890625
1 0.63671875 0.474609375 0.02734375 0.06640625
1 0.640625 0.560546875 0.0234375 0.0625
0 0.0322265625 0.0439453125 0.021484375 0.044921875
0 0.03515625 0.0986328125 0.0234375 0.041015625
0 0.0390625 0.1435546875 0.01953125 0.037109375
0 0.0400390625 0.1806640625 0.017578125 0.033203125
0 0.8525390625 0.0869140625 0.037109375 0.017578125
0 0.892578125 0.2197265625 0.01953125 0.033203125
0 0.7373046875 0.7587890625 0.021484375 0.033203125
0 0.7421875 0.875 0.01953125 0.03515625
