0 0.025390625 0.2001953125 0.01953125 0.041015625
0 0.033203125 0.4306640625 0.01953125 0.033203125
0 0.3837890625 0.0625 0.037109375 0.01953125
0 0.3818359375 0.0849609375 0.041015625 0.013671875
0 0.388671875 0.1005859375 0.02734375 0.017578125
0 0.2509765625 0.173828125 0.037109375 0.015625
0 0.2568359375 0.1953125 0.033203125 0.01171875
0 0.2548828125 0.2099609375 0.029296875 0.017578125
0 0.25390625 0.2294921875 0.0390625 0.017578125
0 0.34765625 0.203125 0.04296875 0.015625
0 0.3984375 0.19921875 0.03125 0.01953125
0 0.3974609375 0.2216796875 0.041015625 0.017578125
0 0.2548828125 0.267578125 0.037109375 0.01953125
0 0.3466796875 0.2919921875 0.041015625 0.017578125
0 0.3486328125 0.3125 0.037109375 0.015625
0 0.349609375 0.33203125 0.05078125 0.015625
0 0.2568359375 0.333984375 0.037109375 0.015625
0 0.2607421875 0.3544921875 0.044921875 0.017578125
0 0.259765625 0.375 0.04296875 0.015625
0 0.259765625 0.3935546875 0.03515625 0.013671875
0 0.2880859375 0.404296875 0.021484375 0.03125
0 0.2626953125 0.427734375 0.041015625 0.015625
0 0.3505859375 0.3525390625 0.041015625 0.017578125
0 0.353515625 0.375 0.0390625 0.015625
0 0.3564453125 0.3974609375 0.037109375 0.017578125
0 0.400390625 0.408203125 0.0390625 0.01953125
0 0.466796875 0.3984375 0.0234375 0.04296875
0 0.529296875 0.3955078125 0.02734375 0.044921875
0 0.27734375 0.5703125 0.0234375 0.0390625
0 0.298828125 0.5703125 0.01953125 0.02734375
0 0.4580078125 0.5146484375 0.048828125 0.017578125
0 0.4580078125 0.5537109375 0.044921875 0.017578125
0 0.5673828125 0.5830078125 0.017578125 0.029296875
0 0.4619140625 0.626953125 0.037109375 0.01953125
0 0.4404296875 0.6572265625 0.044921875 0.017578125
0 0.3974609375 0.693359375 0.017578125 0.03125
0 0.3408203125 0.7421875 0.041015625 0.0234375
0 0.390625 0.7841796875 0.01953125 0.029296875
0 0.2724609375 0.8076171875 0.025390625 0.041015625
0 0.9404296875 0.57421875 0.017578125 0.0390625
0 0.935546875 0.4580078125 0.01953125 0.037109375
0 0.931640625 0.2900390625 0.0234375 0.044921875
0 0.9228515625 0.1767578125 0.021484375 0.044921875
