0 0.6416015625 0.3916015625 0.037109375 0.021484375
0 0.541015625 0.4423828125 0.03125 0.041015625
0 0.5615234375 0.431640625 0.029296875 0.046875
0 0.5439453125 0.4794921875 0.044921875 0.033203125
0 0.640625 0.478515625 0.046875 0.0234375
0 0.640625 0.533203125 0.03125 0.03515625
0 0.673828125 0.537109375 0.0234375 0.0390625
0 0.78515625 0.7275390625 0.0234375 0.048828125
0 0.8955078125 0.35546875 0.017578125 0.03125
0 0.9228515625 0.349609375 0.025390625 0.03515625
0 0.927734375 0.8994140625 0.03515625 0.021484375
