0 0.7275390625 0.796875 0.033203125 0.015625
0 0.69140625 0.7880859375 0.015625 0.037109375
0 0.7099609375 0.75390625 0.041015625 0.015625
0 0.3125 0.796875 0.015625 0.03515625
0 0.265625 0.8017578125 0.01171875 0.029296875
0 0.8173828125 0.169921875 0.044921875 0.0234375
0 0.849609375 0.46484375 0.04296875 0.0234375
0 0.849609375 0.5009765625 0.0390625 0.017578125
0 0.8505859375 0.541015625 0.044921875 0.01953125
0 0.701171875 0.611328125 0.08984375 0.03125
0 0.8525390625 0.6171875 0.044921875 0.0234375
0 0.701171875 0.658203125 0.0390625 0.015625
0 0.7177734375 0.68359375 0.033203125 0.01171875
0 0.7314453125 0.779296875 0.037109375 0.015625
0 0.953125 0.373046875 0.0234375 0.03515625
0 0.9619140625 0.298828125 0.044921875 0.03125
