0 0.6318359375 0.9150390625 0.044921875 0.021484375
0 0.6279296875 0.8955078125 0.041015625 0.017578125
0 0.6279296875 0.87890625 0.041015625 0.0234375
0 0.626953125 0.8466796875 0.046875 0.021484375
0 0.625 0.828125 0.0390625 0.015625
0 0.6328125 0.810546875 0.03515625 0.01953125
0 0.7373046875 0.7421875 0.044921875 0.0234375
0 0.7978515625 0.8798828125 0.021484375 0.041015625
0 0.6220703125 0.7119140625 0.041015625 0.021484375
0 0.6181640625 0.6904296875 0.041015625 0.021484375
0 0.6181640625 0.6572265625 0.044921875 0.025390625
0 0.7236328125 0.6220703125 0.044921875 0.025390625
0 0.54296875 0.55859375 0.0234375 0.046875
0 0.46875 0.55859375 0.01953125 0.0390625
0 0.4052734375 0.6279296875 0.044921875 0.025390625
0 0.4111328125 0.68359375 0.048828125 0.0234375
0 0.4091796875 0.662109375 0.037109375 0.01953125
0 0.330078125 0.6005859375 0.0234375 0.041015625
0 0.3525390625 0.42578125 0.017578125 0.04296875
0 0.521484375 0.4658203125 0.01953125 0.037109375
0 0.607421875 0.390625 0.04296875 0.0234375
0 0.6025390625 0.3330078125 0.041015625 0.021484375
0 0.5986328125 0.3154296875 0.037109375 0.021484375
0 0.59765625 0.2841796875 0.046875 0.021484375
0 0.5966796875 0.236328125 0.044921875 0.0234375
0 0.5966796875 0.1767578125 0.041015625 0.017578125
0 0.5966796875 0.158203125 0.041015625 0.01953125
0 0.58984375 0.1005859375 0.03125 0.017578125
0 0.587890625 0.087890625 0.03515625 0.01953125
0 0.5869140625 0.068359375 0.037109375 0.01953125
0 0.5888671875 0.119140625 0.037109375 0.015625
0 0.59375 0.1376953125 0.0390625 0.021484375
0 0.9423828125 0.7021484375 0.037109375 0.017578125
0 0.9443359375 0.6845703125 0.044921875 0.017578125
0 0.9365234375 0.6484375 0.041015625 0.01953125
0 0.96875 0.6279296875 0.0390625 0.021484375
0 0.9443359375 0.6142578125 0.044921875 0.021484375
0 0.9267578125 0.4296875 0.044921875 0.01953125
0 0.9306640625 0.46484375 0.044921875 0.0234375
0 0.9228515625 0.3134765625 0.041015625 0.017578125
0 0.92578125 0.3984375 0.04296875 0.01953125
0 0.923828125 0.359375 0.04296875 0.01953125
0 0.923828125 0.3349609375 0.0390625 0.017578125
0 0.7314453125 0.935546875 0.021484375 0.03515625
0 0.9541015625 0.869140625 0.017578125 0.03515625
