0 0.142578125 0.091796875 0.01953125 0.03515625
0 0.1083984375 0.1044921875 0.041015625 0.017578125
0 0.1328125 0.1279296875 0.0390625 0.021484375
0 0.126953125 0.22265625 0.03125 0.01953125
0 0.138671875 0.279296875 0.03515625 0.01953125
0 0.2001953125 0.2578125 0.021484375 0.02734375
0 0.37109375 0.208984375 0.03515625 0.01953125
0 0.34765625 0.3466796875 0.04296875 0.021484375
0 0.35546875 0.380859375 0.03515625 0.0234375
0 0.3828125 0.4541015625 0.0390625 0.021484375
0 0.150390625 0.5712890625 0.04296875 0.021484375
0 0.150390625 0.6416015625 0.04296875 0.021484375
0 0.1083984375 0.7646484375 0.048828125 0.021484375
0 0.4169921875 0.6630859375 0.017578125 0.029296875
0 0.4404296875 0.6552734375 0.021484375 0.041015625
0 0.3662109375 0.7109375 0.041015625 0.0234375
0 0.4814453125 0.7255859375 0.037109375 0.017578125
0 0.4775390625 0.7421875 0.041015625 0.015625
0 0.435546875 0.728515625 0.03125 0.01171875
0 0.5830078125 0.66015625 0.041015625 0.0234375
0 0.6259765625 0.9228515625 0.037109375 0.029296875
0 0.583984375 0.7431640625 0.03515625 0.017578125
0 0.6796875 0.720703125 0.03125 0.02734375
0 0.68359375 0.7705078125 0.03125 0.029296875
0 0.71875 0.861328125 0.046875 0.0234375
0 0.7080078125 0.921875 0.037109375 0.01953125
0 0.8916015625 0.9091796875 0.044921875 0.021484375
0 0.94140625 0.90625 0.0390625 0.0234375
