1 0.39453125 0.7060546875 0.0625 0.025390625
1 0.5830078125 0.615234375 0.029296875 0.0703125
1 0.5869140625 0.71484375 0.025390625 0.0859375
1 0.5908203125 0.810546875 0.025390625 0.0859375
1 0.5947265625 0.90625 0.025390625 0.0859375
1 0.6708984375 0.68359375 0.025390625 0.0859375
1 0.681640625 0.775390625 0.0625 0.06640625
1 0.6865234375 0.8173828125 0.052734375 0.056640625
1 0.693359375 0.86328125 0.0546875 0.0625
1 0.6767578125 0.92578125 0.041015625 0.0390625
1 0.697265625 0.9453125 0.046875 0.06640625
1 0.841796875 0.8330078125 0.01953125 0.083984375
1 0.791015625 0.912109375 0.0234375 0.08203125
1 0.8466796875 0.9296875 0.021484375 0.0859375
1 0.037109375 0.25 0.01953125 0.0546875
1 0.0166015625 0.2509765625 0.017578125 0.052734375
