1 0.72265625 0.9052734375 0.06640625 0.060546875
0 0.8984375 0.755859375 0.0390625 0.01953125
0 0.76171875 0.759765625 0.0390625 0.01953125
0 0.822265625 0.876953125 0.0390625 0.03125
0 0.4716796875 0.76953125 0.044921875 0.01953125
0 0.5380859375 0.716796875 0.017578125 0.03125
0 0.5185546875 0.576171875 0.044921875 0.05859375
0 0.548828125 0.5185546875 0.01953125 0.037109375
0 0.5263671875 0.51953125 0.021484375 0.0390625
0 0.716796875 0.2392578125 0.04296875 0.021484375
0 0.9091796875 0.240234375 0.041015625 0.0234375
0 0.962890625 0.2392578125 0.03125 0.017578125
0 0.2373046875 0.6005859375 0.056640625 0.025390625
0 0.3056640625 0.7236328125 0.021484375 0.033203125
0 0.134765625 0.7412109375 0.0234375 0.044921875
