0 0.0380859375 0.91796875 0.029296875 0.0390625
0 0.021484375 0.8134765625 0.0234375 0.037109375
0 0.04296875 0.8076171875 0.01953125 0.037109375
0 0.3427734375 0.96875 0.048828125 0.01953125
0 0.3388671875 0.9287109375 0.044921875 0.017578125
0 0.337890625 0.9482421875 0.03515625 0.021484375
0 0.3857421875 0.955078125 0.021484375 0.02734375
0 0.3330078125 0.83984375 0.041015625 0.01953125
0 0.3330078125 0.818359375 0.041015625 0.0234375
0 0.333984375 0.794921875 0.0390625 0.0234375
0 0.3369140625 0.8916015625 0.037109375 0.021484375
0 0.328125 0.7568359375 0.0390625 0.021484375
0 0.330078125 0.73828125 0.03515625 0.015625
0 0.32421875 0.720703125 0.03515625 0.01953125
0 0.330078125 0.69921875 0.04296875 0.01953125
0 0.3251953125 0.677734375 0.044921875 0.0234375
0 0.328125 0.6572265625 0.0390625 0.017578125
0 0.2744140625 0.533203125 0.029296875 0.03515625
0 0.056640625 0.537109375 0.02734375 0.03125
0 0.09375 0.45703125 0.01953125 0.0390625
0 0.3603515625 0.482421875 0.021484375 0.04296875
0 0.31640625 0.4658203125 0.0390625 0.021484375
0 0.3173828125 0.4443359375 0.037109375 0.021484375
0 0.318359375 0.4228515625 0.03515625 0.021484375
0 0.310546875 0.3974609375 0.03125 0.029296875
0 0.6279296875 0.7353515625 0.033203125 0.017578125
0 0.62890625 0.7109375 0.03515625 0.015625
0 0.62890625 0.693359375 0.03515625 0.01953125
0 0.6279296875 0.673828125 0.037109375 0.01953125
0 0.6259765625 0.6533203125 0.033203125 0.021484375
0 0.619140625 0.6171875 0.0390625 0.01953125
0 0.619140625 0.591796875 0.0390625 0.015625
0 0.6201171875 0.568359375 0.044921875 0.01953125
0 0.623046875 0.5498046875 0.0390625 0.017578125
0 0.6181640625 0.529296875 0.037109375 0.0234375
0 0.6865234375 0.65234375 0.021484375 0.03515625
0 0.6884765625 0.7373046875 0.017578125 0.033203125
0 0.6181640625 0.494140625 0.029296875 0.01953125
0 0.615234375 0.4765625 0.03515625 0.015625
0 0.619140625 0.431640625 0.0390625 0.01953125
0 0.6162109375 0.40625 0.041015625 0.01953125
0 0.61328125 0.3701171875 0.03515625 0.017578125
0 0.611328125 0.3505859375 0.03515625 0.021484375
0 0.9443359375 0.966796875 0.037109375 0.01953125
0 0.953125 0.8955078125 0.0390625 0.025390625
0 0.94921875 0.8544921875 0.0390625 0.017578125
0 0.947265625 0.8291015625 0.046875 0.017578125
0 0.9423828125 0.8076171875 0.041015625 0.017578125
0 0.9365234375 0.767578125 0.041015625 0.01953125
0 0.9375 0.7880859375 0.03515625 0.013671875
0 0.935546875 0.7421875 0.046875 0.01953125
0 0.9365234375 0.720703125 0.044921875 0.01953125
0 0.9375 0.69921875 0.04296875 0.015625
0 0.9384765625 0.681640625 0.041015625 0.015625
0 0.943359375 0.662109375 0.0390625 0.01953125
0 0.935546875 0.6357421875 0.0390625 0.017578125
0 0.9345703125 0.6162109375 0.029296875 0.013671875
0 0.9306640625 0.5986328125 0.037109375 0.021484375
0 0.931640625 0.580078125 0.04296875 0.015625
0 0.9345703125 0.55859375 0.041015625 0.01953125
0 0.9306640625 0.5400390625 0.041015625 0.017578125
0 0.923828125 0.5205078125 0.04296875 0.017578125
0 0.923828125 0.494140625 0.03515625 0.01953125
0 0.9228515625 0.474609375 0.041015625 0.01953125
0 0.9306640625 0.4501953125 0.041015625 0.021484375
0 0.9296875 0.431640625 0.0390625 0.01953125
0 0.921875 0.4140625 0.04296875 0.0234375
0 0.640625 0.802734375 0.01953125 0.0390625
0 0.6904296875 0.77734375 0.021484375 0.03515625
0 0.6826171875 0.6103515625 0.017578125 0.033203125
0 0.6787109375 0.5703125 0.017578125 0.03515625
0 0.677734375 0.474609375 0.01953125 0.03515625
0 0.677734375 0.4296875 0.01953125 0.04296875
0 0.9228515625 0.388671875 0.044921875 0.02734375
0 0.916015625 0.357421875 0.04296875 0.02734375
0 0.9150390625 0.3310546875 0.041015625 0.025390625
0 0.923828125 0.314453125 0.04296875 0.0234375
0 0.9306640625 0.2958984375 0.048828125 0.025390625
0 0.90625 0.091796875 0.0390625 0.01953125
0 0.880859375 0.060546875 0.01953125 0.0390625
