0 0.8623046875 0.505859375 0.041015625 0.02734375
0 0.875 0.8310546875 0.04296875 0.021484375
0 0.9033203125 0.9287109375 0.041015625 0.021484375
0 0.79296875 0.3984375 0.015625 0.04296875
0 0.634765625 0.4208984375 0.015625 0.041015625
0 0.5322265625 0.4287109375 0.017578125 0.041015625
0 0.373046875 0.4140625 0.015625 0.0390625
0 0.611328125 0.6171875 0.015625 0.0390625
0 0.3896484375 0.1640625 0.025390625 0.0390625
0 0.7294921875 0.0849609375 0.021484375 0.041015625
0 0.453125 0.419921875 0.015625 0.0234375
0 0.478515625 0.41796875 0.01171875 0.0234375
0 0.751953125 0.4130859375 0.01953125 0.033203125
0 0.615234375 0.6552734375 0.0234375 0.037109375
