0 0.2431640625 0.03515625 0.021484375 0.0390625
0 0.2822265625 0.033203125 0.017578125 0.03515625
0 0.2998046875 0.0361328125 0.017578125 0.041015625
0 0.322265625 0.0341796875 0.015625 0.037109375
0 0.3564453125 0.068359375 0.052734375 0.03125
0 0.357421875 0.033203125 0.01953125 0.0390625
0 0.375 0.033203125 0.015625 0.0390625
0 0.43359375 0.03125 0.01953125 0.0390625
0 0.453125 0.0302734375 0.01953125 0.037109375
0 0.353515625 0.142578125 0.01953125 0.0390625
0 0.4267578125 0.140625 0.021484375 0.04296875
0 0.44921875 0.1416015625 0.015625 0.033203125
0 0.4677734375 0.1337890625 0.017578125 0.041015625
0 0.486328125 0.13671875 0.01953125 0.03125
0 0.3779296875 0.22265625 0.037109375 0.015625
0 0.3818359375 0.2470703125 0.037109375 0.013671875
0 0.453125 0.232421875 0.0390625 0.01171875
0 0.580078125 0.4150390625 0.03515625 0.037109375
0 0.609375 0.4140625 0.0234375 0.02734375
0 0.654296875 0.416015625 0.0234375 0.04296875
0 0.697265625 0.4189453125 0.0234375 0.044921875
0 0.4638671875 0.306640625 0.033203125 0.01953125
0 0.603515625 0.3173828125 0.01953125 0.037109375
0 0.6220703125 0.3173828125 0.017578125 0.037109375
0 0.64453125 0.314453125 0.015625 0.0390625
0 0.6630859375 0.3154296875 0.021484375 0.041015625
0 0.6845703125 0.310546875 0.017578125 0.04296875
0 0.7021484375 0.3134765625 0.017578125 0.033203125
0 0.8212890625 0.306640625 0.013671875 0.03125
0 0.841796875 0.3056640625 0.015625 0.029296875
0 0.6044921875 0.5068359375 0.041015625 0.017578125
0 0.69140625 0.517578125 0.04296875 0.01953125
0 0.083984375 0.3369140625 0.02734375 0.029296875
0 0.15625 0.33984375 0.01953125 0.0390625
0 0.177734375 0.3388671875 0.0234375 0.037109375
0 0.2412109375 0.3330078125 0.017578125 0.037109375
