0 0.068359375 0.34375 0.0390625 0.03515625
0 0.072265625 0.37890625 0.0390625 0.02734375
0 0.0732421875 0.427734375 0.037109375 0.02734375
0 0.0771484375 0.51953125 0.037109375 0.03515625
0 0.078125 0.55078125 0.0390625 0.02734375
0 0.1708984375 0.681640625 0.041015625 0.01953125
0 0.05859375 0.7568359375 0.0234375 0.041015625
0 0.177734375 0.7490234375 0.01953125 0.033203125
0 0.3603515625 0.74609375 0.021484375 0.04296875
0 0.384765625 0.74609375 0.01953125 0.0390625
0 0.408203125 0.7451171875 0.01953125 0.037109375
0 0.40234375 0.876953125 0.01953125 0.03515625
0 0.43359375 0.880859375 0.01953125 0.0390625
0 0.6484375 0.921875 0.0234375 0.0390625
0 0.6923828125 0.7958984375 0.041015625 0.021484375
