0 0.3544921875 0.05859375 0.037109375 0.01953125
0 0.4248046875 0.1259765625 0.017578125 0.033203125
0 0.3623046875 0.1416015625 0.044921875 0.017578125
0 0.369140625 0.1640625 0.03515625 0.015625
0 0.3671875 0.1826171875 0.0390625 0.017578125
0 0.36328125 0.201171875 0.0390625 0.015625
0 0.37109375 0.2236328125 0.046875 0.017578125
0 0.3671875 0.2412109375 0.046875 0.017578125
0 0.3720703125 0.2607421875 0.037109375 0.013671875
0 0.3701171875 0.28125 0.037109375 0.015625
0 0.3720703125 0.298828125 0.041015625 0.01953125
0 0.435546875 0.3212890625 0.01953125 0.037109375
0 0.4365234375 0.3603515625 0.021484375 0.029296875
0 0.3779296875 0.376953125 0.044921875 0.01953125
0 0.3818359375 0.4296875 0.037109375 0.015625
0 0.3828125 0.4521484375 0.0390625 0.017578125
0 0.384765625 0.490234375 0.03515625 0.015625
0 0.3828125 0.5107421875 0.0390625 0.017578125
0 0.3857421875 0.6005859375 0.044921875 0.017578125
0 0.3876953125 0.6767578125 0.041015625 0.017578125
0 0.3935546875 0.7109375 0.041015625 0.01953125
0 0.3935546875 0.732421875 0.037109375 0.015625
0 0.3984375 0.7529296875 0.03515625 0.017578125
0 0.396484375 0.7724609375 0.0390625 0.013671875
0 0.3974609375 0.7890625 0.033203125 0.015625
0 0.3994140625 0.806640625 0.029296875 0.01171875
0 0.3974609375 0.8291015625 0.037109375 0.017578125
0 0.3955078125 0.86328125 0.041015625 0.015625
0 0.3974609375 0.880859375 0.041015625 0.015625
0 0.400390625 0.9013671875 0.03125 0.013671875
0 0.4033203125 0.9365234375 0.029296875 0.013671875
0 0.4072265625 0.9599609375 0.033203125 0.013671875
0 0.4453125 0.4775390625 0.01953125 0.037109375
0 0.4482421875 0.560546875 0.017578125 0.0390625
0 0.453125 0.693359375 0.01953125 0.04296875
0 0.4599609375 0.802734375 0.017578125 0.02734375
0 0.45703125 0.8681640625 0.01953125 0.037109375
0 0.087890625 0.9287109375 0.04296875 0.017578125
0 0.083984375 0.88671875 0.05078125 0.01953125
0 0.0869140625 0.9091796875 0.033203125 0.009765625
0 0.0908203125 0.96875 0.033203125 0.015625
0 0.0908203125 0.94921875 0.033203125 0.01171875
0 0.0771484375 0.8095703125 0.041015625 0.017578125
0 0.0751953125 0.7900390625 0.033203125 0.013671875
0 0.1474609375 0.7490234375 0.021484375 0.037109375
0 0.0400390625 0.734375 0.041015625 0.01953125
0 0.0234375 0.6953125 0.0390625 0.01953125
0 0.0791015625 0.6103515625 0.044921875 0.017578125
0 0.0751953125 0.58984375 0.041015625 0.015625
0 0.0703125 0.568359375 0.04296875 0.01953125
0 0.0712890625 0.4921875 0.037109375 0.015625
0 0.07421875 0.427734375 0.03125 0.015625
0 0.072265625 0.40625 0.04296875 0.01953125
0 0.0595703125 0.33203125 0.041015625 0.01953125
0 0.0595703125 0.3076171875 0.041015625 0.021484375
0 0.0576171875 0.2451171875 0.033203125 0.017578125
0 0.099609375 0.0419921875 0.015625 0.033203125
0 0.619140625 0.6318359375 0.0234375 0.041015625
0 0.6171875 0.4775390625 0.01953125 0.037109375
1 0.5791015625 0.4541015625 0.029296875 0.064453125
0 0.7109375 0.5595703125 0.0390625 0.021484375
0 0.7607421875 0.513671875 0.021484375 0.0390625
0 0.6552734375 0.4423828125 0.041015625 0.021484375
0 0.6494140625 0.3974609375 0.041015625 0.021484375
0 0.6484375 0.3427734375 0.03515625 0.021484375
0 0.6455078125 0.29296875 0.037109375 0.01953125
0 0.6416015625 0.23828125 0.037109375 0.01953125
0 0.640625 0.203125 0.02734375 0.015625
0 0.849609375 0.2333984375 0.04296875 0.021484375
0 0.8525390625 0.271484375 0.044921875 0.015625
0 0.8544921875 0.2958984375 0.041015625 0.017578125
0 0.861328125 0.517578125 0.04296875 0.015625
0 0.8603515625 0.474609375 0.037109375 0.015625
0 0.8564453125 0.4521484375 0.037109375 0.017578125
0 0.85546875 0.3935546875 0.04296875 0.017578125
0 0.890625 0.46875 0.0234375 0.0390625
1 0.9130859375 0.1865234375 0.025390625 0.064453125
0 0.572265625 0.044921875 0.0234375 0.03125
0 0.7021484375 0.046875 0.017578125 0.0390625
0 0.7216796875 0.0498046875 0.013671875 0.025390625
0 0.7412109375 0.041015625 0.017578125 0.03515625
0 0.763671875 0.041015625 0.015625 0.03515625
0 0.79296875 0.0400390625 0.0234375 0.033203125
0 0.822265625 0.03515625 0.015625 0.03125
0 0.8759765625 0.037109375 0.021484375 0.0390625
0 0.93359375 0.037109375 0.01953125 0.0390625
0 0.9521484375 0.033203125 0.017578125 0.03515625
0 0.9716796875 0.033203125 0.017578125 0.03515625
0 0.9912109375 0.0361328125 0.017578125 0.041015625
0 0.6767578125 0.7880859375 0.029296875 0.017578125
0 0.677734375 0.7685546875 0.02734375 0.021484375
0 0.6796875 0.912109375 0.02734375 0.01953125
0 0.68359375 0.935546875 0.0234375 0.015625
0 0.8662109375 0.6533203125 0.041015625 0.017578125
0 0.8701171875 0.6728515625 0.041015625 0.017578125
0 0.8701171875 0.693359375 0.033203125 0.01171875
0 0.873046875 0.708984375 0.03125 0.01171875
0 0.8720703125 0.7275390625 0.041015625 0.017578125
0 0.876953125 0.7626953125 0.04296875 0.017578125
0 0.876953125 0.783203125 0.03515625 0.015625
0 0.8818359375 0.8046875 0.041015625 0.0234375
0 0.875 0.83984375 0.03515625 0.015625
0 0.8779296875 0.8642578125 0.033203125 0.013671875
