0 0.1630859375 0.060546875 0.029296875 0.03125
0 0.1337890625 0.083984375 0.029296875 0.02734375
0 0.1181640625 0.10546875 0.029296875 0.03125
0 0.236328125 0.1455078125 0.03515625 0.037109375
0 0.2041015625 0.1767578125 0.041015625 0.041015625
0 0.1640625 0.216796875 0.0390625 0.0390625
0 0.5947265625 0.0966796875 0.033203125 0.033203125
0 0.6982421875 0.1796875 0.033203125 0.0390625
0 0.748046875 0.32421875 0.03125 0.02734375
0 0.6923828125 0.375 0.033203125 0.0390625
0 0.7685546875 0.4404296875 0.029296875 0.033203125
0 0.78515625 0.453125 0.03125 0.03515625
0 0.681640625 0.443359375 0.03515625 0.03515625
0 0.626953125 0.474609375 0.03515625 0.03515625
0 0.658203125 0.3525390625 0.03515625 0.037109375
0 0.6484375 0.2392578125 0.04296875 0.044921875
0 0.044921875 0.5595703125 0.0390625 0.037109375
0 0.912109375 0.3642578125 0.03515625 0.037109375
0 0.748046875 0.3232421875 0.03515625 0.037109375
0 0.8046875 0.2734375 0.0390625 0.04296875
