0 0.888671875 0.9287109375 0.04296875 0.017578125
0 0.884765625 0.88671875 0.05078125 0.01953125
0 0.8876953125 0.9091796875 0.033203125 0.009765625
0 0.8916015625 0.96875 0.033203125 0.015625
0 0.8916015625 0.94921875 0.033203125 0.01171875
0 0.8779296875 0.8095703125 0.041015625 0.017578125
0 0.8759765625 0.7900390625 0.033203125 0.013671875
0 0.9482421875 0.7490234375 0.021484375 0.037109375
0 0.8408203125 0.734375 0.041015625 0.01953125
0 0.75390625 0.74609375 0.0390625 0.015625
0 0.75390625 0.7236328125 0.0390625 0.017578125
0 0.82421875 0.6953125 0.0390625 0.01953125
0 0.697265625 0.7626953125 0.03515625 0.013671875
0 0.8798828125 0.6103515625 0.044921875 0.017578125
0 0.8759765625 0.58984375 0.041015625 0.015625
0 0.87109375 0.568359375 0.04296875 0.01953125
0 0.8720703125 0.4921875 0.037109375 0.015625
0 0.875 0.427734375 0.03125 0.015625
0 0.873046875 0.40625 0.04296875 0.01953125
0 0.8603515625 0.33203125 0.041015625 0.01953125
0 0.8603515625 0.3076171875 0.041015625 0.021484375
0 0.8583984375 0.2451171875 0.033203125 0.017578125
0 0.6689453125 0.0849609375 0.017578125 0.025390625
0 0.7392578125 0.0869140625 0.013671875 0.025390625
0 0.7607421875 0.0810546875 0.017578125 0.033203125
0 0.7861328125 0.08203125 0.021484375 0.03125
0 0.900390625 0.0419921875 0.015625 0.033203125
0 0.4853515625 0.0927734375 0.021484375 0.044921875
0 0.435546875 0.091796875 0.01953125 0.0390625
0 0.4130859375 0.091796875 0.017578125 0.0390625
0 0.3291015625 0.08984375 0.017578125 0.03515625
0 0.3115234375 0.08984375 0.017578125 0.03515625
0 0.3505859375 0.0908203125 0.017578125 0.041015625
0 0.1455078125 0.015625 0.037109375 0.01953125
0 0.1455078125 0.056640625 0.041015625 0.0234375
0 0.1376953125 0.1005859375 0.037109375 0.021484375
0 0.1484375 0.1416015625 0.04296875 0.021484375
0 0.1435546875 0.1591796875 0.041015625 0.017578125
0 0.1455078125 0.177734375 0.044921875 0.01953125
0 0.146484375 0.197265625 0.046875 0.01953125
0 0.15234375 0.2158203125 0.0390625 0.017578125
0 0.15234375 0.234375 0.0390625 0.01953125
0 0.15234375 0.2529296875 0.0390625 0.017578125
0 0.15234375 0.2724609375 0.0390625 0.021484375
0 0.1884765625 0.974609375 0.044921875 0.0234375
0 0.193359375 0.888671875 0.04296875 0.01953125
0 0.177734375 0.7705078125 0.03125 0.013671875
0 0.1767578125 0.7548828125 0.041015625 0.017578125
0 0.173828125 0.73046875 0.03515625 0.015625
0 0.1767578125 0.6552734375 0.041015625 0.021484375
0 0.1669921875 0.5947265625 0.037109375 0.017578125
0 0.16796875 0.576171875 0.03515625 0.01953125
0 0.1689453125 0.556640625 0.033203125 0.01953125
0 0.171875 0.5390625 0.02734375 0.015625
0 0.1640625 0.50390625 0.03515625 0.015625
0 0.1640625 0.4853515625 0.03515625 0.021484375
0 0.1640625 0.443359375 0.0390625 0.01953125
0 0.1640625 0.41015625 0.04296875 0.01953125
0 0.162109375 0.4287109375 0.03125 0.017578125
0 0.15625 0.3720703125 0.03515625 0.021484375
0 0.1865234375 0.34375 0.021484375 0.04296875
0 0.462890625 0.7021484375 0.03515625 0.017578125
0 0.46484375 0.7197265625 0.0390625 0.017578125
0 0.4599609375 0.7373046875 0.037109375 0.021484375
0 0.5576171875 0.6875 0.041015625 0.01953125
0 0.564453125 0.8935546875 0.04296875 0.025390625
0 0.6103515625 0.927734375 0.037109375 0.01953125
0 0.572265625 0.94921875 0.03515625 0.0234375
0 0.6123046875 0.9833984375 0.041015625 0.021484375
0 0.48046875 0.9453125 0.04296875 0.01953125
0 0.4716796875 0.92578125 0.037109375 0.01953125
0 0.4716796875 0.9052734375 0.037109375 0.021484375
0 0.4599609375 0.634765625 0.041015625 0.01953125
0 0.45703125 0.58203125 0.04296875 0.01953125
0 0.59375 0.6337890625 0.0546875 0.017578125
0 0.5458984375 0.533203125 0.041015625 0.01953125
0 0.5576171875 0.548828125 0.033203125 0.01953125
0 0.59765625 0.5322265625 0.03515625 0.017578125
0 0.5537109375 0.5830078125 0.041015625 0.017578125
0 0.5537109375 0.515625 0.041015625 0.01953125
0 0.548828125 0.4970703125 0.03515625 0.017578125
0 0.5888671875 0.4599609375 0.033203125 0.021484375
0 0.5439453125 0.466796875 0.044921875 0.01953125
0 0.541015625 0.4296875 0.0390625 0.01953125
0 0.451171875 0.40625 0.0390625 0.01953125
0 0.451171875 0.375 0.0390625 0.01953125
0 0.5390625 0.37890625 0.0390625 0.01953125
0 0.58203125 0.3740234375 0.03515625 0.017578125
0 0.447265625 0.3212890625 0.03515625 0.017578125
0 0.451171875 0.4248046875 0.0390625 0.017578125
0 0.5361328125 0.169921875 0.021484375 0.03515625
0 0.451171875 0.17578125 0.015625 0.03125
0 0.4736328125 0.1728515625 0.017578125 0.033203125
0 0.6103515625 0.841796875 0.044921875 0.01953125
