0 0.6533203125 0.14453125 0.021484375 0.046875
0 0.919921875 0.16796875 0.046875 0.0234375
0 0.775390625 0.193359375 0.046875 0.0234375
0 0.66015625 0.2509765625 0.01953125 0.029296875
0 0.4912109375 0.2783203125 0.037109375 0.033203125
0 0.4541015625 0.2802734375 0.041015625 0.033203125
0 0.4814453125 0.1708984375 0.033203125 0.017578125
0 0.5712890625 0.0859375 0.033203125 0.01953125
0 0.859375 0.6640625 0.0234375 0.046875
0 0.93359375 0.666015625 0.04296875 0.0234375
0 0.97265625 0.6396484375 0.0390625 0.021484375
