0 0.5380859375 0.0546875 0.037109375 0.03515625
0 0.6259765625 0.080078125 0.033203125 0.02734375
0 0.0400390625 0.82421875 0.033203125 0.01953125
0 0.8916015625 0.6826171875 0.017578125 0.041015625
0 0.873046875 0.6845703125 0.01953125 0.037109375
0 0.84765625 0.6865234375 0.01953125 0.044921875
0 0.4658203125 0.04296875 0.044921875 0.0390625
0 0.6806640625 0.1201171875 0.041015625 0.041015625
0 0.697265625 0.1357421875 0.0390625 0.041015625
0 0.7265625 0.12890625 0.03515625 0.046875
0 0.7392578125 0.169921875 0.033203125 0.03515625
0 0.7568359375 0.189453125 0.037109375 0.046875
0 0.7734375 0.2021484375 0.03515625 0.044921875
0 0.7890625 0.2138671875 0.02734375 0.041015625
0 0.876953125 0.248046875 0.04296875 0.04296875
0 0.544921875 0.15625 0.046875 0.0390625
0 0.623046875 0.22265625 0.05078125 0.0390625
0 0.6943359375 0.2783203125 0.037109375 0.048828125
0 0.7490234375 0.337890625 0.037109375 0.05078125
