0 0.740234375 0.20703125 0.01953125 0.04296875
0 0.6953125 0.2021484375 0.01953125 0.037109375
0 0.6376953125 0.181640625 0.033203125 0.01953125
0 0.6396484375 0.2119140625 0.041015625 0.017578125
0 0.5419921875 0.1513671875 0.021484375 0.037109375
0 0.560546875 0.2568359375 0.0390625 0.025390625
0 0.8603515625 0.6357421875 0.017578125 0.037109375
0 0.8896484375 0.6328125 0.021484375 0.04296875
0 0.9140625 0.630859375 0.015625 0.03515625
0 0.5439453125 0.916015625 0.041015625 0.01953125
