0 0.2275390625 0.5859375 0.044921875 0.0390625
0 0.2373046875 0.662109375 0.025390625 0.0234375
0 0.2822265625 0.6015625 0.025390625 0.03125
0 0.326171875 0.60546875 0.01953125 0.04296875
0 0.3447265625 0.6025390625 0.017578125 0.037109375
0 0.42578125 0.583984375 0.04296875 0.01953125
0 0.4306640625 0.6103515625 0.041015625 0.017578125
0 0.4296875 0.6376953125 0.04296875 0.017578125
0 0.32421875 0.65625 0.03515625 0.015625
0 0.3076171875 0.7080078125 0.017578125 0.033203125
0 0.2705078125 0.708984375 0.021484375 0.03515625
0 0.2412109375 0.7099609375 0.017578125 0.033203125
0 0.162109375 0.716796875 0.01953125 0.03125
0 0.119140625 0.7138671875 0.02734375 0.033203125
0 0.0517578125 0.716796875 0.025390625 0.03125
0 0.03515625 0.673828125 0.03515625 0.015625
0 0.08203125 0.669921875 0.02734375 0.01171875
0 0.09375 0.6240234375 0.015625 0.033203125
0 0.072265625 0.62890625 0.015625 0.0390625
0 0.111328125 0.6376953125 0.01953125 0.037109375
0 0.041015625 0.626953125 0.015625 0.03515625
0 0.1396484375 0.41796875 0.025390625 0.03515625
0 0.0986328125 0.4189453125 0.021484375 0.037109375
0 0.0771484375 0.4208984375 0.021484375 0.033203125
0 0.041015625 0.412109375 0.015625 0.03515625
