0 0.69921875 0.212890625 0.015625 0.03125
0 0.7255859375 0.2138671875 0.017578125 0.033203125
0 0.744140625 0.21484375 0.01953125 0.02734375
0 0.791015625 0.2119140625 0.01953125 0.044921875
0 0.8134765625 0.2080078125 0.017578125 0.037109375
0 0.8349609375 0.20703125 0.017578125 0.03515625
0 0.8564453125 0.2080078125 0.017578125 0.037109375
0 0.8388671875 0.2705078125 0.037109375 0.017578125
0 0.900390625 0.2080078125 0.015625 0.029296875
0 0.921875 0.2041015625 0.01953125 0.037109375
0 0.9423828125 0.2021484375 0.021484375 0.033203125
0 0.9716796875 0.203125 0.017578125 0.03125
0 0.939453125 0.3955078125 0.03515625 0.017578125
0 0.9482421875 0.4140625 0.037109375 0.01953125
0 0.9404296875 0.4365234375 0.033203125 0.013671875
0 0.9423828125 0.453125 0.037109375 0.01953125
0 0.943359375 0.4736328125 0.0390625 0.021484375
0 0.9453125 0.4921875 0.03125 0.015625
0 0.9775390625 0.521484375 0.021484375 0.05078125
0 0.9423828125 0.5126953125 0.037109375 0.017578125
0 0.94140625 0.5302734375 0.03515625 0.017578125
0 0.9462890625 0.5478515625 0.044921875 0.017578125
0 0.8330078125 0.5078125 0.025390625 0.02734375
0 0.79296875 0.5048828125 0.0234375 0.029296875
0 0.7060546875 0.5009765625 0.017578125 0.029296875
0 0.7333984375 0.517578125 0.021484375 0.02734375
0 0.6484375 0.666015625 0.03515625 0.01953125
0 0.6513671875 0.705078125 0.037109375 0.01953125
0 0.7021484375 0.666015625 0.017578125 0.03125
0 0.9521484375 0.5869140625 0.029296875 0.017578125
0 0.94140625 0.60546875 0.03125 0.01953125
0 0.94921875 0.62890625 0.0390625 0.015625
0 0.953125 0.6494140625 0.0390625 0.017578125
0 0.9580078125 0.68359375 0.037109375 0.01953125
0 0.955078125 0.7529296875 0.0390625 0.017578125
0 0.958984375 0.7724609375 0.03125 0.021484375
0 0.9580078125 0.794921875 0.044921875 0.015625
0 0.955078125 0.8125 0.0390625 0.01953125
0 0.9619140625 0.833984375 0.037109375 0.0234375
0 0.9580078125 0.8720703125 0.044921875 0.017578125
0 0.9638671875 0.8916015625 0.037109375 0.021484375
0 0.955078125 0.9130859375 0.0390625 0.017578125
0 0.962890625 0.9501953125 0.0390625 0.017578125
0 0.96484375 0.970703125 0.04296875 0.0234375
0 0.0283203125 0.8056640625 0.025390625 0.044921875
0 0.2626953125 0.9677734375 0.037109375 0.017578125
0 0.2646484375 0.9501953125 0.033203125 0.017578125
0 0.2646484375 0.93359375 0.033203125 0.015625
0 0.263671875 0.9189453125 0.03515625 0.013671875
0 0.2587890625 0.8974609375 0.044921875 0.013671875
0 0.2568359375 0.8740234375 0.041015625 0.013671875
0 0.259765625 0.8369140625 0.04296875 0.013671875
0 0.251953125 0.8115234375 0.03515625 0.017578125
0 0.2548828125 0.7724609375 0.037109375 0.017578125
0 0.2451171875 0.7138671875 0.037109375 0.013671875
0 0.24609375 0.6953125 0.03515625 0.0234375
0 0.244140625 0.6484375 0.0390625 0.015625
0 0.2431640625 0.6298828125 0.041015625 0.021484375
0 0.2392578125 0.6015625 0.033203125 0.015625
0 0.244140625 0.560546875 0.03515625 0.01953125
0 0.244140625 0.5419921875 0.03515625 0.017578125
0 0.240234375 0.5146484375 0.0390625 0.017578125
0 0.2333984375 0.4970703125 0.029296875 0.017578125
0 0.234375 0.4560546875 0.0390625 0.017578125
0 0.2333984375 0.4306640625 0.029296875 0.013671875
0 0.2353515625 0.412109375 0.033203125 0.01171875
0 0.23046875 0.3935546875 0.03515625 0.013671875
0 0.232421875 0.373046875 0.03125 0.015625
0 0.1220703125 0.2255859375 0.017578125 0.033203125
0 0.1435546875 0.2275390625 0.013671875 0.033203125
0 0.1650390625 0.2294921875 0.013671875 0.033203125
0 0.185546875 0.2255859375 0.01171875 0.033203125
0 0.2041015625 0.228515625 0.013671875 0.03125
0 0.2236328125 0.228515625 0.013671875 0.03125
0 0.26953125 0.228515625 0.01171875 0.03125
0 0.2919921875 0.228515625 0.013671875 0.03125
0 0.3154296875 0.23046875 0.017578125 0.02734375
0 0.3603515625 0.2265625 0.021484375 0.03515625
0 0.3876953125 0.2255859375 0.017578125 0.033203125
0 0.4140625 0.22265625 0.01953125 0.03125
0 0.4833984375 0.2177734375 0.021484375 0.029296875
0 0.5048828125 0.21875 0.021484375 0.03125
0 0.52734375 0.2177734375 0.015625 0.033203125
0 0.5458984375 0.216796875 0.021484375 0.03125
0 0.572265625 0.2177734375 0.01953125 0.033203125
0 0.3427734375 0.494140625 0.037109375 0.015625
0 0.341796875 0.5146484375 0.0390625 0.013671875
0 0.3447265625 0.537109375 0.029296875 0.01171875
0 0.3427734375 0.578125 0.033203125 0.015625
0 0.3486328125 0.599609375 0.037109375 0.015625
0 0.4765625 0.5751953125 0.015625 0.037109375
0 0.4609375 0.57421875 0.015625 0.02734375
0 0.529296875 0.5791015625 0.01953125 0.037109375
0 0.4892578125 0.6376953125 0.041015625 0.021484375
0 0.494140625 0.65625 0.0234375 0.015625
0 0.6474609375 0.662109375 0.037109375 0.0234375
0 0.650390625 0.7763671875 0.03515625 0.017578125
0 0.53515625 0.748046875 0.03515625 0.015625
0 0.54296875 0.8046875 0.03515625 0.015625
0 0.5419921875 0.828125 0.033203125 0.015625
0 0.556640625 0.8642578125 0.01171875 0.029296875
0 0.5966796875 0.8681640625 0.013671875 0.033203125
0 0.6201171875 0.8583984375 0.017578125 0.033203125
0 0.6611328125 0.8720703125 0.037109375 0.021484375
0 0.6943359375 0.5791015625 0.013671875 0.029296875
