0 0.9306640625 0.376953125 0.041015625 0.02734375
0 0.7080078125 0.791015625 0.021484375 0.04296875
0 0.66796875 0.796875 0.01953125 0.04296875
0 0.5615234375 0.80078125 0.021484375 0.046875
0 0.5283203125 0.7685546875 0.044921875 0.017578125
0 0.4619140625 0.796875 0.021484375 0.0390625
0 0.37890625 0.8037109375 0.01953125 0.044921875
0 0.361328125 0.8046875 0.015625 0.04296875
0 0.298828125 0.802734375 0.01953125 0.0390625
0 0.2783203125 0.810546875 0.021484375 0.04296875
0 0.072265625 0.8095703125 0.01953125 0.044921875
0 0.82421875 0.03125 0.0234375 0.046875
