0 0.3525390625 0.3125 0.021484375 0.0390625
0 0.3818359375 0.30859375 0.013671875 0.02734375
0 0.4921875 0.0498046875 0.0390625 0.021484375
0 0.490234375 0.08203125 0.0390625 0.01953125
0 0.501953125 0.1064453125 0.0390625 0.017578125
1 0.56640625 0.048828125 0.0859375 0.0234375
0 0.5439453125 0.076171875 0.037109375 0.01953125
0 0.64453125 0.029296875 0.0390625 0.01953125
0 0.6201171875 0.07421875 0.037109375 0.01953125
0 0.67578125 0.076171875 0.0390625 0.01953125
0 0.740234375 0.0654296875 0.05078125 0.021484375
0 0.744140625 0.0654296875 0.0390625 0.033203125
