0 0.0166015625 0.609375 0.025390625 0.0390625
0 0.0400390625 0.6064453125 0.021484375 0.033203125
0 0.060546875 0.6064453125 0.01953125 0.033203125
0 0.080078125 0.603515625 0.0234375 0.0390625
0 0.1064453125 0.5986328125 0.021484375 0.037109375
0 0.1298828125 0.603515625 0.017578125 0.0390625
0 0.1513671875 0.6044921875 0.017578125 0.041015625
0 0.169921875 0.6044921875 0.0234375 0.041015625
0 0.1982421875 0.6015625 0.017578125 0.03515625
0 0.21875 0.603515625 0.0234375 0.0390625
0 0.2421875 0.59765625 0.01953125 0.03515625
0 0.16796875 0.5634765625 0.0390625 0.021484375
0 0.2861328125 0.5595703125 0.037109375 0.017578125
0 0.26171875 0.5966796875 0.01953125 0.033203125
0 0.2861328125 0.59375 0.017578125 0.03125
0 0.3037109375 0.5947265625 0.017578125 0.033203125
0 0.326171875 0.591796875 0.015625 0.03125
0 0.3515625 0.5966796875 0.01953125 0.029296875
0 0.5595703125 0.5830078125 0.021484375 0.041015625
0 0.5927734375 0.583984375 0.017578125 0.03125
0 0.474609375 0.5146484375 0.0390625 0.041015625
0 0.5224609375 0.4111328125 0.041015625 0.017578125
0 0.525390625 0.4306640625 0.046875 0.021484375
0 0.529296875 0.451171875 0.03515625 0.01953125
0 0.51953125 0.4716796875 0.0390625 0.021484375
0 0.591796875 0.4775390625 0.04296875 0.021484375
0 0.572265625 0.45703125 0.03515625 0.01953125
0 0.6796875 0.47265625 0.04296875 0.0234375
0 0.677734375 0.4921875 0.0390625 0.015625
0 0.728515625 0.4365234375 0.04296875 0.017578125
0 0.734375 0.4541015625 0.04296875 0.017578125
0 0.728515625 0.470703125 0.04296875 0.015625
0 0.73046875 0.4873046875 0.03515625 0.017578125
0 0.6728515625 0.4111328125 0.041015625 0.017578125
0 0.5224609375 0.3896484375 0.033203125 0.017578125
0 0.5234375 0.369140625 0.046875 0.015625
0 0.5224609375 0.349609375 0.044921875 0.0234375
0 0.5654296875 0.3544921875 0.041015625 0.017578125
0 0.5712890625 0.375 0.041015625 0.0234375
0 0.5673828125 0.416015625 0.037109375 0.0234375
0 0.6767578125 0.3427734375 0.044921875 0.025390625
0 0.6728515625 0.3779296875 0.037109375 0.021484375
0 0.7109375 0.3115234375 0.02734375 0.037109375
0 0.7275390625 0.3525390625 0.037109375 0.017578125
0 0.720703125 0.259765625 0.04296875 0.01953125
0 0.7216796875 0.2060546875 0.048828125 0.017578125
0 0.7197265625 0.1875 0.037109375 0.01953125
0 0.7158203125 0.1708984375 0.033203125 0.013671875
0 0.712890625 0.1533203125 0.0390625 0.021484375
0 0.71484375 0.1396484375 0.03515625 0.017578125
0 0.7158203125 0.1220703125 0.044921875 0.017578125
0 0.71484375 0.1044921875 0.03515625 0.017578125
0 0.7099609375 0.0849609375 0.044921875 0.021484375
0 0.7119140625 0.06640625 0.041015625 0.015625
0 0.712890625 0.0498046875 0.0390625 0.017578125
0 0.7099609375 0.033203125 0.044921875 0.015625
0 0.7109375 0.015625 0.04296875 0.01953125
0 0.3984375 0.080078125 0.0390625 0.015625
0 0.3984375 0.0595703125 0.0390625 0.025390625
0 0.4013671875 0.103515625 0.044921875 0.01953125
0 0.40234375 0.1259765625 0.0390625 0.017578125
0 0.4033203125 0.1435546875 0.041015625 0.017578125
0 0.45703125 0.158203125 0.01953125 0.03515625
0 0.4033203125 0.16015625 0.041015625 0.015625
0 0.4091796875 0.17578125 0.037109375 0.015625
0 0.4072265625 0.220703125 0.037109375 0.01953125
0 0.4609375 0.216796875 0.015625 0.04296875
0 0.1318359375 0.07421875 0.041015625 0.015625
0 0.126953125 0.056640625 0.03515625 0.01953125
0 0.0810546875 0.0771484375 0.044921875 0.017578125
0 0.1279296875 0.0205078125 0.041015625 0.017578125
0 0.1259765625 0.0380859375 0.037109375 0.017578125
0 0.861328125 0.787109375 0.0234375 0.03515625
0 0.8623046875 0.75 0.021484375 0.0390625
0 0.8583984375 0.65625 0.017578125 0.03515625
0 0.705078125 0.70703125 0.01953125 0.04296875
0 0.7822265625 0.78515625 0.017578125 0.04296875
0 0.787109375 0.8408203125 0.01953125 0.044921875
0 0.87890625 0.8466796875 0.0234375 0.041015625
0 0.8818359375 0.7900390625 0.017578125 0.033203125
0 0.8955078125 0.7548828125 0.013671875 0.033203125
0 0.80078125 0.736328125 0.01953125 0.03125
0 0.732421875 0.923828125 0.0390625 0.046875
0 0.7294921875 0.84375 0.044921875 0.01953125
0 0.73046875 0.8603515625 0.03515625 0.013671875
0 0.7333984375 0.880859375 0.041015625 0.02734375
0 0.4873046875 0.9375 0.017578125 0.0390625
0 0.466796875 0.9326171875 0.015625 0.033203125
0 0.44921875 0.939453125 0.015625 0.0390625
0 0.4228515625 0.9375 0.013671875 0.0390625
0 0.40234375 0.9404296875 0.015625 0.033203125
0 0.8544921875 0.1748046875 0.037109375 0.021484375
0 0.134765625 0.169921875 0.03515625 0.02734375
0 0.091796875 0.203125 0.01953125 0.03125
0 0.01953125 0.1708984375 0.03515625 0.017578125
0 0.078125 0.037109375 0.046875 0.015625
0 0.853515625 0.568359375 0.015625 0.03515625
0 0.890625 0.583984375 0.01953125 0.03515625
0 0.8876953125 0.533203125 0.017578125 0.03125
0 0.7080078125 0.576171875 0.021484375 0.03125
0 0.7197265625 0.5517578125 0.044921875 0.021484375
0 0.580078125 0.513671875 0.03125 0.01953125
0 0.7548828125 0.6259765625 0.033203125 0.025390625
0 0.640625 0.5849609375 0.01953125 0.033203125
0 0.7001953125 0.7607421875 0.037109375 0.017578125
0 0.7216796875 0.775390625 0.025390625 0.01171875
0 0.8564453125 0.69921875 0.017578125 0.03125
0 0.8935546875 0.6689453125 0.017578125 0.033203125
0 0.6845703125 0.921875 0.025390625 0.04296875
0 0.5166015625 0.3076171875 0.037109375 0.013671875
