0 0.6298828125 0.16796875 0.025390625 0.04296875
0 0.6943359375 0.17578125 0.025390625 0.0390625
0 0.71875 0.177734375 0.01953125 0.0390625
0 0.75390625 0.2353515625 0.0234375 0.041015625
0 0.5869140625 0.2978515625 0.021484375 0.037109375
0 0.7314453125 0.3251953125 0.021484375 0.041015625
0 0.7705078125 0.4150390625 0.021484375 0.037109375
0 0.72265625 0.462890625 0.01953125 0.04296875
0 0.6298828125 0.47265625 0.025390625 0.04296875
0 0.5126953125 0.98828125 0.041015625 0.0234375
0 0.5087890625 0.916015625 0.041015625 0.01953125
0 0.0234375 0.6357421875 0.0234375 0.037109375
