0 0.6884765625 0.0634765625 0.033203125 0.013671875
0 0.689453125 0.08203125 0.03125 0.015625
0 0.689453125 0.1025390625 0.0390625 0.013671875
0 0.6904296875 0.1591796875 0.033203125 0.017578125
0 0.6943359375 0.181640625 0.037109375 0.015625
0 0.701171875 0.21875 0.03125 0.015625
0 0.6962890625 0.2373046875 0.033203125 0.017578125
0 0.69921875 0.3369140625 0.03515625 0.013671875
0 0.6982421875 0.37890625 0.037109375 0.015625
0 0.10546875 0.12109375 0.015625 0.03125
0 0.1416015625 0.138671875 0.037109375 0.015625
0 0.14453125 0.1591796875 0.04296875 0.017578125
0 0.1875 0.1396484375 0.01953125 0.033203125
0 0.22265625 0.134765625 0.015625 0.03125
0 0.2421875 0.1357421875 0.015625 0.025390625
0 0.2626953125 0.1318359375 0.017578125 0.033203125
0 0.28125 0.1279296875 0.015625 0.037109375
0 0.3017578125 0.130859375 0.017578125 0.03515625
0 0.337890625 0.134765625 0.01953125 0.03515625
0 0.28125 0.21875 0.015625 0.03515625
0 0.30078125 0.2197265625 0.015625 0.029296875
0 0.3193359375 0.216796875 0.017578125 0.03515625
0 0.3408203125 0.21484375 0.017578125 0.03515625
0 0.359375 0.21484375 0.015625 0.03515625
0 0.3798828125 0.212890625 0.017578125 0.03515625
0 0.400390625 0.216796875 0.015625 0.03125
0 0.34375 0.2607421875 0.01953125 0.037109375
0 0.287109375 0.2578125 0.015625 0.03515625
0 0.3056640625 0.2568359375 0.017578125 0.025390625
0 0.3828125 0.2509765625 0.015625 0.033203125
0 0.4189453125 0.2138671875 0.013671875 0.021484375
0 0.4208984375 0.2626953125 0.017578125 0.033203125
0 0.091796875 0.2919921875 0.03125 0.013671875
0 0.0908203125 0.314453125 0.037109375 0.015625
0 0.08984375 0.3837890625 0.015625 0.025390625
0 0.0927734375 0.42578125 0.013671875 0.0234375
0 0.1953125 0.3564453125 0.01171875 0.029296875
0 0.212890625 0.34765625 0.015625 0.03125
0 0.1962890625 0.3935546875 0.013671875 0.033203125
0 0.21484375 0.3876953125 0.015625 0.033203125
0 0.2333984375 0.390625 0.013671875 0.03515625
0 0.2509765625 0.3525390625 0.021484375 0.033203125
0 0.2548828125 0.3916015625 0.013671875 0.029296875
0 0.2724609375 0.390625 0.013671875 0.03125
0 0.310546875 0.3876953125 0.01953125 0.037109375
0 0.3447265625 0.3427734375 0.013671875 0.029296875
0 0.36328125 0.33984375 0.015625 0.03125
0 0.4013671875 0.34375 0.017578125 0.03125
0 0.4208984375 0.3359375 0.013671875 0.02734375
0 0.4052734375 0.3837890625 0.017578125 0.037109375
0 0.4228515625 0.3779296875 0.013671875 0.033203125
0 0.091796875 0.482421875 0.015625 0.03515625
0 0.1328125 0.4794921875 0.01953125 0.037109375
0 0.1513671875 0.4765625 0.017578125 0.0390625
0 0.1728515625 0.4814453125 0.017578125 0.029296875
0 0.099609375 0.5361328125 0.03125 0.033203125
0 0.169921875 0.5224609375 0.01171875 0.033203125
0 0.1904296875 0.525390625 0.017578125 0.03515625
0 0.216796875 0.51953125 0.01953125 0.03515625
0 0.240234375 0.5205078125 0.01953125 0.033203125
0 0.26171875 0.5185546875 0.015625 0.033203125
0 0.24609375 0.482421875 0.01171875 0.02734375
0 0.2822265625 0.4716796875 0.013671875 0.029296875
0 0.30078125 0.47265625 0.015625 0.03515625
0 0.3212890625 0.47265625 0.013671875 0.03515625
0 0.33984375 0.47265625 0.015625 0.0390625
0 0.3623046875 0.4697265625 0.013671875 0.025390625
0 0.3798828125 0.47265625 0.017578125 0.03515625
0 0.32421875 0.5224609375 0.015625 0.033203125
0 0.3642578125 0.51171875 0.013671875 0.03515625
0 0.416015625 0.513671875 0.015625 0.03515625
0 0.4619140625 0.5146484375 0.017578125 0.033203125
0 0.45703125 0.470703125 0.015625 0.03125
0 0.1044921875 0.5712890625 0.033203125 0.017578125
0 0.103515625 0.5869140625 0.03515625 0.013671875
0 0.1005859375 0.607421875 0.029296875 0.015625
0 0.10546875 0.626953125 0.0390625 0.015625
0 0.1064453125 0.646484375 0.033203125 0.015625
0 0.107421875 0.6650390625 0.03515625 0.013671875
0 0.1103515625 0.6884765625 0.033203125 0.017578125
0 0.1767578125 0.658203125 0.013671875 0.03125
0 0.19921875 0.6572265625 0.015625 0.033203125
0 0.251953125 0.6982421875 0.01953125 0.033203125
0 0.27734375 0.7021484375 0.01953125 0.037109375
0 0.318359375 0.7060546875 0.015625 0.033203125
0 0.349609375 0.6708984375 0.015625 0.029296875
0 0.369140625 0.6640625 0.015625 0.03125
0 0.3857421875 0.6005859375 0.017578125 0.033203125
0 0.443359375 0.599609375 0.03125 0.01953125
0 0.4404296875 0.634765625 0.029296875 0.015625
0 0.4423828125 0.673828125 0.033203125 0.015625
0 0.443359375 0.6923828125 0.03125 0.013671875
0 0.4521484375 0.7333984375 0.033203125 0.013671875
0 0.35546875 0.564453125 0.0390625 0.015625
0 0.3134765625 0.6181640625 0.017578125 0.037109375
0 0.119140625 0.7998046875 0.02734375 0.013671875
0 0.1484375 0.80078125 0.01953125 0.0390625
0 0.0302734375 0.849609375 0.013671875 0.03125
0 0.056640625 0.8525390625 0.015625 0.037109375
0 0.078125 0.8515625 0.015625 0.03515625
0 0.1064453125 0.849609375 0.017578125 0.03515625
0 0.6982421875 0.3994140625 0.033203125 0.013671875
0 0.76171875 0.4228515625 0.01953125 0.037109375
0 0.7646484375 0.4638671875 0.013671875 0.025390625
0 0.703125 0.482421875 0.03125 0.015625
0 0.7080078125 0.541015625 0.037109375 0.01953125
0 0.70703125 0.56640625 0.0390625 0.015625
0 0.7060546875 0.5859375 0.037109375 0.01171875
0 0.7099609375 0.6015625 0.033203125 0.01953125
0 0.7685546875 0.5908203125 0.021484375 0.033203125
0 0.7099609375 0.6259765625 0.041015625 0.013671875
0 0.7138671875 0.646484375 0.037109375 0.01171875
0 0.712890625 0.6689453125 0.0390625 0.013671875
0 0.7158203125 0.7099609375 0.037109375 0.017578125
0 0.71875 0.732421875 0.04296875 0.015625
0 0.1796875 0.935546875 0.015625 0.0390625
0 0.9501953125 0.677734375 0.037109375 0.01171875
0 0.9482421875 0.6953125 0.037109375 0.01171875
0 0.953125 0.7138671875 0.03125 0.013671875
0 0.9580078125 0.734375 0.037109375 0.015625
0 0.9609375 0.75390625 0.03515625 0.015625
0 0.9619140625 0.775390625 0.037109375 0.015625
0 0.9677734375 0.794921875 0.033203125 0.015625
