0 0.873046875 0.091796875 0.01953125 0.0390625
0 0.4521484375 0.5537109375 0.013671875 0.025390625
0 0.349609375 0.552734375 0.015625 0.0234375
0 0.3076171875 0.5517578125 0.021484375 0.037109375
0 0.0771484375 0.4111328125 0.041015625 0.017578125
0 0.078125 0.431640625 0.03515625 0.01171875
0 0.0693359375 0.453125 0.048828125 0.01953125
0 0.06640625 0.470703125 0.03515625 0.01171875
0 0.0888671875 0.4912109375 0.033203125 0.013671875
0 0.0908203125 0.5087890625 0.037109375 0.013671875
0 0.0966796875 0.5263671875 0.041015625 0.017578125
0 0.091796875 0.5458984375 0.04296875 0.017578125
0 0.0927734375 0.60546875 0.044921875 0.0234375
0 0.10546875 0.6396484375 0.0390625 0.017578125
0 0.0927734375 0.6591796875 0.044921875 0.025390625
0 0.087890625 0.703125 0.04296875 0.01953125
0 0.078125 0.7470703125 0.046875 0.021484375
0 0.18359375 0.65625 0.015625 0.0390625
0 0.2138671875 0.6611328125 0.017578125 0.037109375
0 0.1953125 0.552734375 0.015625 0.0390625
0 0.21484375 0.5576171875 0.01171875 0.025390625
0 0.2333984375 0.5556640625 0.013671875 0.029296875
0 0.2578125 0.5595703125 0.015625 0.029296875
0 0.2783203125 0.552734375 0.013671875 0.02734375
0 0.4951171875 0.9091796875 0.021484375 0.037109375
0 0.4658203125 0.884765625 0.021484375 0.0390625
