0 0.0107421875 0.7421875 0.013671875 0.03125
0 0.03515625 0.7392578125 0.015625 0.037109375
0 0.0966796875 0.791015625 0.037109375 0.015625
0 0.1416015625 0.734375 0.013671875 0.03515625
0 0.1259765625 0.826171875 0.013671875 0.0234375
0 0.1025390625 0.822265625 0.009765625 0.01953125
0 0.3984375 0.9794921875 0.0390625 0.017578125
0 0.3974609375 0.9599609375 0.037109375 0.017578125
0 0.392578125 0.93359375 0.03515625 0.015625
0 0.3935546875 0.8955078125 0.041015625 0.017578125
0 0.6953125 0.9833984375 0.0390625 0.017578125
0 0.6904296875 0.9287109375 0.041015625 0.017578125
0 0.6884765625 0.875 0.041015625 0.01953125
0 0.6826171875 0.8525390625 0.037109375 0.017578125
0 0.791015625 0.85546875 0.0390625 0.03125
0 0.18359375 0.7255859375 0.015625 0.029296875
0 0.333984375 0.72265625 0.01953125 0.03515625
0 0.3740234375 0.72265625 0.013671875 0.03515625
0 0.396484375 0.720703125 0.01953125 0.0390625
0 0.4189453125 0.728515625 0.017578125 0.03515625
0 0.4365234375 0.7197265625 0.009765625 0.029296875
0 0.486328125 0.7197265625 0.01953125 0.033203125
0 0.5107421875 0.7197265625 0.017578125 0.033203125
0 0.5302734375 0.720703125 0.013671875 0.03125
0 0.5556640625 0.7216796875 0.017578125 0.033203125
0 0.5771484375 0.7197265625 0.017578125 0.029296875
0 0.6201171875 0.7177734375 0.021484375 0.037109375
0 0.25 0.41796875 0.03515625 0.015625
0 0.32421875 0.4404296875 0.04296875 0.017578125
0 0.498046875 0.3798828125 0.03515625 0.017578125
1 0.7587890625 0.35546875 0.064453125 0.02734375
0 0.8857421875 0.15625 0.021484375 0.03515625
0 0.9140625 0.1474609375 0.015625 0.033203125
0 0.9619140625 0.1171875 0.025390625 0.046875
0 0.9052734375 0.095703125 0.025390625 0.0390625
0 0.8798828125 0.0986328125 0.017578125 0.037109375
0 0.9345703125 0.0751953125 0.025390625 0.044921875
0 0.876953125 0.03125 0.0234375 0.04296875
0 0.90234375 0.0419921875 0.02734375 0.048828125
0 0.931640625 0.0263671875 0.0234375 0.041015625
0 0.95703125 0.025390625 0.02734375 0.04296875
