0 0.787109375 0.2978515625 0.01953125 0.037109375
0 0.7138671875 0.115234375 0.025390625 0.02734375
0 0.7255859375 0.0673828125 0.029296875 0.033203125
0 0.7568359375 0.6328125 0.037109375 0.015625
0 0.7568359375 0.66015625 0.037109375 0.015625
0 0.9208984375 0.5712890625 0.017578125 0.033203125
0 0.943359375 0.5517578125 0.015625 0.029296875
1 0.2275390625 0.4560546875 0.119140625 0.052734375
0 0.0224609375 0.68359375 0.037109375 0.015625
0 0.150390625 0.7353515625 0.0390625 0.025390625
0 0.19921875 0.7314453125 0.03125 0.025390625
0 0.2373046875 0.732421875 0.029296875 0.02734375
0 0.2666015625 0.7333984375 0.029296875 0.021484375
0 0.30078125 0.7294921875 0.03125 0.025390625
0 0.384765625 0.73046875 0.02734375 0.0234375
0 0.419921875 0.7265625 0.02734375 0.0234375
0 0.451171875 0.7255859375 0.03515625 0.021484375
