0 0.154296875 0.021484375 0.03515625 0.01953125
0 0.150390625 0.0439453125 0.0390625 0.021484375
0 0.1904296875 0.0224609375 0.017578125 0.033203125
0 0.15625 0.0849609375 0.0390625 0.017578125
0 0.1943359375 0.099609375 0.017578125 0.03515625
0 0.1611328125 0.1064453125 0.033203125 0.013671875
0 0.1572265625 0.1240234375 0.041015625 0.017578125
0 0.1611328125 0.142578125 0.033203125 0.01953125
0 0.158203125 0.1630859375 0.04296875 0.017578125
0 0.16015625 0.18359375 0.0390625 0.015625
0 0.1630859375 0.203125 0.044921875 0.015625
0 0.1611328125 0.2216796875 0.033203125 0.013671875
0 0.1650390625 0.28125 0.037109375 0.01953125
0 0.162109375 0.2626953125 0.03125 0.017578125
0 0.166015625 0.2412109375 0.02734375 0.013671875
0 0.1923828125 0.251953125 0.025390625 0.03515625
0 0.1669921875 0.2998046875 0.033203125 0.017578125
0 0.1640625 0.3408203125 0.03125 0.021484375
0 0.16796875 0.3203125 0.03125 0.015625
0 0.265625 0.533203125 0.01953125 0.03125
0 0.2548828125 0.951171875 0.021484375 0.04296875
0 0.4892578125 0.0244140625 0.041015625 0.017578125
0 0.490234375 0.0849609375 0.03515625 0.021484375
0 0.49609375 0.1259765625 0.0390625 0.021484375
0 0.4990234375 0.1455078125 0.033203125 0.017578125
0 0.5029296875 0.2509765625 0.044921875 0.021484375
0 0.5009765625 0.271484375 0.037109375 0.01953125
0 0.5595703125 0.28125 0.021484375 0.0390625
0 0.5791015625 0.2216796875 0.017578125 0.037109375
0 0.50390625 0.3134765625 0.04296875 0.025390625
0 0.5078125 0.353515625 0.0390625 0.01953125
0 0.513671875 0.376953125 0.0390625 0.015625
0 0.5146484375 0.4013671875 0.041015625 0.013671875
0 0.515625 0.41796875 0.03515625 0.01953125
0 0.513671875 0.4580078125 0.04296875 0.021484375
0 0.5478515625 0.4931640625 0.025390625 0.048828125
0 0.58984375 0.453125 0.01953125 0.03515625
0 0.513671875 0.482421875 0.03515625 0.015625
0 0.51953125 0.52734375 0.03515625 0.015625
0 0.5185546875 0.5478515625 0.041015625 0.017578125
0 0.5224609375 0.5908203125 0.037109375 0.021484375
0 0.5234375 0.6123046875 0.03125 0.021484375
0 0.517578125 0.634765625 0.03515625 0.01171875
0 0.521484375 0.6513671875 0.03515625 0.021484375
0 0.5263671875 0.67578125 0.037109375 0.015625
0 0.689453125 0.662109375 0.0234375 0.0390625
0 0.5283203125 0.6923828125 0.041015625 0.017578125
0 0.53125 0.734375 0.03515625 0.015625
0 0.5341796875 0.7548828125 0.037109375 0.013671875
0 0.529296875 0.7763671875 0.04296875 0.017578125
0 0.53515625 0.7978515625 0.0390625 0.017578125
0 0.5361328125 0.8193359375 0.044921875 0.017578125
0 0.53515625 0.837890625 0.04296875 0.015625
0 0.53515625 0.8603515625 0.0390625 0.017578125
0 0.53515625 0.8818359375 0.0390625 0.017578125
0 0.4912109375 0.9296875 0.037109375 0.03125
0 0.5537109375 0.92578125 0.037109375 0.03515625
0 0.578125 0.923828125 0.03515625 0.03125
0 0.60546875 0.9208984375 0.0390625 0.033203125
0 0.771484375 0.0234375 0.04296875 0.01953125
0 0.77734375 0.0751953125 0.0390625 0.017578125
0 0.7802734375 0.107421875 0.044921875 0.01953125
0 0.779296875 0.1259765625 0.04296875 0.017578125
0 0.7802734375 0.1611328125 0.037109375 0.013671875
0 0.7841796875 0.1806640625 0.044921875 0.025390625
0 0.78125 0.2470703125 0.0390625 0.021484375
0 0.79296875 0.3681640625 0.04296875 0.017578125
0 0.794921875 0.4033203125 0.046875 0.017578125
0 0.7978515625 0.421875 0.033203125 0.01953125
0 0.7978515625 0.4404296875 0.033203125 0.017578125
0 0.80078125 0.45703125 0.0390625 0.015625
0 0.8017578125 0.4736328125 0.041015625 0.017578125
0 0.802734375 0.4912109375 0.04296875 0.017578125
0 0.8046875 0.5322265625 0.04296875 0.017578125
0 0.6494140625 0.66796875 0.041015625 0.01953125
0 0.7099609375 0.6591796875 0.021484375 0.037109375
0 0.7314453125 0.6572265625 0.021484375 0.033203125
0 0.7529296875 0.658203125 0.021484375 0.03515625
0 0.8330078125 0.6552734375 0.021484375 0.044921875
0 0.8525390625 0.6513671875 0.017578125 0.037109375
0 0.87109375 0.65625 0.01953125 0.03125
0 0.8955078125 0.65234375 0.013671875 0.03515625
0 0.94140625 0.67578125 0.02734375 0.03515625
0 0.9375 0.615234375 0.03125 0.03125
0 0.92578125 0.5703125 0.04296875 0.0390625
0 0.9345703125 0.43359375 0.037109375 0.01953125
0 0.8916015625 0.4208984375 0.037109375 0.021484375
0 0.890625 0.4013671875 0.0390625 0.017578125
0 0.93359375 0.3818359375 0.04296875 0.021484375
0 0.890625 0.365234375 0.04296875 0.01953125
0 0.931640625 0.3427734375 0.0390625 0.021484375
0 0.9345703125 0.3095703125 0.044921875 0.025390625
0 0.87890625 0.298828125 0.03515625 0.015625
0 0.884765625 0.2783203125 0.03515625 0.017578125
0 0.9267578125 0.2548828125 0.037109375 0.017578125
0 0.880859375 0.24609375 0.0390625 0.01953125
0 0.8740234375 0.2265625 0.041015625 0.01953125
0 0.9267578125 0.2216796875 0.037109375 0.021484375
0 0.919921875 0.1689453125 0.03515625 0.013671875
0 0.8740234375 0.17578125 0.037109375 0.01953125
0 0.8740234375 0.1572265625 0.025390625 0.017578125
0 0.919921875 0.1533203125 0.03515625 0.017578125
0 0.91796875 0.12109375 0.05078125 0.01953125
0 0.873046875 0.123046875 0.0390625 0.015625
0 0.8671875 0.107421875 0.03125 0.015625
0 0.86328125 0.087890625 0.0390625 0.0234375
0 0.916015625 0.0673828125 0.03515625 0.013671875
0 0.9208984375 0.0498046875 0.044921875 0.017578125
0 0.9453125 0.9013671875 0.04296875 0.029296875
0 0.8828125 0.8984375 0.05078125 0.02734375
0 0.8671875 0.966796875 0.0390625 0.0234375
