0 0.6953125 0.9189453125 0.01953125 0.037109375
0 0.71484375 0.9189453125 0.01953125 0.037109375
0 0.736328125 0.9306640625 0.0234375 0.033203125
0 0.76171875 0.9228515625 0.01953125 0.041015625
0 0.7919921875 0.8671875 0.033203125 0.04296875
0 0.8388671875 0.91796875 0.029296875 0.0390625
0 0.6875 0.8212890625 0.02734375 0.033203125
0 0.71484375 0.822265625 0.02734375 0.03515625
0 0.73828125 0.8154296875 0.01953125 0.037109375
0 0.7578125 0.8212890625 0.01953125 0.029296875
0 0.7802734375 0.8154296875 0.021484375 0.041015625
0 0.80078125 0.814453125 0.01953125 0.0390625
0 0.822265625 0.8134765625 0.0234375 0.037109375
0 0.84375 0.8076171875 0.01953125 0.037109375
0 0.0205078125 0.306640625 0.013671875 0.03125
0 0.041015625 0.3056640625 0.015625 0.029296875
0 0.3974609375 0.447265625 0.029296875 0.04296875
0 0.390625 0.400390625 0.0234375 0.05078125
0 0.35546875 0.2763671875 0.0234375 0.041015625
0 0.857421875 0.537109375 0.02734375 0.03125
0 0.89453125 0.45703125 0.01953125 0.0390625
0 0.396484375 0.55078125 0.01953125 0.03125
0 0.3935546875 0.6552734375 0.017578125 0.033203125
0 0.2001953125 0.111328125 0.021484375 0.03515625
0 0.2724609375 0.1064453125 0.025390625 0.041015625
0 0.2919921875 0.1015625 0.013671875 0.03125
0 0.3095703125 0.1025390625 0.021484375 0.033203125
0 0.328125 0.0986328125 0.01953125 0.041015625
0 0.3466796875 0.1005859375 0.017578125 0.044921875
0 0.3642578125 0.1005859375 0.017578125 0.029296875
