0 0.857421875 0.7822265625 0.0390625 0.025390625
0 0.025390625 0.3837890625 0.01953125 0.037109375
0 0.0712890625 0.396484375 0.021484375 0.03515625
0 0.0673828125 0.1025390625 0.041015625 0.025390625
0 0.1435546875 0.3251953125 0.033203125 0.021484375
0 0.146484375 0.30078125 0.03125 0.015625
1 0.1787109375 0.3037109375 0.025390625 0.056640625
0 0.140625 0.28125 0.04296875 0.0234375
0 0.14453125 0.259765625 0.03515625 0.01953125
0 0.14453125 0.244140625 0.03515625 0.01953125
0 0.138671875 0.2236328125 0.03515625 0.021484375
0 0.2431640625 0.3447265625 0.041015625 0.021484375
0 0.24609375 0.3232421875 0.03515625 0.021484375
0 0.24609375 0.30078125 0.03515625 0.0234375
0 0.2568359375 0.283203125 0.041015625 0.01953125
0 0.244140625 0.2646484375 0.04296875 0.017578125
0 0.2490234375 0.2421875 0.048828125 0.0234375
0 0.130859375 0.0439453125 0.04296875 0.017578125
0 0.1328125 0.025390625 0.0390625 0.01953125
0 0.328125 0.3759765625 0.01953125 0.037109375
0 0.3505859375 0.3798828125 0.025390625 0.044921875
0 0.3525390625 0.25390625 0.017578125 0.03125
0 0.369140625 0.26171875 0.015625 0.03515625
0 0.3896484375 0.263671875 0.025390625 0.0390625
0 0.447265625 0.37109375 0.03515625 0.0234375
0 0.435546875 0.330078125 0.03515625 0.015625
0 0.4296875 0.3095703125 0.04296875 0.025390625
0 0.3115234375 0.30078125 0.037109375 0.01953125
0 0.43359375 0.287109375 0.03515625 0.01953125
0 0.431640625 0.2470703125 0.0390625 0.021484375
0 0.435546875 0.2265625 0.03125 0.01953125
0 0.4384765625 0.2060546875 0.037109375 0.021484375
0 0.4345703125 0.1865234375 0.033203125 0.017578125
0 0.4296875 0.16796875 0.02734375 0.01953125
0 0.43359375 0.14453125 0.0390625 0.01953125
0 0.4306640625 0.1259765625 0.044921875 0.017578125
0 0.42578125 0.1064453125 0.03515625 0.021484375
0 0.43359375 0.0810546875 0.03515625 0.025390625
0 0.42578125 0.05859375 0.0390625 0.01953125
0 0.4189453125 0.041015625 0.033203125 0.015625
0 0.41796875 0.0234375 0.03515625 0.01953125
0 0.4541015625 0.5546875 0.037109375 0.03515625
0 0.4501953125 0.587890625 0.029296875 0.03125
0 0.3974609375 0.640625 0.021484375 0.03125
0 0.3447265625 0.642578125 0.037109375 0.01953125
0 0.34765625 0.662109375 0.04296875 0.01953125
0 0.45703125 0.6591796875 0.03515625 0.025390625
0 0.501953125 0.6982421875 0.02734375 0.044921875
0 0.4541015625 0.693359375 0.033203125 0.02734375
0 0.455078125 0.720703125 0.03515625 0.02734375
0 0.404296875 0.69921875 0.0234375 0.03515625
0 0.3486328125 0.6982421875 0.037109375 0.021484375
0 0.357421875 0.7392578125 0.0390625 0.017578125
0 0.3681640625 0.7568359375 0.037109375 0.017578125
0 0.3076171875 0.7353515625 0.021484375 0.041015625
0 0.35546875 0.8125 0.03515625 0.01953125
0 0.5009765625 0.767578125 0.017578125 0.02734375
0 0.2802734375 0.6806640625 0.021484375 0.033203125
0 0.259765625 0.6796875 0.01953125 0.03515625
0 0.2392578125 0.6806640625 0.021484375 0.033203125
0 0.216796875 0.6845703125 0.0234375 0.037109375
0 0.19921875 0.6845703125 0.0234375 0.037109375
0 0.177734375 0.6865234375 0.01953125 0.033203125
0 0.158203125 0.697265625 0.01953125 0.03125
0 0.1396484375 0.697265625 0.021484375 0.0390625
0 0.119140625 0.697265625 0.01953125 0.0390625
0 0.076171875 0.6943359375 0.015625 0.033203125
0 0.0537109375 0.697265625 0.021484375 0.03515625
0 0.0146484375 0.697265625 0.017578125 0.03515625
0 0.0419921875 0.779296875 0.021484375 0.03515625
0 0.0771484375 0.7783203125 0.017578125 0.037109375
0 0.1162109375 0.77734375 0.017578125 0.03515625
0 0.15234375 0.775390625 0.01953125 0.03515625
0 0.1884765625 0.7705078125 0.017578125 0.041015625
0 0.5263671875 0.9384765625 0.021484375 0.033203125
0 0.8974609375 0.9208984375 0.033203125 0.017578125
0 0.90234375 0.8662109375 0.01953125 0.037109375
