0 0.431640625 0.4091796875 0.015625 0.033203125
0 0.435546875 0.4501953125 0.015625 0.029296875
0 0.439453125 0.5048828125 0.015625 0.033203125
0 0.37109375 0.4443359375 0.01953125 0.041015625
0 0.021484375 0.5390625 0.015625 0.02734375
0 0.162109375 0.3359375 0.015625 0.03515625
0 0.123046875 0.3173828125 0.015625 0.021484375
0 0.0751953125 0.3173828125 0.013671875 0.021484375
0 0.0341796875 0.2734375 0.037109375 0.015625
0 0.033203125 0.255859375 0.0390625 0.01953125
0 0.1484375 0.2294921875 0.0390625 0.017578125
0 0.146484375 0.25 0.04296875 0.01953125
0 0.0224609375 0.185546875 0.041015625 0.0234375
0 0.4287109375 0.0908203125 0.013671875 0.033203125
0 0.4697265625 0.09375 0.017578125 0.03515625
0 0.4716796875 0.4130859375 0.017578125 0.037109375
0 0.5263671875 0.5166015625 0.017578125 0.037109375
0 0.474609375 0.4580078125 0.0234375 0.033203125
