0 0.580078125 0.27734375 0.03515625 0.015625
0 0.6787109375 0.267578125 0.017578125 0.03515625
0 0.728515625 0.41796875 0.04296875 0.015625
0 0.7548828125 0.43359375 0.041015625 0.015625
0 0.7734375 0.4501953125 0.04296875 0.017578125
0 0.734375 0.4755859375 0.0390625 0.017578125
0 0.73828125 0.4970703125 0.03125 0.021484375
0 0.7392578125 0.51953125 0.029296875 0.015625
0 0.8193359375 0.5537109375 0.021484375 0.037109375
0 0.90234375 0.625 0.01953125 0.03125
0 0.9423828125 0.5439453125 0.025390625 0.052734375
