1 0.2939453125 0.142578125 0.021484375 0.0859375
1 0.326171875 0.1435546875 0.02734375 0.083984375
1 0.357421875 0.142578125 0.03125 0.078125
1 0.71875 0.0419921875 0.046875 0.013671875
1 0.708984375 0.064453125 0.05078125 0.015625
1 0.7109375 0.083984375 0.05078125 0.015625
1 0.71484375 0.10546875 0.05078125 0.015625
1 0.7177734375 0.125 0.052734375 0.015625
1 0.7216796875 0.1474609375 0.048828125 0.013671875
1 0.72265625 0.1669921875 0.05078125 0.013671875
1 0.720703125 0.19140625 0.046875 0.01171875
1 0.72265625 0.2119140625 0.05078125 0.013671875
1 0.728515625 0.2353515625 0.05078125 0.013671875
1 0.72265625 0.26953125 0.05078125 0.015625
1 0.7255859375 0.2890625 0.048828125 0.015625
1 0.7236328125 0.30859375 0.048828125 0.01171875
1 0.7294921875 0.328125 0.048828125 0.015625
1 0.728515625 0.36328125 0.05078125 0.015625
1 0.7294921875 0.3916015625 0.048828125 0.017578125
1 0.7294921875 0.4130859375 0.048828125 0.013671875
1 0.73046875 0.431640625 0.05078125 0.015625
1 0.7275390625 0.451171875 0.048828125 0.015625
1 0.73046875 0.4716796875 0.046875 0.017578125
1 0.7333984375 0.4921875 0.048828125 0.015625
1 0.73046875 0.513671875 0.046875 0.015625
1 0.7314453125 0.5322265625 0.048828125 0.013671875
1 0.734375 0.5546875 0.05078125 0.015625
1 0.7373046875 0.57421875 0.048828125 0.015625
1 0.73828125 0.5927734375 0.046875 0.013671875
1 0.8271484375 0.396484375 0.021484375 0.046875
