0 0.400390625 0.62890625 0.01953125 0.046875
0 0.4248046875 0.6494140625 0.017578125 0.037109375
0 0.3486328125 0.6474609375 0.021484375 0.037109375
0 0.4462890625 0.6865234375 0.033203125 0.017578125
0 0.3994140625 0.6826171875 0.021484375 0.029296875
0 0.775390625 0.8095703125 0.0390625 0.021484375
0 0.7783203125 0.91796875 0.037109375 0.0234375
0 0.9765625 0.0107421875 0.0390625 0.021484375
0 0.9404296875 0.462890625 0.017578125 0.0390625
0 0.9619140625 0.4658203125 0.017578125 0.037109375
0 0.048828125 0.6484375 0.0234375 0.04296875
0 0.5634765625 0.63671875 0.025390625 0.0390625
0 0.4638671875 0.7138671875 0.033203125 0.017578125
