0 0.771484375 0.0205078125 0.03515625 0.017578125
0 0.771484375 0.0478515625 0.046875 0.021484375
0 0.822265625 0.1513671875 0.01953125 0.033203125
0 0.779296875 0.1474609375 0.0234375 0.029296875
0 0.7080078125 0.1552734375 0.017578125 0.041015625
0 0.689453125 0.1533203125 0.01953125 0.033203125
0 0.6435546875 0.1552734375 0.021484375 0.037109375
0 0.6181640625 0.1513671875 0.017578125 0.033203125
0 0.548828125 0.15625 0.0234375 0.0390625
0 0.6328125 0.2841796875 0.02734375 0.029296875
0 0.7177734375 0.345703125 0.044921875 0.046875
0 0.357421875 0.0166015625 0.0390625 0.021484375
0 0.3603515625 0.0400390625 0.044921875 0.025390625
0 0.0947265625 0.0283203125 0.013671875 0.037109375
0 0.07421875 0.0283203125 0.01171875 0.037109375
0 0.0537109375 0.033203125 0.013671875 0.03125
0 0.0390625 0.03125 0.015625 0.03515625
0 0.0166015625 0.03125 0.013671875 0.0390625
0 0.193359375 0.1162109375 0.015625 0.037109375
0 0.1728515625 0.111328125 0.013671875 0.03515625
0 0.1513671875 0.11328125 0.013671875 0.0390625
0 0.1376953125 0.1162109375 0.013671875 0.033203125
0 0.1162109375 0.1142578125 0.013671875 0.037109375
0 0.0966796875 0.1142578125 0.013671875 0.037109375
0 0.08203125 0.1142578125 0.015625 0.037109375
0 0.060546875 0.11328125 0.01171875 0.03515625
0 0.0419921875 0.1123046875 0.013671875 0.033203125
0 0.0224609375 0.11328125 0.013671875 0.0390625
0 0.0458984375 0.181640625 0.017578125 0.0390625
0 0.068359375 0.1767578125 0.01171875 0.033203125
0 0.0888671875 0.1767578125 0.013671875 0.041015625
0 0.111328125 0.1748046875 0.015625 0.033203125
0 0.134765625 0.177734375 0.015625 0.0390625
0 0.1796875 0.1748046875 0.015625 0.037109375
0 0.4169921875 0.17578125 0.025390625 0.04296875
0 0.0263671875 0.310546875 0.021484375 0.03515625
0 0.1025390625 0.375 0.029296875 0.0390625
0 0.1630859375 0.375 0.029296875 0.0390625
0 0.1923828125 0.373046875 0.029296875 0.03515625
0 0.2841796875 0.3056640625 0.029296875 0.037109375
0 0.314453125 0.4677734375 0.03125 0.037109375
0 0.4580078125 0.521484375 0.029296875 0.03125
