0 0.927734375 0.0947265625 0.03515625 0.037109375
0 0.6376953125 0.16015625 0.033203125 0.0390625
0 0.6572265625 0.1533203125 0.029296875 0.037109375
0 0.671875 0.14453125 0.02734375 0.0390625
0 0.6875 0.130859375 0.03125 0.03515625
0 0.736328125 0.1064453125 0.03125 0.037109375
0 0.798828125 0.0712890625 0.03125 0.037109375
0 0.8203125 0.06640625 0.03125 0.03515625
0 0.84765625 0.04296875 0.03125 0.0390625
0 0.865234375 0.033203125 0.03125 0.03515625
0 0.8046875 0.171875 0.02734375 0.03125
0 0.77734375 0.228515625 0.03515625 0.04296875
0 0.7626953125 0.244140625 0.029296875 0.0390625
0 0.822265625 0.2978515625 0.03125 0.044921875
0 0.90234375 0.3125 0.03125 0.0390625
0 0.8564453125 0.33984375 0.029296875 0.03125
0 0.8359375 0.34765625 0.03125 0.0390625
0 0.84375 0.1962890625 0.03515625 0.037109375
0 0.9677734375 0.12109375 0.029296875 0.03515625
