0 0.9677734375 0.58984375 0.037109375 0.0234375
0 0.861328125 0.6552734375 0.0234375 0.041015625
0 0.830078125 0.705078125 0.0390625 0.01953125
0 0.908203125 0.728515625 0.03125 0.015625
0 0.7744140625 0.5546875 0.017578125 0.0390625
0 0.7529296875 0.55078125 0.025390625 0.046875
0 0.7333984375 0.556640625 0.013671875 0.03515625
0 0.71484375 0.5517578125 0.0234375 0.037109375
0 0.6943359375 0.5517578125 0.017578125 0.037109375
0 0.6767578125 0.5478515625 0.017578125 0.037109375
0 0.65625 0.5556640625 0.015625 0.029296875
0 0.7763671875 0.6396484375 0.017578125 0.037109375
0 0.736328125 0.6396484375 0.015625 0.037109375
0 0.71875 0.640625 0.01953125 0.03515625
0 0.6796875 0.640625 0.01953125 0.0390625
0 0.6630859375 0.642578125 0.021484375 0.03515625
0 0.6435546875 0.6416015625 0.017578125 0.037109375
0 0.6259765625 0.642578125 0.017578125 0.03515625
0 0.607421875 0.642578125 0.01953125 0.03515625
0 0.5849609375 0.64453125 0.017578125 0.0390625
0 0.568359375 0.64453125 0.015625 0.0390625
0 0.5478515625 0.642578125 0.013671875 0.0390625
0 0.529296875 0.6484375 0.015625 0.0390625
0 0.5107421875 0.6494140625 0.021484375 0.037109375
0 0.4912109375 0.650390625 0.017578125 0.03515625
0 0.4501953125 0.650390625 0.017578125 0.04296875
0 0.375 0.654296875 0.01953125 0.0390625
0 0.3193359375 0.6533203125 0.017578125 0.037109375
0 0.2841796875 0.6533203125 0.017578125 0.041015625
0 0.244140625 0.66015625 0.015625 0.0390625
0 0.185546875 0.65234375 0.01953125 0.0390625
0 0.166015625 0.6640625 0.01953125 0.0390625
0 0.1298828125 0.6640625 0.017578125 0.03125
0 0.111328125 0.6650390625 0.015625 0.033203125
0 0.07421875 0.6640625 0.0234375 0.0390625
0 0.0546875 0.666015625 0.015625 0.03515625
0 0.03515625 0.669921875 0.01953125 0.03515625
0 0.0146484375 0.6728515625 0.017578125 0.037109375
0 0.0205078125 0.578125 0.013671875 0.0390625
0 0.0380859375 0.576171875 0.017578125 0.0390625
0 0.0576171875 0.576171875 0.013671875 0.0390625
0 0.0771484375 0.58203125 0.017578125 0.04296875
0 0.1123046875 0.5791015625 0.025390625 0.041015625
0 0.130859375 0.576171875 0.01953125 0.03515625
0 0.1689453125 0.5751953125 0.021484375 0.037109375
0 0.189453125 0.5712890625 0.01171875 0.033203125
0 0.2763671875 0.5693359375 0.021484375 0.044921875
0 0.3134765625 0.564453125 0.017578125 0.03515625
0 0.3505859375 0.564453125 0.021484375 0.0390625
0 0.3720703125 0.5654296875 0.021484375 0.041015625
0 0.390625 0.5703125 0.015625 0.03125
0 0.408203125 0.5595703125 0.015625 0.033203125
0 0.427734375 0.560546875 0.01171875 0.03125
0 0.4482421875 0.5615234375 0.013671875 0.029296875
0 0.4658203125 0.5654296875 0.013671875 0.029296875
0 0.4833984375 0.5634765625 0.017578125 0.037109375
0 0.5029296875 0.5595703125 0.017578125 0.033203125
0 0.5361328125 0.55859375 0.021484375 0.0390625
0 0.0185546875 0.8173828125 0.017578125 0.037109375
0 0.0419921875 0.8115234375 0.017578125 0.037109375
0 0.0693359375 0.814453125 0.017578125 0.0390625
0 0.08984375 0.8115234375 0.015625 0.029296875
0 0.25390625 0.7978515625 0.03125 0.044921875
0 0.537109375 0.71484375 0.046875 0.01953125
0 0.490234375 0.802734375 0.0234375 0.046875
0 0.5390625 0.82421875 0.01953125 0.0390625
0 0.654296875 0.806640625 0.01953125 0.0390625
0 0.6728515625 0.8056640625 0.017578125 0.037109375
0 0.69140625 0.7978515625 0.015625 0.029296875
0 0.5732421875 0.892578125 0.017578125 0.0390625
0 0.546875 0.890625 0.0234375 0.04296875
0 0.51171875 0.8876953125 0.015625 0.044921875
0 0.6552734375 0.8935546875 0.013671875 0.037109375
0 0.6767578125 0.8935546875 0.017578125 0.037109375
0 0.697265625 0.8896484375 0.015625 0.033203125
0 0.6474609375 0.96484375 0.037109375 0.01953125
0 0.93359375 0.474609375 0.01953125 0.03125
0 0.833984375 0.2451171875 0.015625 0.041015625
0 0.8798828125 0.244140625 0.009765625 0.03515625
0 0.4833984375 0.1865234375 0.037109375 0.017578125
0 0.4833984375 0.16796875 0.037109375 0.01953125
0 0.4794921875 0.1474609375 0.033203125 0.021484375
0 0.474609375 0.126953125 0.03515625 0.01953125
0 0.4794921875 0.107421875 0.033203125 0.01953125
0 0.4775390625 0.0849609375 0.041015625 0.017578125
0 0.4736328125 0.0673828125 0.033203125 0.017578125
0 0.470703125 0.046875 0.0390625 0.0234375
0 0.4755859375 0.01953125 0.037109375 0.015625
0 0.029296875 0.9619140625 0.015625 0.041015625
0 0.533203125 0.94921875 0.02734375 0.01171875
0 0.54296875 0.9677734375 0.03515625 0.013671875
0 0.5380859375 0.9912109375 0.044921875 0.017578125
0 0.689453125 0.9638671875 0.04296875 0.017578125
0 0.7626953125 0.984375 0.029296875 0.03125
