0 0.0458984375 0.0458984375 0.041015625 0.021484375
0 0.0498046875 0.1044921875 0.041015625 0.017578125
0 0.05078125 0.125 0.04296875 0.0234375
0 0.0556640625 0.1484375 0.037109375 0.0234375
0 0.056640625 0.197265625 0.04296875 0.0234375
0 0.0537109375 0.23828125 0.041015625 0.01953125
0 0.05859375 0.2783203125 0.04296875 0.013671875
0 0.0615234375 0.408203125 0.041015625 0.015625
0 0.0634765625 0.42578125 0.033203125 0.01953125
0 0.2197265625 0.51171875 0.021484375 0.0390625
0 0.244140625 0.51171875 0.01953125 0.0390625
0 0.265625 0.51171875 0.015625 0.03515625
0 0.2861328125 0.5107421875 0.017578125 0.029296875
0 0.30859375 0.5146484375 0.01953125 0.037109375
0 0.35546875 0.513671875 0.01953125 0.04296875
0 0.380859375 0.509765625 0.015625 0.0390625
0 0.404296875 0.5078125 0.01953125 0.0390625
0 0.427734375 0.5087890625 0.01953125 0.037109375
0 0.3310546875 0.0224609375 0.044921875 0.021484375
0 0.3369140625 0.1357421875 0.037109375 0.013671875
0 0.3369140625 0.15234375 0.037109375 0.01953125
0 0.33984375 0.1708984375 0.03125 0.017578125
0 0.33984375 0.1904296875 0.04296875 0.017578125
0 0.423828125 0.017578125 0.0390625 0.015625
0 0.423828125 0.037109375 0.046875 0.015625
0 0.4716796875 0.0517578125 0.037109375 0.017578125
0 0.427734375 0.083984375 0.0390625 0.01953125
0 0.470703125 0.1015625 0.0390625 0.015625
0 0.4697265625 0.1181640625 0.029296875 0.017578125
0 0.4287109375 0.1572265625 0.037109375 0.021484375
0 0.4755859375 0.15234375 0.037109375 0.015625
0 0.4736328125 0.171875 0.041015625 0.015625
0 0.4287109375 0.1904296875 0.041015625 0.017578125
0 0.4755859375 0.1884765625 0.037109375 0.017578125
0 0.4736328125 0.20703125 0.048828125 0.015625
0 0.4755859375 0.224609375 0.037109375 0.01953125
0 0.5654296875 0.1142578125 0.041015625 0.017578125
0 0.568359375 0.09765625 0.03125 0.015625
0 0.5625 0.0791015625 0.046875 0.017578125
0 0.6083984375 0.0576171875 0.037109375 0.021484375
0 0.603515625 0.0263671875 0.04296875 0.021484375
0 0.826171875 0.2001953125 0.01953125 0.041015625
0 0.7490234375 0.1455078125 0.033203125 0.017578125
0 0.75 0.1298828125 0.03125 0.013671875
0 0.7509765625 0.26171875 0.037109375 0.01953125
0 0.7509765625 0.2861328125 0.041015625 0.017578125
0 0.7607421875 0.3037109375 0.037109375 0.017578125
0 0.76171875 0.322265625 0.0390625 0.01953125
0 0.76171875 0.3447265625 0.03125 0.017578125
0 0.7607421875 0.36328125 0.033203125 0.015625
0 0.7626953125 0.384765625 0.037109375 0.015625
0 0.765625 0.40234375 0.03515625 0.01171875
0 0.7626953125 0.4208984375 0.033203125 0.017578125
0 0.833984375 0.4306640625 0.01953125 0.033203125
0 0.720703125 0.4970703125 0.015625 0.033203125
0 0.6953125 0.4990234375 0.015625 0.033203125
0 0.6708984375 0.4970703125 0.017578125 0.029296875
0 0.650390625 0.4990234375 0.015625 0.037109375
0 0.62890625 0.5029296875 0.01953125 0.037109375
0 0.6044921875 0.5009765625 0.017578125 0.037109375
0 0.580078125 0.5009765625 0.01953125 0.037109375
0 0.560546875 0.501953125 0.01953125 0.03515625
0 0.5380859375 0.5009765625 0.013671875 0.033203125
0 0.517578125 0.50390625 0.015625 0.03515625
0 0.4931640625 0.5078125 0.021484375 0.04296875
0 0.466796875 0.501953125 0.01953125 0.0390625
0 0.7099609375 0.828125 0.021484375 0.0390625
0 0.6865234375 0.8310546875 0.017578125 0.029296875
0 0.666015625 0.8330078125 0.015625 0.029296875
0 0.642578125 0.8369140625 0.015625 0.033203125
0 0.5537109375 0.83984375 0.017578125 0.0390625
0 0.53125 0.837890625 0.015625 0.0390625
0 0.5087890625 0.8369140625 0.017578125 0.037109375
0 0.4853515625 0.841796875 0.017578125 0.03515625
0 0.4453125 0.8408203125 0.01953125 0.033203125
0 0.5166015625 0.9013671875 0.041015625 0.017578125
0 0.0185546875 0.8671875 0.017578125 0.03515625
0 0.8203125 0.908203125 0.05078125 0.04296875
0 0.6708984375 0.9375 0.017578125 0.03515625
0 0.6455078125 0.9384765625 0.021484375 0.041015625
0 0.6064453125 0.9384765625 0.021484375 0.037109375
0 0.580078125 0.9423828125 0.01953125 0.037109375
0 0.5556640625 0.9453125 0.013671875 0.04296875
0 0.5361328125 0.943359375 0.013671875 0.03515625
0 0.513671875 0.9423828125 0.01953125 0.037109375
0 0.4912109375 0.9423828125 0.017578125 0.033203125
0 0.470703125 0.9482421875 0.015625 0.029296875
0 0.427734375 0.947265625 0.01953125 0.0390625
0 0.40234375 0.94921875 0.01953125 0.046875
0 0.3798828125 0.9482421875 0.025390625 0.037109375
0 0.3583984375 0.947265625 0.017578125 0.02734375
