0 0.6513671875 0.482421875 0.021484375 0.03515625
0 0.548828125 0.66796875 0.0234375 0.0390625
0 0.5869140625 0.744140625 0.025390625 0.04296875
0 0.6298828125 0.96875 0.025390625 0.04296875
0 0.6943359375 0.9765625 0.025390625 0.0390625
0 0.71875 0.978515625 0.01953125 0.0390625
0 0.9765625 0.3779296875 0.0390625 0.021484375
0 0.4501953125 0.2109375 0.041015625 0.04296875
0 0.525390625 0.14453125 0.0234375 0.04296875
0 0.5498046875 0.15234375 0.025390625 0.046875
0 0.0234375 0.283203125 0.03515625 0.0234375
0 0.1533203125 0.068359375 0.017578125 0.03515625
