0 0.8447265625 0.2607421875 0.017578125 0.029296875
0 0.43359375 0.607421875 0.04296875 0.01953125
0 0.431640625 0.6552734375 0.04296875 0.021484375
0 0.439453125 0.708984375 0.03515625 0.01953125
0 0.5458984375 0.658203125 0.041015625 0.0234375
0 0.5595703125 0.6884765625 0.044921875 0.021484375
0 0.376953125 0.29296875 0.03515625 0.01953125
0 0.80078125 0.58984375 0.0390625 0.0234375
0 0.8935546875 0.6083984375 0.037109375 0.021484375
0 0.80078125 0.62109375 0.0390625 0.01953125
0 0.802734375 0.671875 0.03515625 0.01953125
0 0.802734375 0.693359375 0.0390625 0.01171875
0 0.796875 0.916015625 0.03515625 0.01953125
0 0.072265625 0.892578125 0.01953125 0.0390625
0 0.5126953125 0.9404296875 0.021484375 0.041015625
0 0.9130859375 0.900390625 0.037109375 0.01953125
