0 0.833984375 0.640625 0.046875 0.02734375
0 0.8408203125 0.6572265625 0.037109375 0.021484375
0 0.84375 0.6806640625 0.04296875 0.025390625
0 0.916015625 0.486328125 0.04296875 0.02734375
0 0.958984375 0.470703125 0.046875 0.02734375
0 0.9453125 0.1904296875 0.03125 0.041015625
0 0.9208984375 0.1962890625 0.033203125 0.044921875
0 0.89453125 0.19921875 0.03515625 0.0390625
0 0.873046875 0.2138671875 0.02734375 0.048828125
0 0.74609375 0.267578125 0.03515625 0.03515625
0 0.7802734375 0.29296875 0.033203125 0.0390625
0 0.6240234375 0.3193359375 0.033203125 0.041015625
