0 0.7255859375 0.224609375 0.021484375 0.0390625
0 0.767578125 0.22265625 0.01953125 0.0390625
0 0.7880859375 0.2265625 0.017578125 0.03515625
0 0.8349609375 0.2216796875 0.017578125 0.037109375
0 0.876953125 0.220703125 0.01953125 0.03515625
0 0.640625 0.2236328125 0.01953125 0.033203125
0 0.6640625 0.2275390625 0.01953125 0.037109375
0 0.896484375 0.21484375 0.015625 0.03125
0 0.9208984375 0.2216796875 0.017578125 0.033203125
0 0.9140625 0.1455078125 0.03515625 0.017578125
0 0.873046875 0.4111328125 0.015625 0.029296875
