0 0.8583984375 0.919921875 0.041015625 0.0234375
0 0.412109375 0.9619140625 0.046875 0.021484375
0 0.787109375 0.4443359375 0.015625 0.037109375
0 0.7861328125 0.4052734375 0.017578125 0.041015625
0 0.6953125 0.4052734375 0.0390625 0.021484375
0 0.68359375 0.3701171875 0.04296875 0.021484375
0 0.5556640625 0.3671875 0.025390625 0.04296875
0 0.712890625 0.443359375 0.03515625 0.01953125
0 0.8583984375 0.8505859375 0.041015625 0.021484375
0 0.8583984375 0.828125 0.041015625 0.0234375
0 0.3115234375 0.373046875 0.021484375 0.03515625
0 0.2822265625 0.3671875 0.017578125 0.03125
0 0.26171875 0.3720703125 0.015625 0.033203125
0 0.2353515625 0.37109375 0.017578125 0.03125
0 0.1943359375 0.3818359375 0.017578125 0.033203125
0 0.681640625 0.23046875 0.0390625 0.0234375
