0 0.9462890625 0.6103515625 0.021484375 0.033203125
0 0.1650390625 0.205078125 0.037109375 0.0234375
0 0.1748046875 0.1123046875 0.041015625 0.025390625
0 0.1748046875 0.142578125 0.041015625 0.01953125
0 0.2900390625 0.0390625 0.037109375 0.01953125
0 0.2958984375 0.0615234375 0.037109375 0.017578125
0 0.2998046875 0.0791015625 0.033203125 0.017578125
0 0.30859375 0.099609375 0.03515625 0.01953125
0 0.2978515625 0.138671875 0.041015625 0.0234375
0 0.302734375 0.212890625 0.03515625 0.01953125
0 0.3056640625 0.173828125 0.037109375 0.0234375
