0 0.3203125 0.08203125 0.0390625 0.03515625
0 0.296875 0.10546875 0.03125 0.03125
0 0.3828125 0.1875 0.0390625 0.02734375
0 0.4130859375 0.1787109375 0.037109375 0.029296875
0 0.44921875 0.248046875 0.04296875 0.0234375
0 0.392578125 0.25 0.0234375 0.03515625
0 0.4912109375 0.119140625 0.037109375 0.02734375
0 0.111328125 0.884765625 0.03125 0.03515625
0 0.2421875 0.625 0.03515625 0.03515625
0 0.7080078125 0.8408203125 0.041015625 0.029296875
0 0.6630859375 0.787109375 0.033203125 0.03515625
0 0.8544921875 0.4609375 0.033203125 0.03515625
