0 0.0341796875 0.2216796875 0.017578125 0.037109375
0 0.076171875 0.220703125 0.01953125 0.03515625
0 0.2255859375 0.2392578125 0.017578125 0.033203125
0 0.2060546875 0.2392578125 0.017578125 0.037109375
0 0.095703125 0.21484375 0.015625 0.03125
0 0.1201171875 0.2216796875 0.017578125 0.033203125
0 0.11328125 0.1455078125 0.03515625 0.017578125
0 0.578125 0.2138671875 0.01953125 0.037109375
0 0.5439453125 0.2021484375 0.017578125 0.041015625
0 0.4794921875 0.0908203125 0.033203125 0.029296875
0 0.966796875 0.0810546875 0.0390625 0.033203125
0 0.9208984375 0.849609375 0.025390625 0.03515625
0 0.072265625 0.4111328125 0.015625 0.029296875
