0 0.2607421875 0.6728515625 0.017578125 0.041015625
0 0.36328125 0.673828125 0.015625 0.0390625
0 0.4208984375 0.5849609375 0.033203125 0.017578125
0 0.69921875 0.6708984375 0.03125 0.021484375
0 0.7021484375 0.6201171875 0.037109375 0.021484375
0 0.705078125 0.638671875 0.03515625 0.0234375
0 0.697265625 0.5615234375 0.0390625 0.021484375
0 0.701171875 0.5400390625 0.03515625 0.017578125
0 0.6923828125 0.451171875 0.037109375 0.0234375
0 0.6962890625 0.4833984375 0.037109375 0.021484375
0 0.6962890625 0.5078125 0.037109375 0.015625
0 0.7001953125 0.5244140625 0.037109375 0.013671875
0 0.5966796875 0.537109375 0.021484375 0.03515625
0 0.572265625 0.541015625 0.0234375 0.03515625
0 0.5146484375 0.5439453125 0.025390625 0.033203125
0 0.3828125 0.4345703125 0.04296875 0.017578125
