0 0.076171875 0.9462890625 0.04296875 0.021484375
0 0.0732421875 0.9140625 0.048828125 0.0234375
0 0.0703125 0.89453125 0.04296875 0.015625
0 0.8037109375 0.958984375 0.041015625 0.01953125
0 0.8046875 0.98046875 0.04296875 0.0234375
0 0.80078125 0.9384765625 0.03515625 0.021484375
0 0.80078125 0.921875 0.03515625 0.01953125
0 0.802734375 0.9052734375 0.03125 0.013671875
0 0.7978515625 0.88671875 0.041015625 0.0234375
0 0.80078125 0.8662109375 0.03515625 0.017578125
0 0.7548828125 0.85546875 0.017578125 0.03515625
0 0.6689453125 0.818359375 0.029296875 0.01953125
0 0.66796875 0.7998046875 0.03125 0.017578125
0 0.6708984375 0.78125 0.037109375 0.01953125
0 0.6650390625 0.763671875 0.037109375 0.015625
0 0.66796875 0.7470703125 0.04296875 0.021484375
0 0.662109375 0.6962890625 0.0390625 0.017578125
0 0.669921875 0.712890625 0.03515625 0.015625
0 0.666015625 0.728515625 0.04296875 0.015625
0 0.70703125 0.7294921875 0.015625 0.041015625
0 0.0703125 0.8505859375 0.04296875 0.021484375
0 0.0712890625 0.828125 0.041015625 0.01953125
0 0.11328125 0.802734375 0.01953125 0.03515625
0 0.0654296875 0.8115234375 0.037109375 0.017578125
0 0.0673828125 0.7822265625 0.041015625 0.017578125
0 0.0615234375 0.763671875 0.037109375 0.015625
0 0.0615234375 0.74609375 0.041015625 0.01953125
0 0.06640625 0.73046875 0.0390625 0.015625
0 0.0595703125 0.712890625 0.048828125 0.01953125
0 0.0576171875 0.634765625 0.044921875 0.01953125
0 0.0537109375 0.6171875 0.037109375 0.01953125
0 0.052734375 0.5986328125 0.0390625 0.017578125
0 0.052734375 0.58203125 0.0390625 0.015625
0 0.0576171875 0.564453125 0.044921875 0.01953125
0 0.0546875 0.5322265625 0.03515625 0.013671875
0 0.052734375 0.515625 0.0390625 0.01953125
0 0.05078125 0.4951171875 0.04296875 0.021484375
0 0.052734375 0.4619140625 0.04296875 0.021484375
0 0.0517578125 0.4462890625 0.029296875 0.017578125
0 0.0537109375 0.427734375 0.037109375 0.01953125
0 0.0517578125 0.390625 0.037109375 0.01953125
0 0.046875 0.3408203125 0.04296875 0.021484375
0 0.095703125 0.2412109375 0.03515625 0.041015625
0 0.0771484375 0.1376953125 0.021484375 0.041015625
0 0.103515625 0.1396484375 0.015625 0.041015625
0 0.515625 0.0166015625 0.04296875 0.021484375
0 0.5556640625 0.0751953125 0.017578125 0.041015625
0 0.5732421875 0.0732421875 0.017578125 0.037109375
0 0.5927734375 0.0712890625 0.017578125 0.037109375
0 0.4365234375 0.041015625 0.037109375 0.01953125
0 0.3896484375 0.080078125 0.021484375 0.03515625
0 0.4482421875 0.076171875 0.017578125 0.0390625
0 0.5947265625 0.1240234375 0.017578125 0.041015625
0 0.5771484375 0.1259765625 0.017578125 0.037109375
0 0.65625 0.171875 0.046875 0.01953125
0 0.65234375 0.15234375 0.0390625 0.01953125
0 0.65234375 0.1337890625 0.0390625 0.017578125
0 0.65234375 0.1171875 0.0390625 0.015625
0 0.666015625 0.3564453125 0.046875 0.021484375
0 0.666015625 0.3876953125 0.04296875 0.017578125
0 0.6689453125 0.4052734375 0.041015625 0.017578125
0 0.6689453125 0.4228515625 0.041015625 0.017578125
0 0.6708984375 0.4404296875 0.033203125 0.017578125
0 0.673828125 0.458984375 0.0390625 0.0234375
0 0.6787109375 0.4931640625 0.041015625 0.017578125
0 0.6806640625 0.52734375 0.044921875 0.015625
0 0.359375 0.38671875 0.0390625 0.01953125
0 0.3623046875 0.4052734375 0.037109375 0.017578125
0 0.361328125 0.4384765625 0.03515625 0.021484375
0 0.365234375 0.47265625 0.0390625 0.015625
0 0.3642578125 0.48828125 0.037109375 0.015625
0 0.365234375 0.5068359375 0.0234375 0.021484375
0 0.3583984375 0.541015625 0.041015625 0.015625
0 0.359375 0.55859375 0.03125 0.01953125
0 0.357421875 0.578125 0.02734375 0.01953125
0 0.357421875 0.3544921875 0.05078125 0.017578125
0 0.357421875 0.3369140625 0.05078125 0.017578125
0 0.3603515625 0.3203125 0.044921875 0.015625
0 0.37890625 0.8115234375 0.04296875 0.017578125
0 0.376953125 0.79296875 0.0390625 0.01953125
0 0.3740234375 0.775390625 0.033203125 0.015625
0 0.376953125 0.7568359375 0.04296875 0.017578125
0 0.369140625 0.6943359375 0.03515625 0.017578125
0 0.3544921875 0.7216796875 0.037109375 0.017578125
0 0.9833984375 0.3623046875 0.033203125 0.017578125
0 0.9775390625 0.291015625 0.037109375 0.015625
0 0.978515625 0.3076171875 0.0390625 0.017578125
0 0.935546875 0.5126953125 0.01953125 0.037109375
0 0.6953125 0.9853515625 0.04296875 0.017578125
