0 0.0263671875 0.083984375 0.041015625 0.01953125
0 0.0263671875 0.1220703125 0.037109375 0.017578125
0 0.029296875 0.1455078125 0.0390625 0.017578125
0 0.041015625 0.2080078125 0.0390625 0.021484375
0 0.037109375 0.291015625 0.046875 0.01953125
0 0.037109375 0.3115234375 0.04296875 0.021484375
0 0.0556640625 0.8232421875 0.048828125 0.021484375
0 0.138671875 0.8125 0.04296875 0.01953125
0 0.16796875 0.7744140625 0.0390625 0.021484375
0 0.0625 0.708984375 0.03125 0.015625
0 0.05859375 0.6884765625 0.04296875 0.017578125
0 0.2861328125 0.771484375 0.044921875 0.02734375
0 0.0537109375 0.4775390625 0.041015625 0.017578125
0 0.0517578125 0.4560546875 0.044921875 0.025390625
0 0.052734375 0.4130859375 0.04296875 0.017578125
0 0.048828125 0.3935546875 0.03515625 0.021484375
0 0.3427734375 0.6328125 0.044921875 0.02734375
0 0.341796875 0.59375 0.0390625 0.01953125
0 0.3408203125 0.57421875 0.041015625 0.01953125
0 0.3427734375 0.5546875 0.037109375 0.01953125
0 0.3447265625 0.537109375 0.033203125 0.015625
0 0.34375 0.5009765625 0.046875 0.021484375
0 0.341796875 0.458984375 0.046875 0.01953125
0 0.33984375 0.44140625 0.03515625 0.015625
0 0.33984375 0.40234375 0.03515625 0.01953125
0 0.4345703125 0.4375 0.041015625 0.0234375
0 0.4736328125 0.4580078125 0.013671875 0.029296875
0 0.4306640625 0.3857421875 0.041015625 0.021484375
0 0.4267578125 0.3544921875 0.037109375 0.017578125
0 0.4208984375 0.3359375 0.048828125 0.01953125
0 0.42578125 0.2998046875 0.046875 0.021484375
0 0.3359375 0.3125 0.04296875 0.01953125
0 0.3330078125 0.2919921875 0.037109375 0.021484375
0 0.3671875 0.2734375 0.01953125 0.02734375
0 0.328125 0.2236328125 0.04296875 0.021484375
0 0.41796875 0.208984375 0.04296875 0.02734375
0 0.416015625 0.18359375 0.046875 0.0234375
0 0.4150390625 0.12890625 0.048828125 0.0234375
0 0.33203125 0.0869140625 0.046875 0.021484375
0 0.328125 0.02734375 0.04296875 0.0234375
0 0.1240234375 0.943359375 0.037109375 0.01953125
0 0.1806640625 0.9423828125 0.033203125 0.017578125
0 0.2265625 0.94140625 0.03515625 0.0234375
0 0.283203125 0.939453125 0.03515625 0.01953125
0 0.3310546875 0.9365234375 0.033203125 0.017578125
0 0.3857421875 0.935546875 0.033203125 0.01953125
0 0.359375 0.986328125 0.0390625 0.01953125
0 0.423828125 0.9326171875 0.04296875 0.013671875
0 0.4736328125 0.9287109375 0.041015625 0.021484375
0 0.455078125 0.9580078125 0.04296875 0.017578125
0 0.4072265625 0.9638671875 0.033203125 0.013671875
0 0.6552734375 0.49609375 0.021484375 0.03125
0 0.6552734375 0.626953125 0.021484375 0.0390625
0 0.66015625 0.724609375 0.01953125 0.03515625
0 0.7548828125 0.6259765625 0.021484375 0.041015625
0 0.689453125 0.7509765625 0.015625 0.033203125
0 0.6416015625 0.79296875 0.017578125 0.0390625
0 0.671875 0.84765625 0.02734375 0.04296875
0 0.708984375 0.916015625 0.03125 0.0390625
0 0.755859375 0.9287109375 0.03515625 0.041015625
0 0.80078125 0.978515625 0.04296875 0.02734375
0 0.9755859375 0.9833984375 0.041015625 0.017578125
