0 0.1083984375 0.04296875 0.056640625 0.0234375
0 0.1083984375 0.0693359375 0.037109375 0.017578125
0 0.1103515625 0.109375 0.044921875 0.015625
0 0.1181640625 0.1494140625 0.041015625 0.017578125
0 0.3232421875 0.15625 0.017578125 0.02734375
0 0.3515625 0.1591796875 0.01171875 0.025390625
0 0.3681640625 0.154296875 0.013671875 0.03125
0 0.38671875 0.15625 0.01171875 0.02734375
0 0.560546875 0.1494140625 0.015625 0.037109375
0 0.7490234375 0.134765625 0.013671875 0.02734375
0 0.771484375 0.134765625 0.015625 0.03125
0 0.07421875 0.4033203125 0.0234375 0.041015625
0 0.0966796875 0.4052734375 0.021484375 0.044921875
0 0.115234375 0.12890625 0.03515625 0.01953125
0 0.1171875 0.169921875 0.0390625 0.01953125
0 0.12109375 0.189453125 0.0390625 0.01953125
0 0.1240234375 0.2099609375 0.044921875 0.021484375
0 0.126953125 0.2294921875 0.03515625 0.017578125
0 0.123046875 0.25390625 0.03515625 0.01953125
0 0.125 0.294921875 0.03515625 0.015625
0 0.130859375 0.318359375 0.03125 0.015625
0 0.1298828125 0.3583984375 0.029296875 0.017578125
0 0.130859375 0.400390625 0.03125 0.015625
0 0.1298828125 0.4248046875 0.037109375 0.013671875
0 0.134765625 0.4482421875 0.0390625 0.017578125
0 0.1318359375 0.4677734375 0.041015625 0.017578125
0 0.12890625 0.5146484375 0.0390625 0.021484375
0 0.1435546875 0.552734375 0.037109375 0.0234375
0 0.1953125 0.5595703125 0.0234375 0.048828125
0 0.146484375 0.6142578125 0.03515625 0.017578125
0 0.1474609375 0.63671875 0.037109375 0.015625
0 0.1494140625 0.6552734375 0.041015625 0.021484375
0 0.1474609375 0.681640625 0.037109375 0.01953125
0 0.1435546875 0.720703125 0.033203125 0.015625
0 0.146484375 0.7392578125 0.0390625 0.021484375
0 0.15234375 0.76171875 0.0390625 0.0234375
0 0.15234375 0.7861328125 0.046875 0.017578125
0 0.1552734375 0.8056640625 0.044921875 0.021484375
0 0.1533203125 0.826171875 0.041015625 0.01953125
0 0.1494140625 0.8466796875 0.037109375 0.017578125
0 0.15625 0.88671875 0.03515625 0.01953125
0 0.15625 0.9072265625 0.0390625 0.017578125
0 0.1591796875 0.943359375 0.044921875 0.01953125
0 0.1630859375 0.9619140625 0.041015625 0.017578125
0 0.16015625 0.9814453125 0.04296875 0.017578125
0 0.86328125 0.275390625 0.0234375 0.0390625
0 0.822265625 0.2744140625 0.04296875 0.021484375
0 0.8203125 0.3095703125 0.046875 0.017578125
0 0.826171875 0.3310546875 0.03515625 0.025390625
0 0.826171875 0.3544921875 0.03515625 0.021484375
0 0.8271484375 0.423828125 0.033203125 0.015625
0 0.8271484375 0.439453125 0.033203125 0.015625
0 0.828125 0.458984375 0.03515625 0.0234375
0 0.826171875 0.4951171875 0.0390625 0.017578125
0 0.8427734375 0.6318359375 0.041015625 0.021484375
0 0.8427734375 0.6513671875 0.041015625 0.017578125
0 0.8427734375 0.671875 0.033203125 0.01953125
0 0.845703125 0.708984375 0.04296875 0.0234375
0 0.84375 0.7294921875 0.0390625 0.017578125
0 0.849609375 0.7666015625 0.04296875 0.021484375
0 0.845703125 0.7861328125 0.03515625 0.017578125
0 0.8486328125 0.8046875 0.041015625 0.01953125
0 0.849609375 0.8232421875 0.04296875 0.017578125
0 0.849609375 0.8427734375 0.04296875 0.021484375
0 0.8515625 0.86328125 0.046875 0.01953125
0 0.853515625 0.880859375 0.0390625 0.015625
0 0.8544921875 0.8994140625 0.041015625 0.021484375
0 0.8564453125 0.962890625 0.041015625 0.01953125
0 0.8583984375 0.9873046875 0.033203125 0.017578125
0 0.4462890625 0.9873046875 0.044921875 0.017578125
0 0.4423828125 0.9716796875 0.052734375 0.013671875
0 0.44140625 0.9541015625 0.0390625 0.021484375
0 0.439453125 0.9208984375 0.0390625 0.021484375
0 0.4365234375 0.88671875 0.033203125 0.015625
0 0.435546875 0.869140625 0.03515625 0.01953125
0 0.435546875 0.849609375 0.03515625 0.01953125
0 0.4365234375 0.830078125 0.033203125 0.01953125
0 0.4345703125 0.7958984375 0.033203125 0.017578125
0 0.431640625 0.7509765625 0.0390625 0.021484375
0 0.431640625 0.7294921875 0.0390625 0.021484375
0 0.5283203125 0.8564453125 0.041015625 0.021484375
0 0.5302734375 0.8369140625 0.037109375 0.017578125
0 0.53125 0.818359375 0.03515625 0.01953125
0 0.5244140625 0.75 0.033203125 0.01953125
0 0.5771484375 0.8173828125 0.041015625 0.021484375
0 0.580078125 0.849609375 0.0390625 0.01953125
0 0.578125 0.8681640625 0.03515625 0.017578125
0 0.58203125 0.88671875 0.03515625 0.01953125
0 0.5810546875 0.90625 0.033203125 0.01953125
0 0.5712890625 0.697265625 0.041015625 0.01953125
0 0.42578125 0.6767578125 0.03125 0.017578125
0 0.4248046875 0.6083984375 0.037109375 0.021484375
0 0.4140625 0.4921875 0.0390625 0.01953125
0 0.4208984375 0.4736328125 0.041015625 0.021484375
0 0.583984375 0.4765625 0.0390625 0.0234375
0 0.5322265625 0.3935546875 0.021484375 0.041015625
0 0.5732421875 0.421875 0.017578125 0.02734375
0 0.490234375 0.392578125 0.0234375 0.03515625
0 0.4248046875 0.3603515625 0.041015625 0.017578125
0 0.421875 0.3779296875 0.03515625 0.017578125
0 0.5 0.2392578125 0.01953125 0.041015625
0 0.541015625 0.240234375 0.02734375 0.03515625
0 0.560546875 0.1513671875 0.0234375 0.041015625
0 0.4423828125 0.158203125 0.017578125 0.04296875
0 0.423828125 0.158203125 0.01953125 0.0390625
