1 0.0341796875 0.3076171875 0.021484375 0.052734375
1 0.5068359375 0.5126953125 0.025390625 0.052734375
0 0.212890625 0.9638671875 0.015625 0.037109375
0 0.236328125 0.9619140625 0.0234375 0.037109375
0 0.2578125 0.9638671875 0.0234375 0.041015625
0 0.2822265625 0.9609375 0.017578125 0.0390625
0 0.302734375 0.9609375 0.015625 0.04296875
0 0.326171875 0.9560546875 0.015625 0.029296875
0 0.34765625 0.9541015625 0.015625 0.029296875
0 0.4521484375 0.9443359375 0.033203125 0.013671875
0 0.5517578125 0.9365234375 0.037109375 0.017578125
0 0.6513671875 0.9091796875 0.037109375 0.017578125
0 0.650390625 0.88671875 0.03515625 0.015625
0 0.65234375 0.8662109375 0.03515625 0.017578125
0 0.65625 0.826171875 0.04296875 0.02734375
0 0.6494140625 0.80078125 0.041015625 0.01953125
0 0.62890625 0.7646484375 0.0234375 0.037109375
0 0.6533203125 0.767578125 0.017578125 0.0390625
0 0.0595703125 0.9697265625 0.017578125 0.029296875
0 0.0341796875 0.5 0.029296875 0.03515625
0 0.083984375 0.625 0.015625 0.02734375
0 0.1162109375 0.615234375 0.017578125 0.03125
0 0.142578125 0.615234375 0.015625 0.03125
0 0.16796875 0.658203125 0.01953125 0.03125
0 0.126953125 0.6630859375 0.01953125 0.037109375
0 0.0537109375 0.6787109375 0.013671875 0.029296875
0 0.267578125 0.6474609375 0.015625 0.037109375
0 0.3154296875 0.5966796875 0.021484375 0.044921875
0 0.4248046875 0.5947265625 0.021484375 0.037109375
0 0.44140625 0.654296875 0.01953125 0.03515625
0 0.466796875 0.6416015625 0.01953125 0.037109375
0 0.5830078125 0.642578125 0.021484375 0.0390625
0 0.60546875 0.6259765625 0.015625 0.041015625
0 0.6103515625 0.689453125 0.044921875 0.0234375
0 0.6650390625 0.6279296875 0.021484375 0.041015625
0 0.7119140625 0.640625 0.021484375 0.04296875
0 0.7353515625 0.5947265625 0.021484375 0.041015625
0 0.7529296875 0.533203125 0.033203125 0.04296875
0 0.82421875 0.6357421875 0.0234375 0.037109375
