0 0.083984375 0.4345703125 0.01953125 0.041015625
0 0.1259765625 0.4443359375 0.017578125 0.037109375
0 0.16796875 0.4248046875 0.01953125 0.041015625
0 0.197265625 0.4609375 0.01953125 0.0390625
0 0.232421875 0.435546875 0.01953125 0.0390625
0 0.2724609375 0.451171875 0.025390625 0.0390625
0 0.2978515625 0.455078125 0.025390625 0.046875
0 0.3408203125 0.451171875 0.021484375 0.03515625
0 0.126953125 0.7392578125 0.03125 0.017578125
0 0.1376953125 0.7529296875 0.033203125 0.021484375
0 0.1396484375 0.775390625 0.037109375 0.0234375
0 0.77734375 0.296875 0.03125 0.015625
0 0.783203125 0.3173828125 0.0390625 0.017578125
0 0.7822265625 0.3408203125 0.033203125 0.017578125
0 0.8369140625 0.3369140625 0.029296875 0.037109375
0 0.7666015625 0.1220703125 0.017578125 0.041015625
