0 0.765625 0.48046875 0.03125 0.01953125
0 0.7158203125 0.4541015625 0.025390625 0.033203125
0 0.6845703125 0.4609375 0.033203125 0.04296875
0 0.6591796875 0.458984375 0.033203125 0.0390625
0 0.66015625 0.509765625 0.04296875 0.0234375
0 0.0654296875 0.63671875 0.017578125 0.02734375
0 0.021484375 0.6767578125 0.02734375 0.041015625
0 0.1181640625 0.6689453125 0.044921875 0.021484375
0 0.544921875 0.96875 0.0234375 0.02734375
0 0.5166015625 0.9716796875 0.029296875 0.041015625
0 0.7861328125 0.1181640625 0.021484375 0.037109375
