0 0.021484375 0.8359375 0.015625 0.03125
0 0.0751953125 0.837890625 0.021484375 0.0390625
0 0.1328125 0.837890625 0.01953125 0.0390625
0 0.1513671875 0.833984375 0.017578125 0.03515625
0 0.1708984375 0.833984375 0.017578125 0.03515625
0 0.1904296875 0.8369140625 0.017578125 0.041015625
0 0.2109375 0.8291015625 0.015625 0.033203125
0 0.23046875 0.8310546875 0.015625 0.033203125
0 0.25 0.8369140625 0.01953125 0.041015625
0 0.3037109375 0.83203125 0.017578125 0.03515625
0 0.32421875 0.8291015625 0.015625 0.041015625
0 0.3447265625 0.8291015625 0.017578125 0.037109375
0 0.4345703125 0.8193359375 0.013671875 0.029296875
0 0.4951171875 0.8212890625 0.017578125 0.037109375
0 0.5205078125 0.8232421875 0.017578125 0.033203125
0 0.5439453125 0.8193359375 0.017578125 0.037109375
0 0.5341796875 0.787109375 0.041015625 0.01953125
0 0.5322265625 0.755859375 0.041015625 0.01953125
0 0.5302734375 0.7353515625 0.037109375 0.013671875
0 0.5263671875 0.71484375 0.041015625 0.015625
0 0.44921875 0.7021484375 0.0390625 0.021484375
0 0.4443359375 0.6748046875 0.037109375 0.017578125
0 0.4365234375 0.6552734375 0.037109375 0.017578125
0 0.4384765625 0.5830078125 0.017578125 0.037109375
0 0.4814453125 0.58203125 0.017578125 0.03515625
0 0.498046875 0.625 0.02734375 0.03515625
0 0.5400390625 0.6259765625 0.021484375 0.037109375
0 0.55078125 0.5810546875 0.01953125 0.037109375
0 0.025390625 0.5302734375 0.04296875 0.021484375
0 0.0439453125 0.490234375 0.025390625 0.03125
0 0.060546875 0.0791015625 0.03125 0.041015625
0 0.076171875 0.3798828125 0.01953125 0.041015625
0 0.0859375 0.21484375 0.03515625 0.03125
0 0.404296875 0.8916015625 0.0390625 0.013671875
0 0.6083984375 0.82421875 0.013671875 0.02734375
0 0.630859375 0.8212890625 0.015625 0.033203125
0 0.65234375 0.8212890625 0.01171875 0.029296875
0 0.671875 0.818359375 0.015625 0.03515625
0 0.7138671875 0.8125 0.017578125 0.0390625
0 0.736328125 0.814453125 0.01171875 0.0390625
0 0.7587890625 0.810546875 0.013671875 0.02734375
0 0.779296875 0.8095703125 0.015625 0.029296875
0 0.802734375 0.8125 0.01171875 0.03125
0 0.89453125 0.806640625 0.015625 0.03515625
0 0.9140625 0.8046875 0.015625 0.03515625
0 0.9833984375 0.8046875 0.017578125 0.0390625
0 0.79296875 0.947265625 0.02734375 0.04296875
0 0.951171875 0.56640625 0.01953125 0.04296875
0 0.923828125 0.568359375 0.01953125 0.0390625
0 0.8330078125 0.57421875 0.013671875 0.03125
0 0.7734375 0.58984375 0.01953125 0.03515625
0 0.650390625 0.4697265625 0.01171875 0.021484375
0 0.216796875 0.4853515625 0.01953125 0.033203125
0 0.259765625 0.4853515625 0.01953125 0.037109375
0 0.3251953125 0.48046875 0.017578125 0.03125
0 0.3466796875 0.484375 0.017578125 0.0390625
0 0.3876953125 0.4775390625 0.017578125 0.033203125
0 0.4091796875 0.478515625 0.017578125 0.03125
0 0.44921875 0.478515625 0.015625 0.03125
0 0.4736328125 0.4814453125 0.017578125 0.033203125
0 0.4970703125 0.4775390625 0.017578125 0.037109375
0 0.517578125 0.4755859375 0.01171875 0.029296875
0 0.5400390625 0.4677734375 0.013671875 0.025390625
0 0.2138671875 0.158203125 0.017578125 0.03515625
0 0.236328125 0.158203125 0.015625 0.03515625
0 0.337890625 0.1552734375 0.015625 0.033203125
0 0.361328125 0.1552734375 0.015625 0.029296875
0 0.2734375 0.1171875 0.015625 0.02734375
0 0.42578125 0.0908203125 0.03125 0.017578125
0 0.28515625 0.041015625 0.0390625 0.015625
0 0.283203125 0.0205078125 0.04296875 0.017578125
0 0.6572265625 0.1474609375 0.017578125 0.033203125
0 0.6064453125 0.146484375 0.017578125 0.03515625
0 0.580078125 0.1455078125 0.015625 0.029296875
0 0.705078125 0.08203125 0.0390625 0.015625
0 0.69921875 0.0595703125 0.03125 0.017578125
