0 0.41015625 0.794921875 0.0390625 0.01953125
0 0.6953125 0.9306640625 0.0234375 0.044921875
0 0.7578125 0.923828125 0.01953125 0.0390625
0 0.783203125 0.923828125 0.01953125 0.03515625
0 0.810546875 0.9130859375 0.01953125 0.044921875
0 0.8623046875 0.896484375 0.017578125 0.04296875
0 0.86328125 0.943359375 0.015625 0.0390625
0 0.9033203125 0.931640625 0.017578125 0.03515625
0 0.5263671875 0.68359375 0.041015625 0.01953125
0 0.458984375 0.6357421875 0.02734375 0.029296875
0 0.4638671875 0.6103515625 0.037109375 0.029296875
0 0.529296875 0.611328125 0.0390625 0.01953125
0 0.51953125 0.572265625 0.03515625 0.01953125
0 0.4892578125 0.5322265625 0.021484375 0.037109375
0 0.46484375 0.537109375 0.02734375 0.0390625
0 0.4794921875 0.4404296875 0.041015625 0.021484375
0 0.6240234375 0.0234375 0.033203125 0.03515625
0 0.595703125 0.0361328125 0.03515625 0.033203125
0 0.607421875 0.056640625 0.03125 0.03125
0 0.646484375 0.078125 0.0390625 0.04296875
0 0.6572265625 0.1259765625 0.041015625 0.041015625
