0 0.5966796875 0.05078125 0.037109375 0.0234375
0 0.08203125 0.4970703125 0.015625 0.025390625
0 0.4482421875 0.8759765625 0.017578125 0.025390625
0 0.6259765625 0.8984375 0.021484375 0.04296875
0 0.6474609375 0.8974609375 0.021484375 0.048828125
0 0.6796875 0.8955078125 0.0234375 0.041015625
0 0.6943359375 0.859375 0.025390625 0.0390625
0 0.65625 0.861328125 0.01953125 0.0390625
0 0.755859375 0.904296875 0.0234375 0.046875
0 0.75390625 0.853515625 0.0234375 0.03515625
0 0.96484375 0.1240234375 0.03515625 0.033203125
