0 0.25 0.197265625 0.02734375 0.04296875
0 0.318359375 0.232421875 0.01953125 0.046875
0 0.408203125 0.3212890625 0.03515625 0.029296875
0 0.3681640625 0.443359375 0.041015625 0.01953125
0 0.3779296875 0.46484375 0.037109375 0.0234375
0 0.37890625 0.486328125 0.0390625 0.01953125
0 0.37890625 0.5078125 0.0390625 0.0234375
0 0.3828125 0.5283203125 0.046875 0.017578125
0 0.353515625 0.6103515625 0.0390625 0.021484375
0 0.2724609375 0.6279296875 0.021484375 0.044921875
0 0.2685546875 0.70703125 0.017578125 0.0390625
0 0.333984375 0.6962890625 0.01953125 0.048828125
0 0.28515625 0.7470703125 0.015625 0.041015625
0 0.376953125 0.7177734375 0.03515625 0.029296875
0 0.3798828125 0.744140625 0.041015625 0.0234375
0 0.3798828125 0.767578125 0.041015625 0.0234375
0 0.3828125 0.7998046875 0.03515625 0.013671875
0 0.384765625 0.8154296875 0.0390625 0.017578125
0 0.388671875 0.8369140625 0.046875 0.025390625
1 0.6259765625 0.353515625 0.029296875 0.07421875
0 0.599609375 0.359375 0.0234375 0.0390625
0 0.5341796875 0.3603515625 0.017578125 0.041015625
0 0.5126953125 0.3544921875 0.013671875 0.033203125
0 0.4931640625 0.353515625 0.013671875 0.03515625
0 0.4755859375 0.34765625 0.013671875 0.03515625
0 0.7294921875 0.3544921875 0.025390625 0.041015625
0 0.7919921875 0.3486328125 0.021484375 0.048828125
0 0.2841796875 0.953125 0.021484375 0.05078125
0 0.392578125 0.89453125 0.03515625 0.03125
