0 0.71875 0.5986328125 0.04296875 0.021484375
0 0.1845703125 0.091796875 0.033203125 0.01953125
0 0.1875 0.111328125 0.0390625 0.01953125
0 0.1982421875 0.1328125 0.041015625 0.0234375
0 0.2060546875 0.189453125 0.041015625 0.0234375
0 0.205078125 0.2568359375 0.04296875 0.025390625
0 0.431640625 0.1513671875 0.01953125 0.033203125
0 0.4365234375 0.197265625 0.021484375 0.03515625
0 0.4912109375 0.29296875 0.017578125 0.03515625
0 0.21875 0.583984375 0.0390625 0.01953125
0 0.1953125 0.037109375 0.04296875 0.0234375
