0 0.23828125 0.6298828125 0.04296875 0.017578125
0 0.236328125 0.6484375 0.03515625 0.015625
0 0.2412109375 0.666015625 0.041015625 0.01953125
0 0.236328125 0.6884765625 0.04296875 0.017578125
0 0.240234375 0.70703125 0.0390625 0.015625
0 0.2392578125 0.7294921875 0.033203125 0.017578125
0 0.2412109375 0.7509765625 0.037109375 0.017578125
0 0.2431640625 0.8671875 0.044921875 0.01953125
0 0.248046875 0.9091796875 0.0390625 0.017578125
0 0.2451171875 0.9873046875 0.033203125 0.021484375
0 0.572265625 0.5908203125 0.0390625 0.017578125
0 0.5791015625 0.6796875 0.037109375 0.01953125
0 0.5859375 0.7509765625 0.0390625 0.021484375
0 0.5869140625 0.849609375 0.037109375 0.01953125
0 0.212890625 0.0224609375 0.04296875 0.021484375
0 0.2080078125 0.0478515625 0.041015625 0.017578125
0 0.2099609375 0.10546875 0.037109375 0.01953125
0 0.2177734375 0.15234375 0.041015625 0.01953125
0 0.21484375 0.1708984375 0.03515625 0.017578125
0 0.212890625 0.1943359375 0.0390625 0.017578125
0 0.2138671875 0.2119140625 0.041015625 0.017578125
0 0.2177734375 0.2314453125 0.037109375 0.021484375
0 0.2177734375 0.2587890625 0.033203125 0.017578125
0 0.287109375 0.130859375 0.01953125 0.03125
0 0.294921875 0.3369140625 0.01953125 0.041015625
0 0.21875 0.3427734375 0.03125 0.013671875
0 0.2216796875 0.361328125 0.037109375 0.0234375
0 0.2197265625 0.3837890625 0.033203125 0.021484375
0 0.228515625 0.4228515625 0.03515625 0.017578125
0 0.23046875 0.4638671875 0.03515625 0.013671875
0 0.23046875 0.4814453125 0.03515625 0.021484375
0 0.2314453125 0.56640625 0.033203125 0.01953125
0 0.23828125 0.6083984375 0.03515625 0.017578125
0 0.298828125 0.3828125 0.01953125 0.03515625
0 0.5439453125 0.0224609375 0.041015625 0.021484375
0 0.54296875 0.046875 0.03125 0.015625
0 0.546875 0.064453125 0.0390625 0.01953125
0 0.5478515625 0.0869140625 0.037109375 0.017578125
0 0.5478515625 0.107421875 0.029296875 0.015625
0 0.55078125 0.14453125 0.046875 0.01953125
0 0.556640625 0.1640625 0.03515625 0.01953125
0 0.5537109375 0.2060546875 0.041015625 0.017578125
0 0.5546875 0.2236328125 0.02734375 0.017578125
0 0.5537109375 0.306640625 0.037109375 0.01953125
0 0.625 0.2744140625 0.0234375 0.052734375
0 0.560546875 0.345703125 0.0390625 0.01953125
0 0.5654296875 0.388671875 0.033203125 0.01953125
0 0.5732421875 0.5703125 0.029296875 0.015625
0 0.8564453125 0.580078125 0.033203125 0.0234375
0 0.861328125 0.615234375 0.03125 0.01171875
0 0.859375 0.6474609375 0.03125 0.013671875
0 0.947265625 0.5830078125 0.03125 0.013671875
0 0.9443359375 0.6015625 0.025390625 0.015625
0 0.859375 0.75 0.03515625 0.01953125
0 0.955078125 0.7734375 0.03515625 0.015625
0 0.95703125 0.7900390625 0.03125 0.017578125
0 0.958984375 0.8251953125 0.0390625 0.021484375
0 0.8662109375 0.8896484375 0.037109375 0.017578125
0 0.869140625 0.94140625 0.03515625 0.015625
0 0.8701171875 0.9580078125 0.037109375 0.017578125
0 0.69140625 0.0849609375 0.01953125 0.033203125
0 0.736328125 0.0810546875 0.015625 0.041015625
0 0.7724609375 0.0771484375 0.017578125 0.033203125
0 0.841796875 0.0771484375 0.0234375 0.048828125
0 0.8896484375 0.072265625 0.017578125 0.0390625
0 0.93359375 0.072265625 0.01953125 0.04296875
0 0.9560546875 0.0654296875 0.013671875 0.029296875
0 0.98046875 0.072265625 0.015625 0.0390625
0 0.9208984375 0.158203125 0.017578125 0.0390625
0 0.90234375 0.16015625 0.01953125 0.03515625
0 0.8720703125 0.1689453125 0.025390625 0.060546875
0 0.845703125 0.181640625 0.015625 0.03515625
0 0.8291015625 0.1669921875 0.017578125 0.029296875
0 0.90625 0.314453125 0.03515625 0.01953125
0 0.8447265625 0.3154296875 0.048828125 0.021484375
0 0.8466796875 0.333984375 0.037109375 0.015625
0 0.853515625 0.4228515625 0.0390625 0.021484375
0 0.9443359375 0.4443359375 0.041015625 0.021484375
0 0.943359375 0.494140625 0.04296875 0.015625
0 0.9423828125 0.517578125 0.052734375 0.01953125
0 0.8525390625 0.453125 0.041015625 0.015625
0 0.8583984375 0.5185546875 0.033203125 0.017578125
0 0.857421875 0.5361328125 0.03125 0.017578125
0 0.947265625 0.6025390625 0.02734375 0.013671875
