0 0.2978515625 0.7099609375 0.033203125 0.044921875
0 0.3291015625 0.7099609375 0.029296875 0.044921875
0 0.302734375 0.775390625 0.03125 0.0390625
0 0.3427734375 0.7822265625 0.033203125 0.033203125
0 0.3046875 0.8291015625 0.01953125 0.037109375
0 0.326171875 0.828125 0.0234375 0.03515625
0 0.3525390625 0.8388671875 0.029296875 0.041015625
0 0.466796875 0.7060546875 0.0390625 0.029296875
0 0.498046875 0.7099609375 0.03515625 0.037109375
0 0.3134765625 0.62109375 0.041015625 0.0234375
0 0.4833984375 0.7578125 0.033203125 0.01953125
0 0.4921875 0.7744140625 0.0390625 0.025390625
0 0.4931640625 0.80078125 0.041015625 0.02734375
0 0.353515625 0.8955078125 0.0390625 0.021484375
0 0.44140625 0.9755859375 0.01953125 0.037109375
0 0.4619140625 0.9755859375 0.021484375 0.037109375
0 0.3740234375 0.978515625 0.021484375 0.03515625
0 0.9521484375 0.65234375 0.044921875 0.02734375
0 0.8798828125 0.7060546875 0.044921875 0.021484375
