0 0.544921875 0.04296875 0.0234375 0.0390625
0 0.2919921875 0.0634765625 0.041015625 0.025390625
0 0.2919921875 0.1494140625 0.037109375 0.021484375
0 0.4296875 0.125 0.0234375 0.0390625
0 0.4970703125 0.1611328125 0.021484375 0.044921875
0 0.4990234375 0.12109375 0.017578125 0.03515625
0 0.55859375 0.2216796875 0.01953125 0.037109375
0 0.3076171875 0.44140625 0.041015625 0.0234375
0 0.3974609375 0.458984375 0.037109375 0.0234375
0 0.5078125 0.349609375 0.01953125 0.03515625
0 0.5146484375 0.4150390625 0.017578125 0.037109375
0 0.646484375 0.7421875 0.05078125 0.0703125
