0 0.5390625 0.0234375 0.01953125 0.0390625
0 0.5732421875 0.091796875 0.017578125 0.0390625
0 0.546875 0.08984375 0.0234375 0.04296875
0 0.51171875 0.0869140625 0.015625 0.044921875
0 0.6552734375 0.0927734375 0.013671875 0.037109375
0 0.6767578125 0.0927734375 0.017578125 0.037109375
0 0.697265625 0.0888671875 0.015625 0.033203125
0 0.6474609375 0.1640625 0.037109375 0.01953125
0 0.029296875 0.1611328125 0.015625 0.041015625
0 0.0126953125 0.251953125 0.013671875 0.0390625
0 0.0341796875 0.251953125 0.009765625 0.03125
0 0.0556640625 0.25390625 0.013671875 0.03125
0 0.013671875 0.3125 0.015625 0.03515625
0 0.0361328125 0.3115234375 0.013671875 0.037109375
0 0.0595703125 0.3076171875 0.013671875 0.041015625
0 0.14453125 0.2607421875 0.01953125 0.025390625
0 0.126953125 0.3916015625 0.01953125 0.033203125
0 0.1484375 0.39453125 0.0234375 0.0390625
0 0.2412109375 0.2490234375 0.013671875 0.029296875
0 0.2666015625 0.24609375 0.013671875 0.03515625
0 0.2646484375 0.2890625 0.041015625 0.0390625
0 0.2666015625 0.3310546875 0.017578125 0.025390625
0 0.2685546875 0.3701171875 0.021484375 0.037109375
1 0.29296875 0.2041015625 0.01953125 0.048828125
0 0.4853515625 0.3408203125 0.017578125 0.029296875
0 0.533203125 0.1484375 0.02734375 0.01171875
0 0.54296875 0.1669921875 0.03515625 0.013671875
0 0.5380859375 0.1904296875 0.044921875 0.017578125
0 0.5341796875 0.21484375 0.044921875 0.015625
0 0.53515625 0.2353515625 0.04296875 0.009765625
0 0.537109375 0.25390625 0.04296875 0.015625
0 0.5419921875 0.2744140625 0.044921875 0.013671875
0 0.591796875 0.23828125 0.0234375 0.046875
0 0.533203125 0.310546875 0.0625 0.015625
0 0.5322265625 0.3291015625 0.060546875 0.013671875
0 0.689453125 0.1630859375 0.04296875 0.017578125
0 0.6923828125 0.2265625 0.033203125 0.01953125
0 0.642578125 0.306640625 0.0390625 0.01953125
0 0.638671875 0.3642578125 0.04296875 0.013671875
0 0.6416015625 0.3837890625 0.041015625 0.013671875
0 0.7685546875 0.2861328125 0.041015625 0.021484375
0 0.78515625 0.3291015625 0.04296875 0.025390625
0 0.859375 0.27734375 0.01171875 0.03515625
0 0.880859375 0.2802734375 0.015625 0.037109375
0 0.9033203125 0.275390625 0.017578125 0.03125
0 0.9248046875 0.279296875 0.013671875 0.03515625
0 0.9462890625 0.28125 0.013671875 0.02734375
0 0.966796875 0.2685546875 0.015625 0.033203125
0 0.8740234375 0.36328125 0.017578125 0.03515625
0 0.896484375 0.36328125 0.01171875 0.02734375
0 0.91796875 0.36328125 0.015625 0.02734375
0 0.947265625 0.3642578125 0.015625 0.029296875
0 0.9677734375 0.3642578125 0.013671875 0.033203125
0 0.8818359375 0.4140625 0.013671875 0.03515625
0 0.923828125 0.4091796875 0.015625 0.029296875
0 0.98828125 0.408203125 0.01953125 0.03125
0 0.75390625 0.5166015625 0.0390625 0.017578125
0 0.7568359375 0.5400390625 0.033203125 0.013671875
0 0.87109375 0.533203125 0.04296875 0.015625
0 0.8681640625 0.5556640625 0.044921875 0.017578125
0 0.966796875 0.52734375 0.05078125 0.01953125
0 0.9697265625 0.5869140625 0.048828125 0.021484375
0 0.970703125 0.6279296875 0.03515625 0.013671875
0 0.9755859375 0.6728515625 0.048828125 0.017578125
1 0.96484375 0.7119140625 0.0625 0.021484375
0 0.87890625 0.6328125 0.0390625 0.01953125
0 0.880859375 0.6748046875 0.03515625 0.021484375
0 0.8837890625 0.7177734375 0.033203125 0.017578125
0 0.8837890625 0.7607421875 0.037109375 0.017578125
0 0.880859375 0.7783203125 0.03125 0.017578125
0 0.759765625 0.654296875 0.04296875 0.015625
0 0.755859375 0.6748046875 0.03125 0.025390625
0 0.7734375 0.7236328125 0.02734375 0.009765625
0 0.7685546875 0.7451171875 0.044921875 0.017578125
0 0.7744140625 0.802734375 0.048828125 0.01953125
0 0.771484375 0.8212890625 0.03515625 0.017578125
0 0.771484375 0.8486328125 0.046875 0.021484375
0 0.822265625 0.9521484375 0.01953125 0.033203125
0 0.779296875 0.9482421875 0.0234375 0.029296875
0 0.7080078125 0.9560546875 0.017578125 0.041015625
0 0.689453125 0.9541015625 0.01953125 0.033203125
0 0.6435546875 0.9560546875 0.021484375 0.037109375
0 0.6181640625 0.9521484375 0.017578125 0.033203125
0 0.548828125 0.95703125 0.0234375 0.0390625
0 0.5341796875 0.4052734375 0.044921875 0.017578125
0 0.544921875 0.4619140625 0.03515625 0.021484375
0 0.537109375 0.486328125 0.04296875 0.01953125
0 0.541015625 0.505859375 0.03515625 0.01953125
0 0.5419921875 0.5263671875 0.037109375 0.021484375
0 0.541015625 0.548828125 0.03515625 0.0234375
0 0.646484375 0.5537109375 0.03515625 0.029296875
0 0.2763671875 0.46875 0.017578125 0.03125
0 0.27734375 0.5556640625 0.01953125 0.037109375
0 0.27734375 0.6005859375 0.01953125 0.052734375
0 0.2802734375 0.65625 0.017578125 0.02734375
0 0.283203125 0.6943359375 0.015625 0.029296875
0 0.3466796875 0.572265625 0.029296875 0.01953125
0 0.34765625 0.591796875 0.03125 0.01953125
0 0.3505859375 0.6123046875 0.037109375 0.021484375
0 0.3486328125 0.63671875 0.033203125 0.02734375
0 0.3515625 0.658203125 0.0390625 0.015625
0 0.3515625 0.6748046875 0.0390625 0.017578125
0 0.3544921875 0.697265625 0.044921875 0.02734375
0 0.3525390625 0.7197265625 0.041015625 0.017578125
0 0.3564453125 0.759765625 0.037109375 0.015625
0 0.35546875 0.779296875 0.03515625 0.0234375
0 0.3564453125 0.798828125 0.037109375 0.015625
0 0.357421875 0.8173828125 0.0390625 0.021484375
0 0.3603515625 0.8408203125 0.044921875 0.025390625
0 0.2041015625 0.46484375 0.044921875 0.015625
0 0.203125 0.4853515625 0.04296875 0.025390625
0 0.203125 0.505859375 0.04296875 0.015625
0 0.2041015625 0.54296875 0.037109375 0.015625
0 0.205078125 0.560546875 0.0390625 0.01953125
0 0.20703125 0.580078125 0.04296875 0.01953125
0 0.2060546875 0.6015625 0.041015625 0.0234375
0 0.205078125 0.625 0.0390625 0.0234375
0 0.2080078125 0.646484375 0.044921875 0.01953125
0 0.212890625 0.6669921875 0.03515625 0.021484375
0 0.21484375 0.69140625 0.0390625 0.02734375
0 0.21875 0.712890625 0.046875 0.015625
0 0.2138671875 0.7314453125 0.037109375 0.021484375
0 0.0947265625 0.8291015625 0.013671875 0.037109375
0 0.07421875 0.8291015625 0.01171875 0.037109375
0 0.0537109375 0.833984375 0.013671875 0.03125
0 0.0390625 0.83203125 0.015625 0.03515625
0 0.0166015625 0.83203125 0.013671875 0.0390625
0 0.193359375 0.9169921875 0.015625 0.037109375
0 0.1728515625 0.912109375 0.013671875 0.03515625
0 0.1513671875 0.9140625 0.013671875 0.0390625
0 0.1376953125 0.9169921875 0.013671875 0.033203125
0 0.1162109375 0.9150390625 0.013671875 0.037109375
0 0.0966796875 0.9150390625 0.013671875 0.037109375
0 0.08203125 0.9150390625 0.015625 0.037109375
0 0.060546875 0.9140625 0.01171875 0.03515625
0 0.0419921875 0.9130859375 0.013671875 0.033203125
0 0.0224609375 0.9140625 0.013671875 0.0390625
0 0.068359375 0.9775390625 0.01171875 0.033203125
0 0.0888671875 0.9775390625 0.013671875 0.041015625
0 0.111328125 0.9755859375 0.015625 0.033203125
0 0.134765625 0.978515625 0.015625 0.0390625
0 0.1796875 0.9755859375 0.015625 0.037109375
0 0.4169921875 0.9765625 0.025390625 0.04296875
0 0.7626953125 0.18359375 0.029296875 0.03125
