0 0.892578125 0.2607421875 0.0390625 0.025390625
0 0.9677734375 0.6396484375 0.041015625 0.021484375
0 0.9287109375 0.63671875 0.021484375 0.046875
0 0.8505859375 0.47265625 0.044921875 0.01953125
0 0.798828125 0.7080078125 0.02734375 0.044921875
0 0.7138671875 0.6318359375 0.041015625 0.021484375
0 0.7158203125 0.6708984375 0.041015625 0.021484375
0 0.72265625 0.708984375 0.03515625 0.01953125
0 0.4921875 0.525390625 0.0390625 0.0234375
0 0.55078125 0.708984375 0.03515625 0.01953125
0 0.5498046875 0.64453125 0.033203125 0.02734375
