0 0.197265625 0.0927734375 0.015625 0.029296875
0 0.1875 0.0263671875 0.015625 0.037109375
0 0.1845703125 0.57421875 0.021484375 0.04296875
0 0.4921875 0.8505859375 0.0390625 0.021484375
0 0.490234375 0.8828125 0.0390625 0.01953125
0 0.501953125 0.9072265625 0.0390625 0.017578125
1 0.56640625 0.849609375 0.0859375 0.0234375
0 0.5439453125 0.876953125 0.037109375 0.01953125
0 0.64453125 0.830078125 0.0390625 0.01953125
0 0.6201171875 0.875 0.037109375 0.01953125
0 0.67578125 0.876953125 0.0390625 0.01953125
0 0.740234375 0.8662109375 0.05078125 0.021484375
0 0.744140625 0.8662109375 0.0390625 0.033203125
