1 0.4140625 0.8212890625 0.0234375 0.056640625
1 0.4794921875 0.7685546875 0.025390625 0.060546875
0 0.6279296875 0.63671875 0.044921875 0.0234375
0 0.630859375 0.603515625 0.0390625 0.01953125
0 0.7802734375 0.5283203125 0.021484375 0.033203125
0 0.8232421875 0.53125 0.025390625 0.04296875
0 0.9501953125 0.5283203125 0.021484375 0.041015625
0 0.9716796875 0.5302734375 0.021484375 0.033203125
0 0.041015625 0.59375 0.0390625 0.01953125
0 0.076171875 0.478515625 0.04296875 0.01953125
0 0.1884765625 0.4658203125 0.037109375 0.021484375
0 0.5419921875 0.462890625 0.037109375 0.01953125
0 0.8818359375 0.4482421875 0.041015625 0.017578125
0 0.021484375 0.3798828125 0.015625 0.033203125
0 0.0400390625 0.3818359375 0.017578125 0.041015625
0 0.0166015625 0.3349609375 0.021484375 0.037109375
0 0.0537109375 0.33203125 0.017578125 0.03515625
0 0.07421875 0.3369140625 0.01953125 0.044921875
0 0.0947265625 0.333984375 0.021484375 0.0390625
0 0.111328125 0.330078125 0.01953125 0.0390625
0 0.150390625 0.33203125 0.0234375 0.04296875
0 0.2080078125 0.3271484375 0.017578125 0.037109375
0 0.2255859375 0.3310546875 0.021484375 0.044921875
0 0.09765625 0.375 0.01953125 0.0390625
0 0.1337890625 0.3701171875 0.017578125 0.033203125
0 0.1533203125 0.37890625 0.017578125 0.03125
0 0.169921875 0.369140625 0.0234375 0.04296875
0 0.2119140625 0.373046875 0.021484375 0.04296875
0 0.2294921875 0.37109375 0.013671875 0.03515625
0 0.248046875 0.3720703125 0.015625 0.037109375
0 0.2666015625 0.3681640625 0.017578125 0.041015625
0 0.2802734375 0.3291015625 0.017578125 0.041015625
0 0.3017578125 0.328125 0.017578125 0.0390625
0 0.2861328125 0.3701171875 0.017578125 0.037109375
0 0.3046875 0.3701171875 0.01953125 0.037109375
0 0.3388671875 0.3671875 0.021484375 0.04296875
0 0.3583984375 0.365234375 0.025390625 0.04296875
0 0.3203125 0.32421875 0.015625 0.03515625
0 0.19921875 0.4287109375 0.03515625 0.021484375
0 0.4345703125 0.322265625 0.021484375 0.04296875
0 0.4384765625 0.369140625 0.025390625 0.04296875
0 0.47265625 0.3203125 0.01953125 0.0390625
0 0.47265625 0.3623046875 0.01953125 0.033203125
0 0.5283203125 0.3662109375 0.021484375 0.037109375
0 0.529296875 0.318359375 0.015625 0.03515625
0 0.5517578125 0.31640625 0.017578125 0.03515625
0 0.57421875 0.2822265625 0.04296875 0.021484375
0 0.0166015625 0.2509765625 0.017578125 0.033203125
0 0.05078125 0.2529296875 0.015625 0.037109375
0 0.1435546875 0.166015625 0.037109375 0.01953125
0 0.1484375 0.2001953125 0.0390625 0.025390625
0 0.15234375 0.0947265625 0.0390625 0.025390625
0 0.1484375 0.0537109375 0.0390625 0.017578125
0 0.146484375 0.0283203125 0.046875 0.017578125
0 0.4541015625 0.0166015625 0.041015625 0.021484375
0 0.470703125 0.0458984375 0.03515625 0.021484375
0 0.390625 0.0703125 0.0234375 0.0390625
0 0.46875 0.09765625 0.01953125 0.03515625
0 0.4921875 0.099609375 0.0234375 0.03515625
0 0.2587890625 0.0302734375 0.037109375 0.021484375
0 0.2578125 0.0556640625 0.04296875 0.021484375
0 0.2568359375 0.076171875 0.037109375 0.01953125
0 0.2529296875 0.09375 0.037109375 0.01953125
0 0.2529296875 0.115234375 0.041015625 0.01953125
0 0.2587890625 0.1376953125 0.041015625 0.021484375
0 0.2587890625 0.158203125 0.041015625 0.01953125
0 0.2607421875 0.177734375 0.037109375 0.0234375
0 0.2587890625 0.203125 0.044921875 0.01953125
0 0.3427734375 0.1875 0.021484375 0.0390625
0 0.3359375 0.2373046875 0.01953125 0.041015625
0 0.3662109375 0.2353515625 0.021484375 0.041015625
0 0.388671875 0.185546875 0.01953125 0.0390625
0 0.4111328125 0.1845703125 0.017578125 0.041015625
0 0.40234375 0.2373046875 0.01953125 0.037109375
0 0.4375 0.185546875 0.015625 0.0390625
0 0.4609375 0.1904296875 0.01953125 0.037109375
0 0.4912109375 0.1875 0.017578125 0.0390625
0 0.439453125 0.2392578125 0.01953125 0.041015625
0 0.458984375 0.2333984375 0.01953125 0.037109375
0 0.515625 0.2275390625 0.0234375 0.044921875
0 0.5390625 0.185546875 0.015625 0.0390625
0 0.5615234375 0.185546875 0.013671875 0.0390625
0 0.5830078125 0.18359375 0.017578125 0.0390625
0 0.568359375 0.1318359375 0.04296875 0.025390625
0 0.5546875 0.2314453125 0.0234375 0.044921875
0 0.609375 0.224609375 0.01953125 0.03515625
0 0.6474609375 0.23046875 0.021484375 0.03515625
0 0.630859375 0.185546875 0.015625 0.0390625
0 0.65234375 0.177734375 0.015625 0.03515625
0 0.609375 0.0341796875 0.03515625 0.021484375
0 0.662109375 0.0361328125 0.04296875 0.021484375
0 0.60546875 0.1083984375 0.015625 0.037109375
0 0.66796875 0.1044921875 0.01953125 0.041015625
0 0.6455078125 0.10546875 0.017578125 0.03515625
0 0.6884765625 0.1064453125 0.021484375 0.044921875
0 0.7646484375 0.103515625 0.025390625 0.04296875
0 0.720703125 0.1787109375 0.015625 0.037109375
0 0.7373046875 0.177734375 0.021484375 0.0390625
0 0.876953125 0.1123046875 0.03125 0.021484375
0 0.87890625 0.1357421875 0.03125 0.021484375
0 0.8916015625 0.19140625 0.037109375 0.015625
0 0.8837890625 0.21484375 0.044921875 0.0234375
0 0.8876953125 0.248046875 0.037109375 0.01953125
0 0.8896484375 0.2666015625 0.033203125 0.017578125
0 0.89453125 0.3095703125 0.046875 0.025390625
