0 0.125 0.1787109375 0.01953125 0.033203125
0 0.2138671875 0.171875 0.025390625 0.03515625
0 0.2353515625 0.1689453125 0.017578125 0.029296875
0 0.28125 0.1640625 0.0234375 0.04296875
0 0.3056640625 0.166015625 0.025390625 0.03515625
0 0.3671875 0.166015625 0.01953125 0.03515625
0 0.4169921875 0.1669921875 0.025390625 0.037109375
0 0.5048828125 0.162109375 0.025390625 0.03515625
0 0.5693359375 0.1572265625 0.025390625 0.037109375
0 0.6826171875 0.15234375 0.025390625 0.0390625
0 0.7265625 0.1474609375 0.01953125 0.037109375
0 0.748046875 0.15234375 0.0234375 0.03125
