0 0.09375 0.806640625 0.015625 0.03515625
0 0.11328125 0.8046875 0.015625 0.03515625
0 0.1826171875 0.8046875 0.017578125 0.0390625
0 0.322265625 0.822265625 0.01953125 0.0390625
0 0.3173828125 0.67578125 0.021484375 0.0390625
0 0.283203125 0.6552734375 0.01953125 0.041015625
0 0.2705078125 0.568359375 0.033203125 0.04296875
0 0.2177734375 0.5244140625 0.041015625 0.021484375
0 0.1904296875 0.49609375 0.048828125 0.01953125
0 0.150390625 0.56640625 0.01953125 0.04296875
0 0.123046875 0.568359375 0.01953125 0.0390625
0 0.0322265625 0.57421875 0.013671875 0.03125
0 0.580078125 0.9560546875 0.0390625 0.017578125
0 0.5771484375 0.92578125 0.037109375 0.015625
0 0.578125 0.90625 0.03515625 0.015625
0 0.6044921875 0.869140625 0.021484375 0.03515625
0 0.5693359375 0.8310546875 0.029296875 0.013671875
0 0.5712890625 0.7939453125 0.037109375 0.013671875
0 0.603515625 0.796875 0.0234375 0.04296875
0 0.564453125 0.779296875 0.0390625 0.01953125
0 0.564453125 0.759765625 0.0390625 0.015625
0 0.564453125 0.7421875 0.0390625 0.01953125
0 0.568359375 0.7236328125 0.0390625 0.017578125
0 0.5673828125 0.7060546875 0.041015625 0.017578125
0 0.5634765625 0.681640625 0.037109375 0.01953125
0 0.560546875 0.662109375 0.03515625 0.015625
0 0.6015625 0.685546875 0.01953125 0.0390625
0 0.4169921875 0.48828125 0.037109375 0.015625
0 0.4599609375 0.4501953125 0.017578125 0.033203125
0 0.5087890625 0.4853515625 0.041015625 0.017578125
0 0.5927734375 0.4912109375 0.041015625 0.033203125
0 0.62109375 0.548828125 0.0234375 0.04296875
0 0.77734375 0.537109375 0.01953125 0.03515625
0 0.8203125 0.5400390625 0.0234375 0.037109375
0 0.8828125 0.53125 0.01953125 0.02734375
0 0.91015625 0.5390625 0.015625 0.0234375
0 0.9296875 0.5341796875 0.01953125 0.037109375
0 0.96875 0.53515625 0.01953125 0.03125
0 0.75 0.435546875 0.01953125 0.03515625
0 0.791015625 0.431640625 0.01953125 0.0390625
0 0.8134765625 0.4326171875 0.017578125 0.037109375
0 0.8359375 0.43359375 0.01953125 0.03515625
0 0.890625 0.431640625 0.0234375 0.02734375
0 0.9208984375 0.4296875 0.017578125 0.03515625
0 0.9443359375 0.4267578125 0.017578125 0.033203125
0 0.96484375 0.4248046875 0.015625 0.029296875
0 0.9853515625 0.42578125 0.017578125 0.0390625
0 0.712890625 0.77734375 0.015625 0.02734375
0 0.73828125 0.779296875 0.015625 0.03125
0 0.763671875 0.7822265625 0.015625 0.029296875
0 0.8134765625 0.78125 0.017578125 0.03515625
0 0.83984375 0.7783203125 0.015625 0.029296875
0 0.8759765625 0.7744140625 0.013671875 0.029296875
0 0.90234375 0.779296875 0.015625 0.03515625
0 0.91796875 0.7763671875 0.015625 0.029296875
0 0.9375 0.7744140625 0.01171875 0.025390625
0 0.9619140625 0.76953125 0.017578125 0.0390625
0 0.9833984375 0.77734375 0.013671875 0.0234375
0 0.666015625 0.931640625 0.015625 0.015625
0 0.87109375 0.8681640625 0.015625 0.029296875
0 0.892578125 0.86328125 0.01953125 0.0390625
0 0.9345703125 0.8583984375 0.017578125 0.033203125
0 0.95703125 0.861328125 0.01953125 0.0390625
0 0.9814453125 0.0927734375 0.013671875 0.033203125
0 0.9580078125 0.0888671875 0.017578125 0.033203125
0 0.9140625 0.087890625 0.01953125 0.03125
0 0.8896484375 0.0859375 0.017578125 0.03125
0 0.84765625 0.0986328125 0.01953125 0.033203125
0 0.8232421875 0.099609375 0.017578125 0.03125
0 0.7646484375 0.111328125 0.013671875 0.0234375
0 0.720703125 0.1083984375 0.01953125 0.033203125
0 0.53125 0.0263671875 0.0390625 0.017578125
0 0.1884765625 0.0224609375 0.037109375 0.013671875
0 0.1943359375 0.0419921875 0.033203125 0.013671875
0 0.19140625 0.08203125 0.03515625 0.015625
0 0.201171875 0.1376953125 0.0390625 0.017578125
0 0.2080078125 0.17578125 0.033203125 0.015625
0 0.2275390625 0.0986328125 0.025390625 0.041015625
0 0.2900390625 0.1142578125 0.021484375 0.041015625
