0 0.9130859375 0.1591796875 0.017578125 0.029296875
0 0.3798828125 0.2763671875 0.041015625 0.017578125
0 0.3828125 0.2998046875 0.0390625 0.017578125
0 0.3837890625 0.318359375 0.041015625 0.01953125
0 0.3837890625 0.3330078125 0.033203125 0.021484375
0 0.388671875 0.4072265625 0.04296875 0.025390625
0 0.7001953125 0.2568359375 0.021484375 0.021484375
0 0.7060546875 0.3251953125 0.021484375 0.025390625
0 0.72265625 0.703125 0.01953125 0.0390625
0 0.7421875 0.6962890625 0.015625 0.033203125
0 0.7890625 0.6953125 0.01953125 0.03515625
0 0.814453125 0.697265625 0.01953125 0.0390625
0 0.974609375 0.6982421875 0.0234375 0.044921875
