0 0.580078125 0.037109375 0.0390625 0.01953125
0 0.591796875 0.072265625 0.0390625 0.01953125
0 0.57421875 0.09375 0.046875 0.0234375
0 0.552734375 0.15625 0.03125 0.01953125
0 0.5537109375 0.1787109375 0.033203125 0.017578125
0 0.5859375 0.2451171875 0.04296875 0.025390625
0 0.552734375 0.310546875 0.03125 0.02734375
0 0.5439453125 0.3291015625 0.037109375 0.033203125
0 0.5458984375 0.3525390625 0.037109375 0.029296875
0 0.5458984375 0.3779296875 0.037109375 0.037109375
0 0.548828125 0.404296875 0.03515625 0.03125
0 0.6455078125 0.52734375 0.021484375 0.04296875
0 0.71875 0.53125 0.01953125 0.0390625
0 0.791015625 0.5087890625 0.0390625 0.021484375
0 0.794921875 0.5478515625 0.03515625 0.017578125
0 0.7978515625 0.56640625 0.033203125 0.01953125
0 0.78515625 0.3076171875 0.0390625 0.021484375
0 0.4931640625 0.837890625 0.025390625 0.046875
0 0.78125 0.861328125 0.04296875 0.0234375
