0 0.2373046875 0.087890625 0.033203125 0.0390625
0 0.126953125 0.0947265625 0.03515625 0.037109375
0 0.2744140625 0.1650390625 0.041015625 0.052734375
0 0.32421875 0.142578125 0.04296875 0.05859375
0 0.341796875 0.1298828125 0.04296875 0.052734375
0 0.01953125 0.06640625 0.03125 0.03515625
0 0.046875 0.04296875 0.03125 0.0390625
0 0.064453125 0.033203125 0.03125 0.03515625
0 0.021484375 0.2978515625 0.03125 0.044921875
0 0.1015625 0.3125 0.03125 0.0390625
0 0.0556640625 0.33984375 0.029296875 0.03125
0 0.03515625 0.34765625 0.03125 0.0390625
0 0.04296875 0.1962890625 0.03515625 0.037109375
0 0.1669921875 0.12109375 0.029296875 0.03515625
0 0.1982421875 0.1015625 0.029296875 0.03515625
0 0.263671875 0.71484375 0.02734375 0.03515625
0 0.306640625 0.71484375 0.02734375 0.0390625
0 0.2451171875 0.6826171875 0.021484375 0.025390625
0 0.27734375 0.9365234375 0.03125 0.041015625
