1 0.73828125 0.2265625 0.04296875 0.04296875
0 0.9287109375 0.3017578125 0.025390625 0.033203125
0 0.6767578125 0.4140625 0.017578125 0.03515625
0 0.6982421875 0.408203125 0.017578125 0.046875
0 0.728515625 0.408203125 0.015625 0.03515625
0 0.7509765625 0.4072265625 0.017578125 0.037109375
0 0.77734375 0.4111328125 0.015625 0.037109375
0 0.861328125 0.408203125 0.01953125 0.0390625
0 0.8876953125 0.4033203125 0.017578125 0.037109375
0 0.916015625 0.4033203125 0.015625 0.033203125
0 0.94921875 0.3974609375 0.015625 0.041015625
0 0.97265625 0.40625 0.015625 0.0390625
0 0.896484375 0.466796875 0.0390625 0.015625
0 0.9677734375 0.4501953125 0.033203125 0.013671875
