0 0.669921875 0.212890625 0.04296875 0.04296875
0 0.7822265625 0.1171875 0.033203125 0.03125
0 0.107421875 0.751953125 0.03125 0.0390625
0 0.044921875 0.8232421875 0.046875 0.037109375
0 0.041015625 0.931640625 0.03515625 0.03515625
0 0.7607421875 0.9677734375 0.033203125 0.037109375
0 0.8525390625 0.892578125 0.037109375 0.046875
0 0.861328125 0.9091796875 0.03125 0.033203125
0 0.8056640625 0.8232421875 0.037109375 0.029296875
0 0.89453125 0.7509765625 0.0390625 0.037109375
0 0.9267578125 0.736328125 0.044921875 0.03515625
