0 0.021484375 0.7470703125 0.03125 0.033203125
0 0.150390625 0.7041015625 0.03125 0.033203125
0 0.068359375 0.78125 0.02734375 0.03125
0 0.0859375 0.796875 0.03515625 0.03125
0 0.1142578125 0.8212890625 0.033203125 0.033203125
0 0.12109375 0.9189453125 0.0234375 0.025390625
0 0.0478515625 0.86328125 0.021484375 0.0234375
0 0.0634765625 0.875 0.025390625 0.0234375
0 0.1748046875 0.7158203125 0.033203125 0.037109375
0 0.2412109375 0.7119140625 0.037109375 0.033203125
0 0.1640625 0.859375 0.03515625 0.03515625
0 0.1787109375 0.884765625 0.033203125 0.03515625
0 0.2197265625 0.89453125 0.037109375 0.03515625
0 0.119140625 0.916015625 0.03125 0.03125
0 0.7734375 0.54296875 0.0390625 0.03515625
