0 0.6552734375 0.98828125 0.041015625 0.0234375
0 0.0927734375 0.4267578125 0.021484375 0.037109375
0 0.087890625 0.38671875 0.01953125 0.03125
0 0.17578125 0.2705078125 0.0234375 0.037109375
0 0.2998046875 0.267578125 0.021484375 0.03515625
0 0.322265625 0.2734375 0.0234375 0.03125
0 0.796875 0.5771484375 0.04296875 0.025390625
0 0.490234375 0.2578125 0.01953125 0.02734375
0 0.5751953125 0.2607421875 0.021484375 0.033203125
0 0.515625 0.3857421875 0.01953125 0.033203125
0 0.7431640625 0.677734375 0.021484375 0.0390625
0 0.79296875 0.5068359375 0.04296875 0.025390625
0 0.7724609375 0.26171875 0.037109375 0.01953125
0 0.7763671875 0.287109375 0.033203125 0.015625
0 0.7763671875 0.3564453125 0.033203125 0.017578125
0 0.7470703125 0.140625 0.037109375 0.01953125
0 0.73046875 0.04296875 0.01953125 0.03125
0 0.751953125 0.03515625 0.015625 0.02734375
