0 0.771484375 0.0205078125 0.015625 0.037109375
0 0.7890625 0.01953125 0.015625 0.03515625
0 0.3486328125 0.388671875 0.037109375 0.01953125
0 0.3427734375 0.3115234375 0.033203125 0.021484375
0 0.3046875 0.28125 0.01953125 0.03515625
0 0.2841796875 0.2861328125 0.021484375 0.037109375
0 0.25390625 0.28515625 0.01953125 0.03515625
0 0.21484375 0.4052734375 0.01953125 0.044921875
0 0.185546875 0.3095703125 0.015625 0.041015625
0 0.1875 0.34765625 0.015625 0.02734375
0 0.169921875 0.388671875 0.015625 0.03515625
0 0.19140625 0.3857421875 0.01953125 0.037109375
0 0.15234375 0.388671875 0.01953125 0.03515625
0 0.12890625 0.3896484375 0.01953125 0.037109375
0 0.107421875 0.3896484375 0.01953125 0.029296875
0 0.06640625 0.3916015625 0.01953125 0.033203125
0 0.08203125 0.4775390625 0.01953125 0.033203125
0 0.05078125 0.482421875 0.015625 0.03125
0 0.810546875 0.142578125 0.046875 0.02734375
