0 0.1923828125 0.5302734375 0.025390625 0.041015625
0 0.169921875 0.3681640625 0.01953125 0.033203125
0 0.1875 0.2109375 0.015625 0.03125
0 0.14453125 0.212890625 0.01953125 0.02734375
0 0.078125 0.0947265625 0.01953125 0.037109375
0 0.154296875 0.134765625 0.03515625 0.0234375
0 0.1474609375 0.1552734375 0.037109375 0.017578125
0 0.271484375 0.1220703125 0.0390625 0.021484375
0 0.2744140625 0.1484375 0.037109375 0.01953125
0 0.1484375 0.17578125 0.03515625 0.0234375
0 0.8701171875 0.9833984375 0.041015625 0.021484375
0 0.8486328125 0.8515625 0.037109375 0.03125
