0 0.6787109375 0.296875 0.044921875 0.01953125
0 0.5185546875 0.3037109375 0.044921875 0.021484375
0 0.6806640625 0.34765625 0.044921875 0.0234375
0 0.5380859375 0.48046875 0.037109375 0.01953125
0 0.5244140625 0.58203125 0.033203125 0.0234375
0 0.4052734375 0.603515625 0.017578125 0.03515625
0 0.1455078125 0.6103515625 0.021484375 0.033203125
0 0.2861328125 0.6044921875 0.017578125 0.037109375
0 0.267578125 0.60546875 0.01953125 0.03515625
0 0.8271484375 0.201171875 0.041015625 0.01953125
