0 0.03125 0.8271484375 0.0234375 0.041015625
0 0.046875 0.8681640625 0.01953125 0.041015625
0 0.1875 0.8017578125 0.01953125 0.041015625
0 0.212890625 0.80859375 0.015625 0.03515625
0 0.2333984375 0.802734375 0.021484375 0.04296875
0 0.236328125 0.8623046875 0.02734375 0.037109375
0 0.259765625 0.798828125 0.01953125 0.0390625
0 0.283203125 0.8056640625 0.015625 0.037109375
0 0.3056640625 0.8125 0.029296875 0.04296875
0 0.302734375 0.98828125 0.0390625 0.0234375
0 0.6572265625 0.7275390625 0.037109375 0.017578125
0 0.6044921875 0.8037109375 0.025390625 0.033203125
0 0.6298828125 0.8076171875 0.025390625 0.033203125
0 0.650390625 0.806640625 0.015625 0.03125
0 0.671875 0.8046875 0.01953125 0.0390625
0 0.703125 0.8037109375 0.01953125 0.033203125
0 0.634765625 0.84765625 0.015625 0.03125
0 0.6513671875 0.84765625 0.017578125 0.03125
0 0.6708984375 0.8466796875 0.017578125 0.037109375
0 0.6904296875 0.8427734375 0.017578125 0.037109375
0 0.7080078125 0.8486328125 0.017578125 0.037109375
0 0.74609375 0.7958984375 0.0234375 0.037109375
0 0.724609375 0.8408203125 0.0234375 0.041015625
0 0.794921875 0.794921875 0.01953125 0.03515625
0 0.853515625 0.71484375 0.046875 0.02734375
0 0.6748046875 0.9345703125 0.017578125 0.037109375
0 0.7138671875 0.9384765625 0.021484375 0.033203125
0 0.693359375 0.92578125 0.01953125 0.03125
0 0.6875 0.974609375 0.0390625 0.01953125
0 0.6884765625 0.2138671875 0.021484375 0.041015625
1 0.9375 0.2236328125 0.05859375 0.021484375
1 0.9375 0.2431640625 0.05859375 0.017578125
0 0.7666015625 0.40625 0.037109375 0.03515625
0 0.76953125 0.3828125 0.03125 0.03515625
1 0.9384765625 0.3251953125 0.060546875 0.021484375
1 0.94140625 0.3466796875 0.06640625 0.021484375
1 0.9423828125 0.3671875 0.068359375 0.01953125
1 0.9443359375 0.38671875 0.060546875 0.01953125
1 0.943359375 0.4052734375 0.05859375 0.017578125
1 0.9453125 0.423828125 0.0625 0.01953125
1 0.9462890625 0.443359375 0.064453125 0.01953125
1 0.9501953125 0.4619140625 0.056640625 0.017578125
1 0.9521484375 0.48046875 0.060546875 0.01953125
0 0.958984375 0.5732421875 0.03515625 0.017578125
0 0.77734375 0.4892578125 0.02734375 0.029296875
0 0.7734375 0.4599609375 0.03515625 0.029296875
0 0.96875 0.599609375 0.03515625 0.015625
0 0.97265625 0.619140625 0.04296875 0.0234375
0 0.87109375 0.7861328125 0.01953125 0.044921875
0 0.8916015625 0.783203125 0.021484375 0.0390625
0 0.9130859375 0.7802734375 0.021484375 0.033203125
0 0.9326171875 0.7734375 0.017578125 0.03515625
0 0.962890625 0.95703125 0.04296875 0.01953125
0 0.9619140625 0.9755859375 0.041015625 0.017578125
