0 0.892578125 0.185546875 0.01953125 0.03515625
0 0.9013671875 0.341796875 0.021484375 0.0390625
0 0.90234375 0.4541015625 0.01953125 0.037109375
0 0.884765625 0.609375 0.01953125 0.04296875
0 0.9169921875 0.7490234375 0.021484375 0.037109375
0 0.802734375 0.7255859375 0.015625 0.033203125
0 0.79296875 0.6904296875 0.0390625 0.017578125
0 0.8447265625 0.6728515625 0.041015625 0.017578125
0 0.8447265625 0.6513671875 0.041015625 0.013671875
0 0.84375 0.634765625 0.0390625 0.01953125
0 0.7890625 0.6123046875 0.03515625 0.017578125
0 0.833984375 0.6005859375 0.02734375 0.009765625
0 0.841796875 0.587890625 0.03515625 0.01171875
0 0.8447265625 0.5673828125 0.044921875 0.013671875
0 0.8408203125 0.53515625 0.029296875 0.015625
0 0.83984375 0.5146484375 0.04296875 0.017578125
0 0.7744140625 0.478515625 0.033203125 0.01953125
0 0.833984375 0.44921875 0.03515625 0.015625
0 0.8388671875 0.4345703125 0.025390625 0.013671875
0 0.7802734375 0.4384765625 0.037109375 0.017578125
0 0.8310546875 0.416015625 0.037109375 0.01171875
0 0.7705078125 0.41015625 0.041015625 0.015625
0 0.833984375 0.4013671875 0.04296875 0.013671875
0 0.8271484375 0.38671875 0.033203125 0.015625
0 0.828125 0.3642578125 0.046875 0.017578125
0 0.7685546875 0.3798828125 0.041015625 0.021484375
0 0.767578125 0.3359375 0.0390625 0.01953125
0 0.826171875 0.2587890625 0.0390625 0.017578125
0 0.7705078125 0.1962890625 0.048828125 0.017578125
0 0.8251953125 0.1767578125 0.044921875 0.021484375
0 0.765625 0.1728515625 0.03125 0.013671875
0 0.7626953125 0.150390625 0.037109375 0.015625
0 0.818359375 0.1435546875 0.05078125 0.017578125
0 0.81640625 0.1279296875 0.03125 0.013671875
0 0.76171875 0.1083984375 0.05078125 0.025390625
0 0.8193359375 0.056640625 0.044921875 0.02734375
1 0.2802734375 0.0341796875 0.095703125 0.021484375
1 0.27734375 0.0927734375 0.08203125 0.017578125
1 0.27734375 0.0712890625 0.0859375 0.017578125
1 0.2822265625 0.1181640625 0.091796875 0.017578125
1 0.28515625 0.146484375 0.08984375 0.01953125
1 0.283203125 0.171875 0.0859375 0.015625
1 0.28515625 0.19140625 0.0859375 0.0234375
1 0.287109375 0.21875 0.0859375 0.01953125
1 0.2890625 0.248046875 0.08203125 0.015625
1 0.2880859375 0.2802734375 0.080078125 0.017578125
1 0.2900390625 0.3076171875 0.087890625 0.013671875
1 0.29296875 0.3291015625 0.078125 0.017578125
1 0.2919921875 0.353515625 0.076171875 0.015625
1 0.2939453125 0.388671875 0.080078125 0.01953125
1 0.296875 0.4208984375 0.0859375 0.021484375
1 0.296875 0.44921875 0.0859375 0.01953125
1 0.2958984375 0.4736328125 0.083984375 0.021484375
1 0.298828125 0.50390625 0.06640625 0.015625
1 0.3017578125 0.5263671875 0.087890625 0.017578125
1 0.302734375 0.546875 0.0859375 0.015625
1 0.3037109375 0.568359375 0.083984375 0.015625
1 0.310546875 0.6064453125 0.05859375 0.013671875
1 0.3056640625 0.6259765625 0.087890625 0.017578125
1 0.3076171875 0.6484375 0.083984375 0.015625
1 0.3115234375 0.6669921875 0.060546875 0.013671875
1 0.3115234375 0.6875 0.048828125 0.01171875
1 0.3076171875 0.70703125 0.060546875 0.015625
1 0.314453125 0.7275390625 0.08984375 0.017578125
1 0.15234375 0.73046875 0.08984375 0.015625
1 0.1455078125 0.7109375 0.048828125 0.01171875
1 0.1435546875 0.69140625 0.052734375 0.01171875
1 0.1455078125 0.6708984375 0.083984375 0.017578125
1 0.1494140625 0.650390625 0.056640625 0.01171875
1 0.140625 0.6328125 0.05859375 0.01171875
1 0.138671875 0.611328125 0.0546875 0.01171875
1 0.1376953125 0.591796875 0.056640625 0.01171875
1 0.138671875 0.572265625 0.0546875 0.01171875
1 0.1376953125 0.552734375 0.056640625 0.01171875
1 0.134765625 0.533203125 0.0546875 0.015625
1 0.1376953125 0.51171875 0.083984375 0.015625
1 0.138671875 0.4892578125 0.08203125 0.017578125
1 0.1318359375 0.455078125 0.083984375 0.015625
1 0.1357421875 0.4326171875 0.080078125 0.013671875
1 0.1357421875 0.412109375 0.048828125 0.01171875
1 0.130859375 0.3896484375 0.08203125 0.017578125
1 0.1298828125 0.3525390625 0.060546875 0.013671875
1 0.1279296875 0.3330078125 0.048828125 0.013671875
1 0.125 0.3134765625 0.05859375 0.013671875
1 0.123046875 0.2939453125 0.0546875 0.009765625
1 0.1240234375 0.2744140625 0.052734375 0.013671875
1 0.1259765625 0.2509765625 0.076171875 0.017578125
1 0.1181640625 0.2158203125 0.056640625 0.013671875
1 0.1181640625 0.1943359375 0.056640625 0.013671875
1 0.1181640625 0.17578125 0.056640625 0.01171875
1 0.1220703125 0.1337890625 0.080078125 0.017578125
1 0.1181640625 0.07421875 0.064453125 0.015625
1 0.1171875 0.056640625 0.046875 0.01171875
1 0.115234375 0.037109375 0.05859375 0.01171875
0 0.0224609375 0.7998046875 0.021484375 0.048828125
0 0.0751953125 0.7978515625 0.017578125 0.037109375
0 0.095703125 0.7890625 0.01953125 0.03515625
0 0.1015625 0.890625 0.015625 0.04296875
0 0.4375 0.5849609375 0.01953125 0.037109375
0 0.466796875 0.59765625 0.01171875 0.0390625
0 0.482421875 0.591796875 0.01953125 0.02734375
0 0.607421875 0.5869140625 0.0234375 0.041015625
0 0.6533203125 0.578125 0.025390625 0.03125
0 0.6796875 0.5830078125 0.02734375 0.041015625
0 0.712890625 0.642578125 0.01953125 0.0390625
0 0.619140625 0.65234375 0.015625 0.03515625
0 0.6943359375 0.7314453125 0.017578125 0.041015625
0 0.7685546875 0.7236328125 0.025390625 0.041015625
0 0.716796875 0.765625 0.02734375 0.02734375
0 0.751953125 0.7734375 0.01953125 0.03515625
0 0.7392578125 0.8623046875 0.013671875 0.037109375
0 0.705078125 0.8671875 0.015625 0.0390625
0 0.685546875 0.8603515625 0.0234375 0.029296875
0 0.66796875 0.861328125 0.01171875 0.02734375
0 0.544921875 0.7392578125 0.0234375 0.041015625
0 0.5234375 0.740234375 0.01953125 0.0390625
0 0.505859375 0.787109375 0.015625 0.0390625
0 0.439453125 0.8818359375 0.01953125 0.044921875
0 0.4892578125 0.736328125 0.021484375 0.0390625
0 0.4658203125 0.73046875 0.025390625 0.0390625
0 0.4443359375 0.734375 0.017578125 0.03125
0 0.41796875 0.736328125 0.015625 0.0390625
0 0.4140625 0.64453125 0.015625 0.0390625
0 0.439453125 0.64453125 0.015625 0.03515625
0 0.658203125 0.9287109375 0.0390625 0.017578125
0 0.4619140625 0.966796875 0.037109375 0.01953125
0 0.318359375 0.9462890625 0.0390625 0.013671875
0 0.6982421875 0.9609375 0.041015625 0.0234375
0 0.8037109375 0.9541015625 0.044921875 0.021484375
