0 0.9306640625 0.962890625 0.041015625 0.01953125
0 0.9248046875 0.8955078125 0.044921875 0.025390625
0 0.92578125 0.83984375 0.0390625 0.01953125
0 0.9267578125 0.8193359375 0.037109375 0.021484375
0 0.9189453125 0.796875 0.037109375 0.0234375
0 0.931640625 0.9423828125 0.0390625 0.021484375
0 0.8642578125 0.91015625 0.033203125 0.0234375
0 0.859375 0.88671875 0.03515625 0.0234375
0 0.521484375 0.201171875 0.0234375 0.04296875
0 0.5283203125 0.333984375 0.017578125 0.0390625
0 0.5615234375 0.337890625 0.021484375 0.046875
0 0.9140625 0.5625 0.0390625 0.01953125
0 0.8994140625 0.3564453125 0.044921875 0.021484375
0 0.9814453125 0.3046875 0.037109375 0.01953125
0 0.890625 0.451171875 0.03515625 0.01953125
0 0.91015625 0.2109375 0.0390625 0.0234375
