1 0.9189453125 0.2626953125 0.029296875 0.083984375
1 0.9248046875 0.3515625 0.033203125 0.0859375
1 0.931640625 0.4521484375 0.03515625 0.087890625
1 0.9365234375 0.5625 0.029296875 0.08984375
1 0.9384765625 0.6572265625 0.029296875 0.087890625
1 0.9462890625 0.740234375 0.025390625 0.05859375
1 0.9501953125 0.8232421875 0.025390625 0.080078125
1 0.8828125 0.86328125 0.046875 0.0546875
1 0.95703125 0.904296875 0.0234375 0.05859375
0 0.896484375 0.990234375 0.04296875 0.01953125
0 0.900390625 0.96875 0.04296875 0.0234375
0 0.8916015625 0.931640625 0.044921875 0.01953125
0 0.8935546875 0.908203125 0.041015625 0.0234375
0 0.880859375 0.798828125 0.0390625 0.01953125
0 0.8837890625 0.779296875 0.044921875 0.01953125
0 0.8798828125 0.7587890625 0.041015625 0.021484375
0 0.876953125 0.7216796875 0.0390625 0.025390625
0 0.87109375 0.611328125 0.046875 0.0234375
0 0.8505859375 0.111328125 0.037109375 0.01953125
0 0.849609375 0.0732421875 0.04296875 0.025390625
0 0.845703125 0.0283203125 0.0390625 0.021484375
