0 0.26953125 0.2607421875 0.02734375 0.033203125
0 0.2470703125 0.2763671875 0.033203125 0.033203125
0 0.482421875 0.2470703125 0.03125 0.037109375
0 0.18359375 0.4013671875 0.03125 0.037109375
0 0.1787109375 0.3076171875 0.037109375 0.033203125
0 0.1943359375 0.326171875 0.033203125 0.03125
0 0.2353515625 0.375 0.037109375 0.03125
0 0.3310546875 0.5361328125 0.037109375 0.029296875
0 0.2587890625 0.447265625 0.033203125 0.03125
0 0.287109375 0.4501953125 0.03515625 0.029296875
0 0.314453125 0.45703125 0.02734375 0.0234375
0 0.291015625 0.427734375 0.03515625 0.02734375
0 0.36328125 0.515625 0.03515625 0.03125
0 0.4365234375 0.48046875 0.037109375 0.03125
0 0.5390625 0.2890625 0.01953125 0.0234375
