0 0.1923828125 0.587890625 0.025390625 0.03515625
0 0.21875 0.5966796875 0.0234375 0.033203125
0 0.4853515625 0.9833984375 0.025390625 0.029296875
0 0.734375 0.7119140625 0.03515625 0.029296875
0 0.7216796875 0.7265625 0.025390625 0.01953125
0 0.701171875 0.7666015625 0.03125 0.025390625
0 0.6943359375 0.787109375 0.033203125 0.01953125
0 0.685546875 0.8037109375 0.03515625 0.021484375
0 0.666015625 0.841796875 0.03125 0.02734375
0 0.658203125 0.861328125 0.03125 0.0234375
0 0.646484375 0.8759765625 0.02734375 0.021484375
0 0.638671875 0.896484375 0.03515625 0.03125
0 0.03125 0.6181640625 0.0234375 0.033203125
0 0.9384765625 0.4912109375 0.037109375 0.025390625
0 0.7236328125 0.8544921875 0.021484375 0.033203125
0 0.751953125 0.8037109375 0.01953125 0.037109375
0 0.9541015625 0.515625 0.029296875 0.0234375
