0 0.1064453125 0.0185546875 0.033203125 0.017578125
0 0.1083984375 0.0556640625 0.037109375 0.013671875
0 0.10546875 0.0791015625 0.02734375 0.017578125
0 0.0419921875 0.1201171875 0.021484375 0.037109375
0 0.0244140625 0.369140625 0.017578125 0.0390625
0 0.0458984375 0.369140625 0.017578125 0.03515625
0 0.146484375 0.2978515625 0.0234375 0.048828125
0 0.40625 0.0107421875 0.03125 0.013671875
0 0.4072265625 0.0283203125 0.033203125 0.013671875
0 0.40625 0.0498046875 0.03515625 0.013671875
0 0.4072265625 0.068359375 0.041015625 0.015625
0 0.4072265625 0.087890625 0.037109375 0.015625
0 0.4140625 0.1455078125 0.03515625 0.017578125
0 0.49609375 0.0517578125 0.03515625 0.017578125
0 0.4970703125 0.087890625 0.037109375 0.01953125
0 0.4130859375 0.2412109375 0.041015625 0.017578125
0 0.4150390625 0.2607421875 0.041015625 0.021484375
0 0.4169921875 0.2802734375 0.041015625 0.017578125
0 0.3388671875 0.6103515625 0.017578125 0.037109375
0 0.361328125 0.6171875 0.015625 0.04296875
0 0.404296875 0.55859375 0.01953125 0.03515625
0 0.4287109375 0.591796875 0.017578125 0.03515625
0 0.326171875 0.67578125 0.03125 0.015625
0 0.19140625 0.8046875 0.03515625 0.01953125
0 0.015625 0.869140625 0.015625 0.03125
0 0.0380859375 0.869140625 0.017578125 0.03515625
0 0.0595703125 0.873046875 0.017578125 0.03515625
0 0.080078125 0.8662109375 0.015625 0.029296875
0 0.1044921875 0.869140625 0.017578125 0.03515625
0 0.1240234375 0.8681640625 0.017578125 0.037109375
0 0.146484375 0.8623046875 0.015625 0.029296875
0 0.1728515625 0.86328125 0.013671875 0.02734375
0 0.1943359375 0.8603515625 0.017578125 0.029296875
0 0.21484375 0.8564453125 0.01171875 0.021484375
0 0.236328125 0.86328125 0.01953125 0.03515625
0 0.2626953125 0.8623046875 0.013671875 0.025390625
0 0.302734375 0.822265625 0.01953125 0.03515625
0 0.306640625 0.861328125 0.015625 0.03515625
0 0.0859375 0.923828125 0.015625 0.03125
0 0.1083984375 0.919921875 0.017578125 0.03515625
0 0.15625 0.919921875 0.01953125 0.03125
0 0.3291015625 0.8935546875 0.017578125 0.037109375
0 0.4072265625 0.599609375 0.017578125 0.0390625
0 0.43359375 0.8095703125 0.0390625 0.017578125
0 0.435546875 0.84375 0.03515625 0.015625
0 0.3876953125 0.9541015625 0.033203125 0.017578125
0 0.44140625 0.9482421875 0.03125 0.017578125
0 0.4384765625 0.966796875 0.037109375 0.015625
0 0.3837890625 0.9931640625 0.037109375 0.013671875
1 0.123046875 0.8037109375 0.08203125 0.025390625
1 0.2802734375 0.85546875 0.025390625 0.08203125
1 0.2763671875 0.9365234375 0.083984375 0.025390625
0 0.865234375 0.068359375 0.01953125 0.05078125
0 0.494140625 0.0546875 0.0390625 0.01953125
0 0.498046875 0.12890625 0.03515625 0.01953125
0 0.556640625 0.2080078125 0.04296875 0.017578125
0 0.7060546875 0.4794921875 0.021484375 0.041015625
0 0.7021484375 0.5576171875 0.013671875 0.033203125
0 0.6767578125 0.626953125 0.044921875 0.03125
0 0.86328125 0.7734375 0.01953125 0.04296875
0 0.4892578125 0.8076171875 0.021484375 0.037109375
0 0.53125 0.8369140625 0.0390625 0.017578125
0 0.5322265625 0.8583984375 0.041015625 0.013671875
0 0.5322265625 0.875 0.041015625 0.01953125
0 0.53125 0.908203125 0.03515625 0.01171875
0 0.5302734375 0.92578125 0.041015625 0.015625
0 0.533203125 0.9462890625 0.0390625 0.009765625
0 0.5341796875 0.9580078125 0.041015625 0.013671875
0 0.5390625 0.9755859375 0.046875 0.021484375
