0 0.4404296875 0.6337890625 0.041015625 0.017578125
0 0.4462890625 0.7666015625 0.037109375 0.021484375
0 0.451171875 0.8173828125 0.03515625 0.021484375
0 0.3779296875 0.572265625 0.021484375 0.02734375
0 0.390625 0.6123046875 0.03515625 0.029296875
0 0.3984375 0.63671875 0.02734375 0.03125
0 0.396484375 0.748046875 0.03515625 0.02734375
0 0.1728515625 0.470703125 0.037109375 0.015625
0 0.259765625 0.5146484375 0.015625 0.033203125
0 0.283203125 0.365234375 0.03515625 0.01953125
0 0.23046875 0.3134765625 0.03515625 0.017578125
0 0.833984375 0.55859375 0.0390625 0.0234375
