0 0.35546875 0.01171875 0.03515625 0.01953125
0 0.03125 0.392578125 0.0234375 0.0390625
0 0.052734375 0.3916015625 0.01953125 0.037109375
0 0.2197265625 0.2734375 0.025390625 0.046875
0 0.1982421875 0.5341796875 0.037109375 0.017578125
0 0.1962890625 0.55859375 0.041015625 0.015625
0 0.2001953125 0.5810546875 0.037109375 0.017578125
0 0.2001953125 0.5986328125 0.037109375 0.017578125
0 0.205078125 0.6611328125 0.0390625 0.017578125
0 0.2041015625 0.685546875 0.044921875 0.015625
0 0.205078125 0.703125 0.03515625 0.01953125
0 0.2060546875 0.7236328125 0.037109375 0.021484375
0 0.2080078125 0.748046875 0.037109375 0.015625
0 0.2119140625 0.7890625 0.041015625 0.01953125
1 0.5537109375 0.7109375 0.025390625 0.05859375
0 0.4892578125 0.544921875 0.041015625 0.0234375
0 0.486328125 0.5244140625 0.03515625 0.017578125
0 0.48828125 0.462890625 0.0546875 0.02734375
0 0.4775390625 0.38671875 0.037109375 0.0234375
0 0.6142578125 0.388671875 0.037109375 0.02734375
0 0.4716796875 0.34765625 0.037109375 0.01953125
0 0.47265625 0.3271484375 0.03515625 0.021484375
0 0.462890625 0.2451171875 0.03515625 0.017578125
0 0.5595703125 0.251953125 0.021484375 0.0390625
0 0.5263671875 0.1376953125 0.021484375 0.033203125
0 0.8974609375 0.1201171875 0.033203125 0.017578125
0 0.90234375 0.0654296875 0.01953125 0.037109375
0 0.724609375 0.3662109375 0.01953125 0.033203125
0 0.7412109375 0.36328125 0.013671875 0.02734375
0 0.76171875 0.3623046875 0.01953125 0.044921875
0 0.8779296875 0.359375 0.021484375 0.0390625
0 0.9208984375 0.35546875 0.013671875 0.03125
0 0.9443359375 0.3505859375 0.017578125 0.037109375
0 0.8251953125 0.4892578125 0.037109375 0.017578125
0 0.828125 0.5087890625 0.03515625 0.021484375
0 0.830078125 0.533203125 0.0390625 0.01953125
0 0.8349609375 0.5732421875 0.037109375 0.017578125
0 0.8310546875 0.595703125 0.037109375 0.01953125
0 0.8369140625 0.673828125 0.037109375 0.015625
0 0.8349609375 0.6962890625 0.033203125 0.013671875
0 0.8359375 0.716796875 0.0390625 0.015625
0 0.8798828125 0.69921875 0.021484375 0.03515625
0 0.216796875 0.9755859375 0.04296875 0.017578125
0 0.21875 0.9580078125 0.03515625 0.017578125
0 0.21875 0.939453125 0.03515625 0.01953125
0 0.21875 0.919921875 0.04296875 0.015625
0 0.2177734375 0.900390625 0.044921875 0.015625
0 0.2158203125 0.87890625 0.041015625 0.015625
0 0.2119140625 0.8515625 0.041015625 0.0234375
0 0.2158203125 0.8125 0.044921875 0.01953125
0 0.20703125 0.7685546875 0.0390625 0.017578125
0 0.5068359375 0.9287109375 0.041015625 0.021484375
0 0.5078125 0.9658203125 0.04296875 0.021484375
0 0.5126953125 0.986328125 0.041015625 0.01953125
0 0.8408203125 0.8037109375 0.037109375 0.021484375
0 0.8466796875 0.8466796875 0.041015625 0.021484375
0 0.8505859375 0.9052734375 0.041015625 0.017578125
0 0.8515625 0.92578125 0.04296875 0.0234375
0 0.8564453125 0.94921875 0.037109375 0.0234375
0 0.9111328125 0.8193359375 0.021484375 0.041015625
