0 0.3994140625 0.3564453125 0.041015625 0.017578125
0 0.40234375 0.4072265625 0.0390625 0.017578125
0 0.404296875 0.458984375 0.04296875 0.015625
0 0.41015625 0.4765625 0.04296875 0.01953125
0 0.40625 0.498046875 0.04296875 0.015625
0 0.41015625 0.5322265625 0.0390625 0.017578125
0 0.4111328125 0.5537109375 0.037109375 0.013671875
0 0.4130859375 0.5732421875 0.037109375 0.013671875
0 0.41015625 0.5927734375 0.0390625 0.013671875
0 0.41015625 0.625 0.03515625 0.015625
0 0.404296875 0.6474609375 0.04296875 0.017578125
0 0.39453125 0.70703125 0.01953125 0.03515625
0 0.4189453125 0.705078125 0.013671875 0.03515625
0 0.505859375 0.5078125 0.03515625 0.015625
0 0.5107421875 0.4912109375 0.041015625 0.013671875
0 0.505859375 0.4755859375 0.03515625 0.017578125
0 0.46484375 0.2734375 0.01953125 0.046875
0 0.4921875 0.2734375 0.015625 0.0390625
0 0.5126953125 0.2724609375 0.025390625 0.037109375
