0 0.4912109375 0.1435546875 0.041015625 0.017578125
0 0.5009765625 0.4091796875 0.037109375 0.021484375
0 0.41796875 0.46484375 0.04296875 0.01953125
0 0.5048828125 0.4482421875 0.029296875 0.021484375
0 0.50390625 0.5419921875 0.04296875 0.021484375
0 0.5048828125 0.6376953125 0.017578125 0.037109375
0 0.52734375 0.6455078125 0.01953125 0.033203125
0 0.046875 0.31640625 0.01953125 0.03125
0 0.0498046875 0.3974609375 0.017578125 0.037109375
0 0.125 0.6591796875 0.01953125 0.037109375
0 0.0556640625 0.806640625 0.037109375 0.01953125
0 0.103515625 0.8046875 0.04296875 0.01953125
0 0.568359375 0.869140625 0.03515625 0.01953125
0 0.5732421875 0.923828125 0.041015625 0.01953125
0 0.4462890625 0.8330078125 0.025390625 0.044921875
