0 0.447265625 0.142578125 0.05078125 0.05859375
0 0.5341796875 0.1943359375 0.037109375 0.025390625
0 0.515625 0.2265625 0.0390625 0.03125
0 0.509765625 0.265625 0.046875 0.02734375
0 0.50390625 0.2919921875 0.03125 0.017578125
0 0.494140625 0.31640625 0.03125 0.01953125
0 0.494140625 0.34375 0.02734375 0.01953125
0 0.4892578125 0.369140625 0.044921875 0.0234375
0 0.4619140625 0.451171875 0.025390625 0.05859375
0 0.4638671875 0.5009765625 0.029296875 0.041015625
0 0.466796875 0.5556640625 0.03125 0.041015625
0 0.345703125 0.5791015625 0.02734375 0.037109375
