0 0.1552734375 0.8525390625 0.021484375 0.044921875
0 0.4814453125 0.064453125 0.029296875 0.03125
0 0.5966796875 0.0224609375 0.033203125 0.029296875
0 0.5498046875 0.1181640625 0.029296875 0.033203125
0 0.6572265625 0.16796875 0.025390625 0.04296875
0 0.6328125 0.302734375 0.04296875 0.0234375
0 0.4384765625 0.3076171875 0.041015625 0.021484375
0 0.5439453125 0.7353515625 0.041015625 0.025390625
0 0.4462890625 0.794921875 0.044921875 0.0234375
0 0.607421875 0.783203125 0.0390625 0.0234375
0 0.6025390625 0.8173828125 0.052734375 0.029296875
0 0.6005859375 0.8427734375 0.048828125 0.021484375
0 0.6142578125 0.865234375 0.041015625 0.0234375
0 0.6044921875 0.888671875 0.041015625 0.015625
0 0.4716796875 0.880859375 0.037109375 0.015625
0 0.4775390625 0.9248046875 0.041015625 0.017578125
0 0.4794921875 0.943359375 0.033203125 0.01953125
0 0.6064453125 0.9072265625 0.044921875 0.021484375
0 0.5556640625 0.9736328125 0.041015625 0.021484375
0 0.607421875 0.970703125 0.03515625 0.01953125
0 0.7353515625 0.94921875 0.037109375 0.015625
0 0.740234375 0.9833984375 0.03515625 0.021484375
0 0.671875 0.623046875 0.01953125 0.03515625
0 0.75 0.0517578125 0.01953125 0.033203125
0 0.796875 0.0341796875 0.015625 0.037109375
0 0.814453125 0.0419921875 0.01953125 0.037109375
0 0.84375 0.0302734375 0.0234375 0.037109375
0 0.8837890625 0.154296875 0.029296875 0.03125
0 0.9345703125 0.28125 0.041015625 0.01953125
0 0.970703125 0.43359375 0.0390625 0.01953125
0 0.9462890625 0.1552734375 0.041015625 0.021484375
0 0.7294921875 0.896484375 0.033203125 0.015625
0 0.927734375 0.560546875 0.03515625 0.015625
0 0.9287109375 0.5830078125 0.041015625 0.017578125
0 0.92578125 0.6005859375 0.03515625 0.017578125
0 0.9248046875 0.625 0.029296875 0.015625
0 0.9287109375 0.6455078125 0.041015625 0.013671875
0 0.9306640625 0.6669921875 0.037109375 0.017578125
0 0.93359375 0.6845703125 0.03125 0.017578125
0 0.93359375 0.73046875 0.03515625 0.015625
0 0.939453125 0.7509765625 0.0390625 0.017578125
0 0.9365234375 0.7744140625 0.041015625 0.017578125
0 0.9345703125 0.796875 0.033203125 0.015625
0 0.939453125 0.81640625 0.0390625 0.015625
0 0.9423828125 0.8369140625 0.044921875 0.017578125
0 0.9423828125 0.876953125 0.037109375 0.01953125
0 0.9462890625 0.921875 0.037109375 0.01953125
0 0.9423828125 0.962890625 0.037109375 0.015625
0 0.947265625 0.9853515625 0.03515625 0.017578125
