0 0.0224609375 0.08203125 0.017578125 0.03515625
0 0.1123046875 0.0791015625 0.017578125 0.037109375
0 0.1572265625 0.078125 0.017578125 0.03515625
0 0.59765625 0.0556640625 0.01953125 0.037109375
0 0.7666015625 0.0576171875 0.021484375 0.041015625
0 0.7939453125 0.0673828125 0.017578125 0.037109375
0 0.6455078125 0.2685546875 0.021484375 0.041015625
0 0.5126953125 0.4111328125 0.021484375 0.041015625
0 0.4658203125 0.4130859375 0.021484375 0.037109375
0 0.4404296875 0.412109375 0.013671875 0.02734375
0 0.4208984375 0.4150390625 0.013671875 0.029296875
0 0.3984375 0.4140625 0.0234375 0.0390625
0 0.373046875 0.4130859375 0.015625 0.033203125
0 0.3544921875 0.4140625 0.017578125 0.03515625
0 0.333984375 0.4169921875 0.015625 0.033203125
0 0.3115234375 0.4482421875 0.076171875 0.017578125
0 0.3095703125 0.4169921875 0.017578125 0.033203125
0 0.287109375 0.419921875 0.015625 0.03125
0 0.263671875 0.419921875 0.01953125 0.0390625
0 0.2421875 0.41796875 0.015625 0.03125
0 0.21875 0.419921875 0.01953125 0.0390625
0 0.193359375 0.421875 0.01953125 0.03515625
0 0.17578125 0.41796875 0.015625 0.03515625
0 0.1552734375 0.419921875 0.017578125 0.0390625
0 0.1083984375 0.423828125 0.021484375 0.03515625
0 0.0830078125 0.4208984375 0.021484375 0.033203125
0 0.0595703125 0.423828125 0.021484375 0.0390625
0 0.033203125 0.4306640625 0.0234375 0.037109375
0 0.091796875 0.4541015625 0.06640625 0.021484375
0 0.033203125 0.1875 0.0234375 0.04296875
0 0.0712890625 0.17578125 0.017578125 0.02734375
0 0.0732421875 0.19921875 0.029296875 0.01171875
0 0.0966796875 0.1796875 0.017578125 0.03125
0 0.1220703125 0.18359375 0.013671875 0.03515625
0 0.1435546875 0.1826171875 0.013671875 0.037109375
0 0.1650390625 0.1796875 0.017578125 0.03515625
0 0.1103515625 0.212890625 0.033203125 0.015625
0 0.1845703125 0.1806640625 0.017578125 0.033203125
0 0.228515625 0.181640625 0.046875 0.0234375
0 0.2431640625 0.1416015625 0.052734375 0.025390625
0 0.8193359375 0.06640625 0.017578125 0.03515625
0 0.8935546875 0.2724609375 0.044921875 0.021484375
0 0.89453125 0.29296875 0.046875 0.01953125
0 0.8935546875 0.3125 0.044921875 0.01953125
0 0.8984375 0.33203125 0.0390625 0.01953125
0 0.9013671875 0.3525390625 0.044921875 0.021484375
0 0.8984375 0.3798828125 0.0390625 0.017578125
0 0.8994140625 0.3994140625 0.041015625 0.021484375
0 0.9013671875 0.419921875 0.037109375 0.015625
0 0.90234375 0.4404296875 0.0390625 0.017578125
0 0.9033203125 0.4609375 0.041015625 0.01953125
0 0.90625 0.484375 0.04296875 0.01953125
0 0.9052734375 0.505859375 0.041015625 0.015625
0 0.908203125 0.5263671875 0.04296875 0.017578125
0 0.9111328125 0.5693359375 0.044921875 0.017578125
0 0.912109375 0.587890625 0.0390625 0.01953125
0 0.916015625 0.6103515625 0.04296875 0.017578125
0 0.9189453125 0.6748046875 0.041015625 0.021484375
0 0.9267578125 0.7392578125 0.044921875 0.021484375
0 0.9228515625 0.802734375 0.041015625 0.01953125
0 0.92578125 0.822265625 0.0390625 0.01953125
0 0.9287109375 0.8427734375 0.044921875 0.021484375
0 0.9306640625 0.88671875 0.041015625 0.01953125
0 0.9267578125 0.9658203125 0.037109375 0.017578125
0 0.9326171875 0.9873046875 0.025390625 0.013671875
0 0.6279296875 0.4814453125 0.025390625 0.037109375
0 0.662109375 0.5908203125 0.0234375 0.048828125
0 0.564453125 0.552734375 0.03515625 0.01953125
0 0.568359375 0.5751953125 0.03125 0.013671875
0 0.56640625 0.59375 0.0390625 0.015625
0 0.568359375 0.6142578125 0.03515625 0.013671875
0 0.5654296875 0.6337890625 0.033203125 0.013671875
0 0.6005859375 0.6611328125 0.017578125 0.037109375
0 0.5654296875 0.654296875 0.037109375 0.015625
0 0.5654296875 0.673828125 0.037109375 0.015625
0 0.572265625 0.6943359375 0.04296875 0.017578125
0 0.5810546875 0.71484375 0.044921875 0.015625
0 0.580078125 0.734375 0.0390625 0.01953125
0 0.580078125 0.7548828125 0.04296875 0.017578125
0 0.583984375 0.7744140625 0.046875 0.017578125
0 0.5810546875 0.79296875 0.044921875 0.015625
0 0.5810546875 0.8125 0.041015625 0.015625
0 0.587890625 0.8310546875 0.046875 0.021484375
0 0.580078125 0.8623046875 0.046875 0.025390625
0 0.2939453125 0.9794921875 0.029296875 0.013671875
0 0.326171875 0.9609375 0.015625 0.0390625
0 0.291015625 0.9560546875 0.0390625 0.017578125
0 0.28515625 0.9365234375 0.03515625 0.021484375
0 0.2900390625 0.9150390625 0.033203125 0.013671875
0 0.2861328125 0.8935546875 0.044921875 0.017578125
0 0.2890625 0.875 0.0390625 0.01953125
0 0.287109375 0.8349609375 0.04296875 0.017578125
0 0.283203125 0.814453125 0.03515625 0.015625
0 0.283203125 0.79296875 0.03515625 0.015625
0 0.2822265625 0.7744140625 0.037109375 0.013671875
0 0.2802734375 0.7568359375 0.037109375 0.013671875
0 0.1953125 0.8115234375 0.04296875 0.041015625
0 0.2177734375 0.7705078125 0.044921875 0.021484375
0 0.2255859375 0.7529296875 0.029296875 0.013671875
0 0.220703125 0.7333984375 0.0390625 0.025390625
0 0.28515625 0.6826171875 0.03515625 0.021484375
0 0.2802734375 0.61328125 0.037109375 0.01953125
0 0.2763671875 0.5859375 0.041015625 0.0234375
0 0.32421875 0.5576171875 0.01953125 0.041015625
0 0.2080078125 0.5107421875 0.021484375 0.037109375
0 0.1845703125 0.51171875 0.017578125 0.04296875
0 0.1884765625 0.5625 0.017578125 0.0390625
0 0.171875 0.6181640625 0.03515625 0.021484375
0 0.1513671875 0.556640625 0.021484375 0.0390625
0 0.1318359375 0.5166015625 0.017578125 0.041015625
0 0.0712890625 0.5166015625 0.017578125 0.041015625
0 0.0478515625 0.5146484375 0.017578125 0.041015625
0 0.091796875 0.64453125 0.04296875 0.0234375
0 0.1513671875 0.689453125 0.021484375 0.04296875
0 0.1728515625 0.6904296875 0.021484375 0.033203125
0 0.0888671875 0.677734375 0.044921875 0.01953125
0 0.0859375 0.7001953125 0.0390625 0.009765625
0 0.087890625 0.7138671875 0.03515625 0.017578125
0 0.041015625 0.7255859375 0.01953125 0.044921875
0 0.08984375 0.7685546875 0.046875 0.021484375
0 0.0302734375 0.7763671875 0.041015625 0.017578125
