0 0.4814453125 0.81640625 0.017578125 0.0390625
0 0.537109375 0.7001953125 0.0390625 0.021484375
0 0.30859375 0.658203125 0.04296875 0.01953125
0 0.3037109375 0.638671875 0.037109375 0.015625
0 0.3017578125 0.537109375 0.041015625 0.01953125
0 0.2685546875 0.5087890625 0.033203125 0.037109375
0 0.4521484375 0.6748046875 0.013671875 0.029296875
0 0.4326171875 0.6708984375 0.017578125 0.025390625
0 0.1171875 0.3720703125 0.04296875 0.021484375
0 0.115234375 0.3486328125 0.046875 0.017578125
