0 0.2333984375 0.380859375 0.021484375 0.03125
0 0.3388671875 0.66796875 0.029296875 0.05078125
0 0.25 0.7490234375 0.02734375 0.052734375
0 0.2509765625 0.8623046875 0.021484375 0.044921875
0 0.353515625 0.8896484375 0.0234375 0.041015625
0 0.91015625 0.86328125 0.01953125 0.04296875
0 0.8994140625 0.6904296875 0.021484375 0.041015625
1 0.9541015625 0.494140625 0.060546875 0.01953125
1 0.9619140625 0.474609375 0.044921875 0.01953125
1 0.9560546875 0.4580078125 0.060546875 0.021484375
1 0.9580078125 0.4384765625 0.056640625 0.017578125
0 0.890625 0.4267578125 0.01953125 0.037109375
1 0.9560546875 0.400390625 0.083984375 0.0234375
1 0.955078125 0.3779296875 0.0859375 0.021484375
0 0.8583984375 0.3037109375 0.021484375 0.041015625
1 0.9501953125 0.341796875 0.060546875 0.01953125
1 0.9521484375 0.3232421875 0.048828125 0.017578125
1 0.951171875 0.3037109375 0.05859375 0.017578125
1 0.9462890625 0.2841796875 0.060546875 0.021484375
0 0.7939453125 0.2021484375 0.052734375 0.029296875
1 0.9384765625 0.228515625 0.060546875 0.01953125
0 0.7919921875 0.0380859375 0.044921875 0.033203125
0 0.8955078125 0.072265625 0.041015625 0.0390625
