0 0.1572265625 0.0556640625 0.017578125 0.033203125
0 0.12890625 0.13671875 0.03125 0.04296875
0 0.060546875 0.3525390625 0.0234375 0.048828125
0 0.125 0.5048828125 0.03125 0.033203125
0 0.1572265625 0.5751953125 0.025390625 0.037109375
0 0.2861328125 0.4736328125 0.044921875 0.025390625
0 0.3095703125 0.7392578125 0.021484375 0.041015625
0 0.7919921875 0.8388671875 0.044921875 0.033203125
0 0.8955078125 0.873046875 0.041015625 0.0390625
0 0.9169921875 0.759765625 0.044921875 0.02734375
0 0.9130859375 0.6923828125 0.048828125 0.029296875
0 0.9150390625 0.634765625 0.044921875 0.0234375
0 0.77734375 0.666015625 0.05078125 0.0234375
0 0.7421875 0.6318359375 0.05078125 0.021484375
0 0.7607421875 0.6123046875 0.048828125 0.021484375
0 0.7392578125 0.5771484375 0.052734375 0.021484375
0 0.7626953125 0.546875 0.041015625 0.0234375
0 0.900390625 0.5888671875 0.04296875 0.021484375
0 0.900390625 0.5205078125 0.0390625 0.021484375
0 0.8984375 0.4951171875 0.04296875 0.017578125
0 0.900390625 0.4765625 0.0390625 0.01953125
0 0.896484375 0.4560546875 0.03515625 0.021484375
0 0.8935546875 0.435546875 0.041015625 0.01953125
0 0.896484375 0.408203125 0.03515625 0.01953125
0 0.89453125 0.38671875 0.0390625 0.0234375
0 0.8466796875 0.3642578125 0.021484375 0.033203125
0 0.828125 0.4423828125 0.02734375 0.037109375
0 0.408203125 0.421875 0.04296875 0.04296875
0 0.4853515625 0.3720703125 0.048828125 0.037109375
0 0.544921875 0.3515625 0.04296875 0.0234375
0 0.6572265625 0.3310546875 0.044921875 0.025390625
0 0.728515625 0.3203125 0.0390625 0.0234375
0 0.7783203125 0.32421875 0.041015625 0.0234375
0 0.6474609375 0.2919921875 0.068359375 0.025390625
0 0.8154296875 0.2607421875 0.021484375 0.041015625
0 0.330078125 0.1806640625 0.03515625 0.041015625
0 0.4326171875 0.1533203125 0.041015625 0.044921875
0 0.4501953125 0.16796875 0.037109375 0.0390625
0 0.4638671875 0.1826171875 0.033203125 0.037109375
0 0.48828125 0.1962890625 0.03125 0.037109375
0 0.509765625 0.2119140625 0.03515625 0.044921875
0 0.5263671875 0.228515625 0.029296875 0.0390625
0 0.53125 0.173828125 0.04296875 0.0390625
0 0.5517578125 0.1494140625 0.044921875 0.025390625
0 0.546875 0.234375 0.01953125 0.03515625
0 0.56640625 0.2412109375 0.01953125 0.037109375
0 0.5859375 0.24609375 0.01953125 0.03125
0 0.623046875 0.2412109375 0.0234375 0.044921875
0 0.64453125 0.2353515625 0.01953125 0.033203125
0 0.6650390625 0.2373046875 0.021484375 0.037109375
0 0.689453125 0.23046875 0.0234375 0.0390625
0 0.6357421875 0.1611328125 0.041015625 0.021484375
0 0.5966796875 0.197265625 0.037109375 0.0234375
0 0.587890625 0.1337890625 0.01953125 0.037109375
0 0.5478515625 0.1083984375 0.041015625 0.017578125
0 0.546875 0.0888671875 0.03515625 0.021484375
0 0.5390625 0.068359375 0.0390625 0.01953125
0 0.5400390625 0.048828125 0.037109375 0.01953125
0 0.5439453125 0.0283203125 0.041015625 0.017578125
0 0.5390625 0.009765625 0.04296875 0.01953125
0 0.626953125 0.0244140625 0.0390625 0.021484375
0 0.6328125 0.0546875 0.04296875 0.01953125
0 0.6259765625 0.07421875 0.041015625 0.015625
0 0.6328125 0.08984375 0.0390625 0.015625
0 0.63671875 0.1083984375 0.03515625 0.021484375
0 0.63671875 0.138671875 0.0390625 0.0234375
0 0.69140625 0.1572265625 0.01953125 0.041015625
0 0.6875 0.109375 0.01953125 0.0390625
0 0.6875 0.0673828125 0.01953125 0.033203125
0 0.6845703125 0.0283203125 0.021484375 0.044921875
0 0.748046875 0.025390625 0.0390625 0.01953125
0 0.7509765625 0.044921875 0.044921875 0.01953125
0 0.75390625 0.064453125 0.0390625 0.01953125
0 0.75390625 0.0849609375 0.0390625 0.021484375
0 0.744140625 0.10546875 0.04296875 0.01953125
0 0.744140625 0.125 0.04296875 0.01953125
0 0.73828125 0.1474609375 0.04296875 0.021484375
0 0.712890625 0.23046875 0.03125 0.0390625
0 0.728515625 0.21875 0.0234375 0.03125
0 0.7529296875 0.21875 0.025390625 0.03125
0 0.7724609375 0.2001953125 0.029296875 0.048828125
0 0.783203125 0.1591796875 0.03515625 0.021484375
0 0.8076171875 0.0849609375 0.021484375 0.037109375
0 0.8369140625 0.10546875 0.021484375 0.046875
0 0.8427734375 0.1767578125 0.017578125 0.037109375
0 0.87890625 0.1015625 0.04296875 0.0234375
0 0.8818359375 0.0810546875 0.037109375 0.017578125
0 0.87890625 0.0458984375 0.03515625 0.021484375
0 0.875 0.02734375 0.04296875 0.015625
0 0.8779296875 0.009765625 0.037109375 0.01953125
0 0.986328125 0.140625 0.015625 0.03515625
0 0.9658203125 0.1396484375 0.021484375 0.037109375
0 0.943359375 0.142578125 0.01953125 0.0390625
