0 0.08984375 0.0400390625 0.03125 0.017578125
0 0.0869140625 0.0625 0.029296875 0.01953125
0 0.205078125 0.1220703125 0.0390625 0.021484375
0 0.087890625 0.16796875 0.04296875 0.01953125
0 0.08984375 0.1875 0.03515625 0.01953125
0 0.0869140625 0.208984375 0.037109375 0.01953125
0 0.384765625 0.05078125 0.03515625 0.01953125
0 0.373046875 0.12890625 0.0390625 0.01953125
0 0.3798828125 0.150390625 0.037109375 0.0234375
0 0.2734375 0.1328125 0.01953125 0.03125
0 0.2890625 0.12890625 0.01953125 0.03515625
0 0.3828125 0.2451171875 0.0390625 0.021484375
0 0.38671875 0.283203125 0.03515625 0.01953125
0 0.470703125 0.2998046875 0.0234375 0.041015625
0 0.3857421875 0.3603515625 0.037109375 0.021484375
0 0.3916015625 0.3994140625 0.033203125 0.021484375
0 0.396484375 0.419921875 0.03125 0.01953125
0 0.392578125 0.44140625 0.04296875 0.01953125
0 0.03125 0.541015625 0.015625 0.03515625
0 0.0537109375 0.5400390625 0.017578125 0.033203125
0 0.1015625 0.4140625 0.0390625 0.01953125
0 0.1015625 0.455078125 0.0390625 0.01953125
0 0.1103515625 0.4970703125 0.041015625 0.021484375
0 0.7294921875 0.025390625 0.041015625 0.0234375
0 0.7236328125 0.0634765625 0.041015625 0.021484375
0 0.724609375 0.126953125 0.03515625 0.01953125
0 0.7265625 0.18359375 0.04296875 0.0234375
0 0.7314453125 0.2060546875 0.041015625 0.021484375
0 0.7294921875 0.244140625 0.037109375 0.01953125
0 0.7333984375 0.28515625 0.044921875 0.01953125
0 0.73046875 0.3046875 0.0390625 0.01953125
0 0.7353515625 0.3447265625 0.037109375 0.017578125
0 0.73046875 0.36328125 0.03515625 0.015625
0 0.7353515625 0.384765625 0.044921875 0.015625
0 0.734375 0.4033203125 0.0390625 0.021484375
0 0.7275390625 0.42578125 0.033203125 0.015625
0 0.7392578125 0.4443359375 0.041015625 0.021484375
0 0.7275390625 0.462890625 0.037109375 0.015625
0 0.7451171875 0.4833984375 0.041015625 0.017578125
0 0.0791015625 0.822265625 0.021484375 0.0390625
0 0.1787109375 0.80859375 0.017578125 0.03515625
0 0.0478515625 0.9423828125 0.017578125 0.033203125
0 0.0712890625 0.943359375 0.017578125 0.0390625
0 0.13671875 0.9462890625 0.01953125 0.033203125
0 0.2119140625 0.9384765625 0.021484375 0.037109375
0 0.37109375 0.61328125 0.01953125 0.03515625
0 0.462890625 0.75 0.01953125 0.03515625
0 0.587890625 0.7734375 0.04296875 0.0234375
0 0.5947265625 0.810546875 0.041015625 0.01953125
0 0.64453125 0.7958984375 0.01953125 0.041015625
0 0.6787109375 0.7939453125 0.017578125 0.037109375
0 0.7158203125 0.7900390625 0.017578125 0.029296875
0 0.7568359375 0.794921875 0.021484375 0.0390625
0 0.7783203125 0.794921875 0.017578125 0.03515625
0 0.80078125 0.796875 0.01953125 0.0390625
0 0.9033203125 0.78515625 0.017578125 0.03125
0 0.935546875 0.787109375 0.01953125 0.03125
0 0.8681640625 0.7939453125 0.021484375 0.037109375
0 0.681640625 0.919921875 0.01953125 0.03515625
0 0.798828125 0.9169921875 0.01953125 0.037109375
0 0.833984375 0.9150390625 0.01953125 0.033203125
0 0.853515625 0.916015625 0.01953125 0.03125
0 0.875 0.921875 0.01953125 0.03125
0 0.8935546875 0.91796875 0.017578125 0.03515625
0 0.8720703125 0.48046875 0.037109375 0.01953125
0 0.5556640625 0.9853515625 0.041015625 0.013671875
