0 0.3017578125 0.5888671875 0.021484375 0.037109375
0 0.240234375 0.681640625 0.04296875 0.015625
0 0.240234375 0.7021484375 0.03515625 0.017578125
0 0.2421875 0.740234375 0.0390625 0.01953125
0 0.2421875 0.7802734375 0.0390625 0.017578125
0 0.3544921875 0.671875 0.041015625 0.01953125
0 0.353515625 0.6923828125 0.0390625 0.021484375
0 0.3505859375 0.7138671875 0.041015625 0.017578125
0 0.349609375 0.7353515625 0.0390625 0.017578125
0 0.3603515625 0.7568359375 0.041015625 0.013671875
0 0.3662109375 0.775390625 0.033203125 0.01171875
0 0.4970703125 0.6494140625 0.017578125 0.037109375
0 0.6044921875 0.5087890625 0.044921875 0.017578125
1 0.513671875 0.5732421875 0.04296875 0.060546875
0 0.26171875 0.9423828125 0.04296875 0.017578125
0 0.26953125 0.966796875 0.03515625 0.015625
0 0.2724609375 0.98828125 0.033203125 0.015625
0 0.345703125 0.9892578125 0.04296875 0.017578125
0 0.8330078125 0.783203125 0.017578125 0.03515625
0 0.828125 0.740234375 0.015625 0.03515625
0 0.8232421875 0.654296875 0.013671875 0.03515625
0 0.75 0.6787109375 0.01171875 0.021484375
0 0.755859375 0.7470703125 0.0234375 0.013671875
0 0.76171875 0.83203125 0.02734375 0.01171875
0 0.7587890625 0.8515625 0.041015625 0.015625
0 0.7646484375 0.91796875 0.033203125 0.015625
0 0.7646484375 0.955078125 0.037109375 0.015625
0 0.76953125 0.9814453125 0.04296875 0.017578125
0 0.9765625 0.8056640625 0.0234375 0.041015625
0 0.6875 0.1484375 0.04296875 0.01953125
