0 0.5634765625 0.033203125 0.044921875 0.01953125
0 0.4755859375 0.0849609375 0.041015625 0.021484375
0 0.5693359375 0.10546875 0.037109375 0.015625
0 0.572265625 0.1376953125 0.0390625 0.021484375
0 0.9091796875 0.037109375 0.017578125 0.0390625
0 0.57421875 0.2958984375 0.0390625 0.021484375
0 0.58203125 0.3310546875 0.03515625 0.017578125
0 0.5859375 0.3662109375 0.03125 0.017578125
0 0.58203125 0.3828125 0.03515625 0.01953125
0 0.5791015625 0.416015625 0.037109375 0.01953125
0 0.578125 0.4345703125 0.046875 0.021484375
0 0.5830078125 0.470703125 0.041015625 0.01953125
0 0.8056640625 0.251953125 0.037109375 0.01953125
0 0.8115234375 0.294921875 0.041015625 0.01953125
0 0.4912109375 0.501953125 0.041015625 0.01953125
0 0.578125 0.5009765625 0.03515625 0.017578125
0 0.5908203125 0.5205078125 0.041015625 0.017578125
0 0.822265625 0.546875 0.04296875 0.01953125
0 0.833984375 0.587890625 0.04296875 0.01953125
0 0.8779296875 0.6484375 0.017578125 0.03125
0 0.28125 0.744140625 0.0234375 0.0390625
