0 0.8271484375 0.083984375 0.041015625 0.01953125
0 0.8271484375 0.1220703125 0.037109375 0.017578125
0 0.830078125 0.1455078125 0.0390625 0.017578125
0 0.841796875 0.2080078125 0.0390625 0.021484375
0 0.837890625 0.291015625 0.046875 0.01953125
0 0.837890625 0.3115234375 0.04296875 0.021484375
0 0.4111328125 0.0400390625 0.037109375 0.017578125
0 0.41796875 0.0625 0.04296875 0.015625
0 0.4697265625 0.0791015625 0.021484375 0.037109375
0 0.4287109375 0.119140625 0.044921875 0.015625
0 0.419921875 0.1376953125 0.0390625 0.017578125
0 0.4248046875 0.1796875 0.044921875 0.01953125
0 0.4326171875 0.158203125 0.044921875 0.015625
0 0.5087890625 0.0751953125 0.037109375 0.021484375
0 0.5458984375 0.03515625 0.037109375 0.01953125
0 0.5478515625 0.0576171875 0.033203125 0.013671875
0 0.6064453125 0.0478515625 0.021484375 0.037109375
0 0.533203125 0.16015625 0.046875 0.0234375
0 0.4921875 0.1591796875 0.03515625 0.025390625
0 0.498046875 0.2080078125 0.04296875 0.025390625
0 0.5380859375 0.2080078125 0.037109375 0.025390625
0 0.58203125 0.177734375 0.015625 0.04296875
0 0.599609375 0.2275390625 0.01953125 0.041015625
0 0.578125 0.2275390625 0.0234375 0.041015625
0 0.498046875 0.263671875 0.0390625 0.0234375
0 0.4990234375 0.3232421875 0.044921875 0.029296875
0 0.625 0.2958984375 0.0234375 0.041015625
0 0.42578125 0.2890625 0.04296875 0.01953125
0 0.431640625 0.3076171875 0.04296875 0.017578125
0 0.421875 0.3251953125 0.0390625 0.017578125
0 0.427734375 0.3427734375 0.03515625 0.017578125
0 0.564453125 0.3759765625 0.04296875 0.017578125
0 0.6171875 0.55078125 0.0234375 0.04296875
0 0.36328125 0.5537109375 0.01953125 0.033203125
0 0.322265625 0.5556640625 0.01953125 0.037109375
0 0.125 0.021484375 0.0390625 0.01953125
0 0.1279296875 0.0419921875 0.044921875 0.021484375
0 0.1298828125 0.0859375 0.041015625 0.01953125
0 0.1259765625 0.1650390625 0.037109375 0.017578125
0 0.1318359375 0.1865234375 0.025390625 0.013671875
0 0.1318359375 0.2099609375 0.041015625 0.021484375
0 0.134765625 0.2314453125 0.03515625 0.021484375
0 0.1357421875 0.2529296875 0.041015625 0.017578125
0 0.13671875 0.271484375 0.04296875 0.015625
0 0.13671875 0.29296875 0.04296875 0.01953125
0 0.138671875 0.314453125 0.04296875 0.015625
0 0.1357421875 0.3330078125 0.037109375 0.013671875
0 0.1376953125 0.3564453125 0.037109375 0.017578125
0 0.140625 0.3798828125 0.04296875 0.017578125
0 0.1435546875 0.3974609375 0.041015625 0.013671875
0 0.142578125 0.478515625 0.04296875 0.01953125
0 0.146484375 0.51953125 0.0390625 0.015625
0 0.146484375 0.54296875 0.04296875 0.015625
0 0.1484375 0.5625 0.04296875 0.015625
0 0.1484375 0.5830078125 0.04296875 0.017578125
0 0.0234375 0.9267578125 0.04296875 0.025390625
0 0.0166015625 0.8212890625 0.025390625 0.041015625
0 0.0537109375 0.8134765625 0.021484375 0.041015625
0 0.181640625 0.892578125 0.05078125 0.0234375
0 0.1513671875 0.66796875 0.037109375 0.01953125
0 0.15234375 0.6884765625 0.0390625 0.021484375
0 0.15625 0.7099609375 0.03125 0.021484375
0 0.158203125 0.73046875 0.03515625 0.01953125
0 0.16015625 0.75 0.0390625 0.01953125
0 0.1611328125 0.76953125 0.041015625 0.01953125
0 0.2548828125 0.7705078125 0.037109375 0.017578125
0 0.3359375 0.8798828125 0.04296875 0.021484375
0 0.462890625 0.8349609375 0.04296875 0.017578125
0 0.5322265625 0.876953125 0.041015625 0.01953125
0 0.5947265625 0.830078125 0.041015625 0.01953125
0 0.69140625 0.802734375 0.04296875 0.0234375
0 0.7275390625 0.8251953125 0.041015625 0.021484375
0 0.8564453125 0.8232421875 0.048828125 0.021484375
0 0.939453125 0.8125 0.04296875 0.01953125
0 0.96875 0.7744140625 0.0390625 0.021484375
0 0.86328125 0.708984375 0.03125 0.015625
0 0.859375 0.6884765625 0.04296875 0.017578125
0 0.8544921875 0.4775390625 0.041015625 0.017578125
0 0.8525390625 0.4560546875 0.044921875 0.025390625
0 0.853515625 0.4130859375 0.04296875 0.017578125
0 0.849609375 0.3935546875 0.03515625 0.021484375
0 0.9248046875 0.943359375 0.037109375 0.01953125
0 0.9814453125 0.9423828125 0.033203125 0.017578125
