0 0.8330078125 0.0439453125 0.021484375 0.044921875
0 0.8359375 0.0986328125 0.0234375 0.041015625
0 0.83984375 0.1435546875 0.01953125 0.037109375
0 0.8408203125 0.1806640625 0.017578125 0.033203125
0 0.748046875 0.1376953125 0.01953125 0.041015625
0 0.4130859375 0.3271484375 0.037109375 0.021484375
0 0.5400390625 0.3564453125 0.052734375 0.025390625
0 0.416015625 0.5009765625 0.0390625 0.021484375
0 0.5107421875 0.515625 0.041015625 0.01953125
0 0.509765625 0.5498046875 0.0390625 0.021484375
0 0.513671875 0.5859375 0.0390625 0.01953125
0 0.517578125 0.6181640625 0.0390625 0.021484375
0 0.4248046875 0.6572265625 0.041015625 0.017578125
0 0.5185546875 0.65625 0.041015625 0.01953125
0 0.521484375 0.7255859375 0.04296875 0.021484375
0 0.5263671875 0.7783203125 0.033203125 0.021484375
0 0.7353515625 0.4521484375 0.041015625 0.021484375
0 0.7353515625 0.470703125 0.037109375 0.015625
0 0.73828125 0.4892578125 0.0390625 0.017578125
0 0.740234375 0.5107421875 0.0390625 0.021484375
0 0.7421875 0.548828125 0.0390625 0.01953125
0 0.7451171875 0.5673828125 0.037109375 0.017578125
0 0.7470703125 0.5888671875 0.041015625 0.017578125
0 0.7451171875 0.626953125 0.037109375 0.01953125
0 0.748046875 0.66796875 0.04296875 0.01953125
0 0.7626953125 0.7578125 0.041015625 0.01953125
0 0.78515625 0.80078125 0.01953125 0.0390625
0 0.15625 0.2138671875 0.01953125 0.033203125
