0 0.0185546875 0.5390625 0.017578125 0.03515625
0 0.037109375 0.54296875 0.01953125 0.03515625
0 0.0185546875 0.669921875 0.021484375 0.0390625
0 0.0732421875 0.666015625 0.017578125 0.03515625
0 0.0595703125 0.755859375 0.017578125 0.0390625
0 0.0791015625 0.7529296875 0.017578125 0.037109375
0 0.02734375 0.7978515625 0.01953125 0.041015625
0 0.0830078125 0.796875 0.017578125 0.03515625
0 0.1005859375 0.79296875 0.017578125 0.046875
0 0.119140625 0.791015625 0.01953125 0.03515625
0 0.13671875 0.748046875 0.01953125 0.03515625
0 0.154296875 0.7490234375 0.015625 0.037109375
0 0.09375 0.6611328125 0.01953125 0.033203125
0 0.1328125 0.6630859375 0.015625 0.037109375
0 0.1123046875 0.5400390625 0.017578125 0.033203125
0 0.1318359375 0.537109375 0.017578125 0.03515625
0 0.1513671875 0.5380859375 0.021484375 0.041015625
0 0.1728515625 0.5361328125 0.017578125 0.037109375
0 0.19140625 0.541015625 0.015625 0.02734375
0 0.2275390625 0.5361328125 0.021484375 0.041015625
0 0.0966796875 0.595703125 0.029296875 0.02734375
0 0.16796875 0.662109375 0.01953125 0.0390625
0 0.1875 0.6630859375 0.01953125 0.041015625
0 0.224609375 0.6552734375 0.015625 0.037109375
0 0.2412109375 0.650390625 0.017578125 0.03515625
0 0.1728515625 0.75 0.017578125 0.0390625
0 0.1904296875 0.7490234375 0.017578125 0.037109375
0 0.17578125 0.7900390625 0.01953125 0.033203125
0 0.193359375 0.791015625 0.01953125 0.0390625
0 0.2900390625 0.7861328125 0.021484375 0.037109375
0 0.3447265625 0.779296875 0.017578125 0.03515625
0 0.3623046875 0.7841796875 0.017578125 0.033203125
0 0.380859375 0.8671875 0.0234375 0.0390625
0 0.431640625 0.8623046875 0.01953125 0.041015625
0 0.4912109375 0.8583984375 0.017578125 0.037109375
0 0.33203125 0.1640625 0.015625 0.03515625
0 0.654296875 0.0595703125 0.03515625 0.017578125
0 0.6552734375 0.0947265625 0.037109375 0.017578125
0 0.6552734375 0.0771484375 0.037109375 0.017578125
0 0.658203125 0.1279296875 0.04296875 0.021484375
0 0.66015625 0.18359375 0.03515625 0.0234375
0 0.568359375 0.1474609375 0.03125 0.017578125
0 0.671875 0.236328125 0.0390625 0.01953125
0 0.666015625 0.345703125 0.0390625 0.01953125
0 0.845703125 0.201171875 0.0234375 0.0390625
0 0.6728515625 0.4326171875 0.044921875 0.017578125
