0 0.4599609375 0.021484375 0.060546875 0.01953125
0 0.4697265625 0.0419921875 0.037109375 0.021484375
0 0.4677734375 0.0615234375 0.033203125 0.017578125
0 0.466796875 0.0810546875 0.04296875 0.017578125
1 0.46484375 0.115234375 0.05859375 0.01953125
1 0.638671875 0.1357421875 0.0625 0.048828125
1 0.466796875 0.154296875 0.0625 0.01953125
1 0.466796875 0.173828125 0.0625 0.01953125
1 0.474609375 0.28125 0.0546875 0.0234375
1 0.4755859375 0.302734375 0.056640625 0.01953125
1 0.4775390625 0.3232421875 0.060546875 0.021484375
0 0.58984375 0.248046875 0.03125 0.0234375
1 0.4814453125 0.3779296875 0.060546875 0.017578125
0 0.595703125 0.4345703125 0.0390625 0.029296875
0 0.630859375 0.6826171875 0.01953125 0.041015625
0 0.4833984375 0.3994140625 0.033203125 0.017578125
1 0.48046875 0.4130859375 0.0625 0.021484375
1 0.4814453125 0.431640625 0.056640625 0.015625
1 0.4814453125 0.4658203125 0.060546875 0.021484375
1 0.4814453125 0.4873046875 0.060546875 0.021484375
1 0.484375 0.5205078125 0.0625 0.017578125
1 0.484375 0.5390625 0.0625 0.01953125
1 0.484375 0.55859375 0.0625 0.01953125
1 0.484375 0.578125 0.0625 0.01953125
1 0.1171875 0.650390625 0.05859375 0.015625
0 0.0458984375 0.7197265625 0.037109375 0.041015625
0 0.0966796875 0.72265625 0.029296875 0.0390625
0 0.14453125 0.71484375 0.02734375 0.04296875
0 0.1650390625 0.72265625 0.025390625 0.03515625
0 0.1865234375 0.72265625 0.025390625 0.03125
0 0.2099609375 0.71875 0.025390625 0.0390625
0 0.2578125 0.7177734375 0.02734375 0.037109375
0 0.3076171875 0.7177734375 0.025390625 0.041015625
0 0.4248046875 0.71484375 0.025390625 0.0390625
0 0.4501953125 0.7158203125 0.029296875 0.037109375
0 0.41015625 0.759765625 0.01953125 0.03515625
0 0.330078125 0.75390625 0.01953125 0.03125
0 0.2958984375 0.7568359375 0.025390625 0.037109375
0 0.2724609375 0.755859375 0.021484375 0.0390625
0 0.2529296875 0.7587890625 0.017578125 0.033203125
0 0.2216796875 0.7587890625 0.017578125 0.029296875
0 0.2041015625 0.7666015625 0.017578125 0.025390625
0 0.1865234375 0.76171875 0.017578125 0.03515625
0 0.162109375 0.76171875 0.01953125 0.03125
0 0.1435546875 0.7607421875 0.017578125 0.033203125
0 0.123046875 0.765625 0.01953125 0.03515625
0 0.0888671875 0.765625 0.017578125 0.02734375
0 0.0712890625 0.771484375 0.017578125 0.03125
0 0.048828125 0.763671875 0.015625 0.02734375
0 0.0322265625 0.7705078125 0.017578125 0.029296875
0 0.0126953125 0.7724609375 0.021484375 0.033203125
0 0.4755859375 0.134765625 0.044921875 0.01953125
0 0.90625 0.892578125 0.0390625 0.01953125
0 0.880859375 0.861328125 0.01953125 0.0390625
0 0.783203125 0.7451171875 0.0234375 0.029296875
0 0.8427734375 0.7470703125 0.021484375 0.037109375
0 0.8642578125 0.74609375 0.021484375 0.0390625
0 0.8818359375 0.7451171875 0.021484375 0.033203125
0 0.9755859375 0.73828125 0.025390625 0.0390625
0 0.7421875 0.6611328125 0.0234375 0.048828125
0 0.7626953125 0.04296875 0.021484375 0.02734375
