0 0.23046875 0.1669921875 0.0234375 0.041015625
0 0.134765625 0.3271484375 0.01953125 0.033203125
0 0.1533203125 0.4423828125 0.021484375 0.033203125
0 0.25390625 0.693359375 0.01953125 0.03125
0 0.1572265625 0.8564453125 0.017578125 0.033203125
0 0.12890625 0.9375 0.03125 0.04296875
0 0.4326171875 0.9541015625 0.041015625 0.044921875
0 0.4501953125 0.96875 0.037109375 0.0390625
0 0.53125 0.974609375 0.04296875 0.0390625
0 0.5517578125 0.9501953125 0.044921875 0.025390625
0 0.6357421875 0.9619140625 0.041015625 0.021484375
0 0.587890625 0.9345703125 0.01953125 0.037109375
0 0.5478515625 0.9091796875 0.041015625 0.017578125
0 0.546875 0.8896484375 0.03515625 0.021484375
0 0.5390625 0.869140625 0.0390625 0.01953125
0 0.5400390625 0.849609375 0.037109375 0.01953125
0 0.5439453125 0.8291015625 0.041015625 0.017578125
0 0.5390625 0.810546875 0.04296875 0.01953125
0 0.5341796875 0.7890625 0.041015625 0.0234375
0 0.5361328125 0.767578125 0.037109375 0.01953125
0 0.54296875 0.7431640625 0.04296875 0.025390625
0 0.544921875 0.7080078125 0.0390625 0.021484375
0 0.537109375 0.666015625 0.03515625 0.015625
0 0.537109375 0.6455078125 0.04296875 0.021484375
0 0.5341796875 0.580078125 0.033203125 0.01953125
0 0.529296875 0.5634765625 0.03515625 0.021484375
0 0.5341796875 0.5380859375 0.037109375 0.017578125
0 0.5302734375 0.515625 0.037109375 0.01953125
0 0.6083984375 0.515625 0.041015625 0.01953125
0 0.609375 0.5537109375 0.0390625 0.025390625
0 0.609375 0.4736328125 0.0390625 0.021484375
0 0.625 0.5908203125 0.04296875 0.021484375
0 0.615234375 0.4375 0.05078125 0.0234375
0 0.6123046875 0.416015625 0.044921875 0.01953125
0 0.6083984375 0.396484375 0.037109375 0.01953125
0 0.6044921875 0.373046875 0.033203125 0.01953125
0 0.6640625 0.4521484375 0.015625 0.029296875
0 0.58984375 0.2236328125 0.03515625 0.021484375
0 0.6259765625 0.6083984375 0.044921875 0.021484375
0 0.6142578125 0.646484375 0.037109375 0.01953125
0 0.62109375 0.6728515625 0.03515625 0.017578125
0 0.6220703125 0.6923828125 0.044921875 0.017578125
0 0.6240234375 0.7275390625 0.037109375 0.017578125
0 0.625 0.74609375 0.0390625 0.01953125
0 0.625 0.7666015625 0.04296875 0.017578125
0 0.6259765625 0.7861328125 0.041015625 0.021484375
0 0.626953125 0.806640625 0.0390625 0.015625
0 0.623046875 0.7099609375 0.03125 0.017578125
0 0.626953125 0.8251953125 0.0390625 0.021484375
0 0.6328125 0.85546875 0.04296875 0.01953125
0 0.6259765625 0.875 0.041015625 0.015625
0 0.6328125 0.890625 0.0390625 0.015625
0 0.63671875 0.9091796875 0.03515625 0.021484375
0 0.63671875 0.939453125 0.0390625 0.0234375
0 0.69140625 0.9580078125 0.01953125 0.041015625
0 0.6875 0.91015625 0.01953125 0.0390625
0 0.6875 0.8681640625 0.01953125 0.033203125
0 0.6845703125 0.8291015625 0.021484375 0.044921875
0 0.681640625 0.74609375 0.01953125 0.03515625
0 0.7333984375 0.744140625 0.037109375 0.01953125
0 0.7412109375 0.76171875 0.037109375 0.015625
0 0.7412109375 0.78125 0.037109375 0.0234375
0 0.7373046875 0.8076171875 0.041015625 0.017578125
0 0.748046875 0.826171875 0.0390625 0.01953125
0 0.7509765625 0.845703125 0.044921875 0.01953125
0 0.75390625 0.865234375 0.0390625 0.01953125
0 0.689453125 0.7841796875 0.0234375 0.041015625
0 0.75390625 0.8857421875 0.0390625 0.021484375
0 0.744140625 0.90625 0.04296875 0.01953125
0 0.744140625 0.92578125 0.04296875 0.01953125
0 0.73828125 0.9482421875 0.04296875 0.021484375
0 0.783203125 0.9599609375 0.03515625 0.021484375
0 0.783203125 0.8193359375 0.02734375 0.044921875
0 0.7705078125 0.75 0.017578125 0.0390625
0 0.8076171875 0.8857421875 0.021484375 0.037109375
0 0.8369140625 0.90625 0.021484375 0.046875
0 0.8427734375 0.9775390625 0.017578125 0.037109375
0 0.87890625 0.90234375 0.04296875 0.0234375
0 0.8818359375 0.8818359375 0.037109375 0.017578125
0 0.87890625 0.8466796875 0.03515625 0.021484375
0 0.875 0.828125 0.04296875 0.015625
0 0.8779296875 0.810546875 0.037109375 0.01953125
0 0.837890625 0.7646484375 0.015625 0.029296875
0 0.875 0.771484375 0.03515625 0.01953125
0 0.732421875 0.7236328125 0.0390625 0.021484375
0 0.67578125 0.685546875 0.0234375 0.04296875
0 0.67578125 0.630859375 0.01953125 0.04296875
0 0.7353515625 0.7001953125 0.033203125 0.017578125
0 0.744140625 0.68359375 0.03125 0.01953125
0 0.7294921875 0.615234375 0.037109375 0.01953125
0 0.7392578125 0.5966796875 0.037109375 0.017578125
0 0.7333984375 0.5615234375 0.041015625 0.021484375
0 0.734375 0.5244140625 0.04296875 0.017578125
0 0.669921875 0.54296875 0.0234375 0.0390625
0 0.763671875 0.5751953125 0.0390625 0.029296875
0 0.8115234375 0.6494140625 0.025390625 0.044921875
0 0.833984375 0.65625 0.01953125 0.03515625
0 0.8642578125 0.6201171875 0.041015625 0.021484375
0 0.8271484375 0.5810546875 0.025390625 0.044921875
0 0.796875 0.517578125 0.03515625 0.03125
0 0.73046875 0.505859375 0.03515625 0.01953125
0 0.734375 0.4853515625 0.0390625 0.017578125
0 0.734375 0.4638671875 0.0390625 0.025390625
0 0.7294921875 0.423828125 0.033203125 0.01953125
0 0.708984375 0.32421875 0.0390625 0.01953125
0 0.7099609375 0.3056640625 0.037109375 0.017578125
0 0.7099609375 0.287109375 0.037109375 0.01953125
0 0.716796875 0.2685546875 0.0390625 0.021484375
0 0.7861328125 0.3525390625 0.017578125 0.037109375
0 0.78515625 0.4091796875 0.01953125 0.037109375
0 0.705078125 0.2275390625 0.04296875 0.021484375
0 0.7060546875 0.1953125 0.041015625 0.02734375
0 0.7021484375 0.14453125 0.037109375 0.01953125
0 0.7119140625 0.05078125 0.037109375 0.02734375
0 0.7236328125 0.1259765625 0.037109375 0.021484375
0 0.849609375 0.37109375 0.04296875 0.0234375
0 0.8603515625 0.41015625 0.017578125 0.03125
0 0.9326171875 0.4326171875 0.025390625 0.033203125
0 0.8916015625 0.4638671875 0.048828125 0.029296875
0 0.986328125 0.94140625 0.015625 0.03515625
0 0.9658203125 0.9404296875 0.021484375 0.037109375
0 0.943359375 0.943359375 0.01953125 0.0390625
