0 0.2490234375 0.09375 0.044921875 0.0234375
0 0.431640625 0.41015625 0.0234375 0.04296875
0 0.5126953125 0.5166015625 0.029296875 0.044921875
0 0.5400390625 0.5205078125 0.025390625 0.033203125
0 0.5654296875 0.5126953125 0.025390625 0.037109375
0 0.8251953125 0.1611328125 0.044921875 0.033203125
0 0.83203125 0.1064453125 0.04296875 0.033203125
0 0.892578125 0.2236328125 0.0390625 0.025390625
0 0.6923828125 0.046875 0.037109375 0.0234375
0 0.4775390625 0.0830078125 0.041015625 0.021484375
