0 0.0322265625 0.783203125 0.017578125 0.03515625
0 0.02734375 0.740234375 0.015625 0.03515625
0 0.0224609375 0.654296875 0.013671875 0.03515625
0 0.17578125 0.8056640625 0.0234375 0.041015625
0 0.298828125 0.802734375 0.01953125 0.0390625
0 0.408203125 0.7978515625 0.01953125 0.037109375
0 0.328125 0.5712890625 0.0234375 0.025390625
0 0.3837890625 0.5595703125 0.041015625 0.017578125
0 0.48046875 0.5576171875 0.0390625 0.021484375
0 0.4619140625 0.5078125 0.041015625 0.01953125
0 0.6943359375 0.76171875 0.017578125 0.03125
0 0.75 0.7578125 0.015625 0.03515625
0 0.74609375 0.68359375 0.015625 0.0390625
0 0.6708984375 0.9609375 0.041015625 0.01953125
0 0.6689453125 0.91796875 0.041015625 0.015625
0 0.6728515625 0.939453125 0.041015625 0.015625
0 0.41015625 0.8740234375 0.01953125 0.009765625
1 0.94140625 0.3642578125 0.046875 0.021484375
0 0.9501953125 0.77734375 0.037109375 0.015625
0 0.9482421875 0.7587890625 0.041015625 0.017578125
0 0.9453125 0.716796875 0.03515625 0.015625
0 0.9482421875 0.6982421875 0.041015625 0.017578125
0 0.94921875 0.6806640625 0.03515625 0.013671875
1 0.8828125 0.0625 0.046875 0.0546875
1 0.95703125 0.103515625 0.0234375 0.05859375
0 0.896484375 0.189453125 0.04296875 0.01953125
0 0.900390625 0.16796875 0.04296875 0.0234375
0 0.8916015625 0.130859375 0.044921875 0.01953125
0 0.8935546875 0.107421875 0.041015625 0.0234375
