0 0.349609375 0.037109375 0.0390625 0.02734375
0 0.19921875 0.1923828125 0.04296875 0.033203125
0 0.71484375 0.15625 0.0234375 0.03125
0 0.8427734375 0.2548828125 0.029296875 0.033203125
0 0.953125 0.4326171875 0.03515625 0.037109375
0 0.9326171875 0.8017578125 0.029296875 0.037109375
0 0.9384765625 0.498046875 0.033203125 0.03125
0 0.7724609375 0.671875 0.044921875 0.03515625
0 0.6904296875 0.7470703125 0.041015625 0.025390625
0 0.927734375 0.8955078125 0.03515625 0.037109375
0 0.6025390625 0.505859375 0.025390625 0.0234375
0 0.5888671875 0.5732421875 0.021484375 0.021484375
0 0.62109375 0.556640625 0.01953125 0.01953125
0 0.65234375 0.5361328125 0.01953125 0.021484375
0 0.671875 0.5283203125 0.01953125 0.021484375
0 0.6875 0.517578125 0.01953125 0.01953125
0 0.703125 0.5087890625 0.01953125 0.021484375
0 0.7705078125 0.46875 0.017578125 0.01953125
0 0.8212890625 0.4423828125 0.021484375 0.021484375
0 0.4072265625 0.5595703125 0.041015625 0.033203125
0 0.466796875 0.5107421875 0.03515625 0.037109375
0 0.3603515625 0.4970703125 0.037109375 0.029296875
0 0.4765625 0.60546875 0.02734375 0.0390625
0 0.521484375 0.6708984375 0.03125 0.041015625
0 0.435546875 0.607421875 0.03125 0.03515625
0 0.6376953125 0.9609375 0.033203125 0.0390625
0 0.6572265625 0.9541015625 0.029296875 0.037109375
0 0.671875 0.9453125 0.02734375 0.0390625
0 0.6875 0.931640625 0.03125 0.03515625
0 0.736328125 0.9072265625 0.03125 0.037109375
0 0.798828125 0.8720703125 0.03125 0.037109375
0 0.8203125 0.8671875 0.03125 0.03515625
0 0.84765625 0.84375 0.03125 0.0390625
0 0.865234375 0.833984375 0.03125 0.03515625
0 0.8046875 0.97265625 0.02734375 0.03125
0 0.9677734375 0.921875 0.029296875 0.03515625
