0 0.8896484375 0.6455078125 0.048828125 0.017578125
0 0.7548828125 0.7421875 0.017578125 0.03515625
0 0.7734375 0.7353515625 0.015625 0.021484375
0 0.9345703125 0.7353515625 0.017578125 0.033203125
0 0.685546875 0.5283203125 0.015625 0.037109375
0 0.7060546875 0.5263671875 0.017578125 0.037109375
0 0.724609375 0.5244140625 0.015625 0.033203125
0 0.7861328125 0.2421875 0.021484375 0.0390625
0 0.8251953125 0.2373046875 0.021484375 0.033203125
0 0.7470703125 0.5263671875 0.017578125 0.037109375
0 0.888671875 0.1279296875 0.04296875 0.017578125
0 0.884765625 0.0859375 0.05078125 0.01953125
0 0.8876953125 0.1083984375 0.033203125 0.009765625
0 0.8916015625 0.16796875 0.033203125 0.015625
0 0.8916015625 0.1484375 0.033203125 0.01171875
0 0.8779296875 0.0087890625 0.041015625 0.017578125
0 0.625 0.5224609375 0.01953125 0.033203125
0 0.5625 0.5224609375 0.015625 0.029296875
0 0.544921875 0.5234375 0.01953125 0.02734375
0 0.5234375 0.525390625 0.015625 0.03515625
0 0.5 0.525390625 0.015625 0.02734375
0 0.478515625 0.5361328125 0.015625 0.029296875
0 0.4560546875 0.5888671875 0.021484375 0.041015625
0 0.3349609375 0.755859375 0.025390625 0.03515625
0 0.2626953125 0.7626953125 0.021484375 0.037109375
0 0.2841796875 0.7509765625 0.017578125 0.041015625
0 0.244140625 0.7607421875 0.015625 0.033203125
0 0.20703125 0.7578125 0.01953125 0.03515625
0 0.1875 0.7607421875 0.015625 0.037109375
0 0.169921875 0.7626953125 0.015625 0.041015625
0 0.15234375 0.7626953125 0.01953125 0.041015625
0 0.11328125 0.7626953125 0.01953125 0.044921875
0 0.1337890625 0.763671875 0.017578125 0.03515625
0 0.0732421875 0.7685546875 0.017578125 0.029296875
0 0.1953125 0.298828125 0.04296875 0.01953125
0 0.197265625 0.3369140625 0.03515625 0.017578125
0 0.1982421875 0.3623046875 0.033203125 0.017578125
0 0.2275390625 0.2666015625 0.021484375 0.041015625
0 0.193359375 0.279296875 0.0390625 0.01953125
0 0.19140625 0.2587890625 0.03515625 0.021484375
0 0.189453125 0.2392578125 0.03125 0.017578125
0 0.1923828125 0.21875 0.033203125 0.01953125
0 0.1875 0.1982421875 0.03125 0.017578125
0 0.1884765625 0.173828125 0.044921875 0.0234375
0 0.193359375 0.087890625 0.04296875 0.01953125
0 0.564453125 0.0927734375 0.04296875 0.025390625
0 0.6103515625 0.126953125 0.037109375 0.01953125
0 0.572265625 0.1484375 0.03515625 0.0234375
0 0.576171875 0.18359375 0.01953125 0.03515625
0 0.6123046875 0.1826171875 0.041015625 0.021484375
0 0.48046875 0.14453125 0.04296875 0.01953125
0 0.4716796875 0.125 0.037109375 0.01953125
0 0.4716796875 0.1044921875 0.037109375 0.021484375
0 0.6103515625 0.041015625 0.044921875 0.01953125
0 0.3759765625 0.7587890625 0.013671875 0.029296875
0 0.3955078125 0.7548828125 0.013671875 0.037109375
0 0.0908203125 0.763671875 0.017578125 0.0390625
0 0.4423828125 0.259765625 0.021484375 0.04296875
