0 0.017578125 0.017578125 0.03515625 0.01953125
0 0.072265625 0.0439453125 0.0234375 0.041015625
0 0.0751953125 0.1767578125 0.021484375 0.037109375
0 0.1513671875 0.1474609375 0.052734375 0.029296875
0 0.1123046875 0.2314453125 0.021484375 0.041015625
0 0.072265625 0.2705078125 0.01953125 0.037109375
0 0.0126953125 0.30078125 0.021484375 0.04296875
1 0.0751953125 0.890625 0.033203125 0.0625
0 0.123046875 0.9130859375 0.01953125 0.044921875
0 0.125 0.7470703125 0.01953125 0.033203125
0 0.1162109375 0.37109375 0.021484375 0.04296875
0 0.17578125 0.3310546875 0.04296875 0.025390625
0 0.2333984375 0.2568359375 0.017578125 0.041015625
0 0.2509765625 0.205078125 0.021484375 0.04296875
0 0.255859375 0.24609375 0.015625 0.0390625
0 0.2744140625 0.2138671875 0.013671875 0.033203125
0 0.2314453125 0.142578125 0.048828125 0.0234375
0 0.189453125 0.1005859375 0.02734375 0.037109375
0 0.2216796875 0.091796875 0.017578125 0.0390625
0 0.2685546875 0.091796875 0.025390625 0.0390625
0 0.310546875 0.0908203125 0.0234375 0.044921875
0 0.28125 0.0263671875 0.046875 0.021484375
0 0.23046875 0.02734375 0.03515625 0.01953125
0 0.296875 0.1455078125 0.0390625 0.021484375
0 0.3603515625 0.126953125 0.041015625 0.0390625
0 0.396484375 0.037109375 0.02734375 0.04296875
0 0.470703125 0.0791015625 0.01953125 0.041015625
0 0.4990234375 0.0869140625 0.013671875 0.033203125
0 0.5595703125 0.0205078125 0.021484375 0.025390625
0 0.5302734375 0.0283203125 0.021484375 0.013671875
0 0.54296875 0.0107421875 0.01171875 0.017578125
0 0.595703125 0.08984375 0.01953125 0.03515625
0 0.7314453125 0.087890625 0.017578125 0.03125
0 0.7548828125 0.0869140625 0.017578125 0.033203125
0 0.7783203125 0.087890625 0.017578125 0.03515625
0 0.8017578125 0.0888671875 0.017578125 0.037109375
0 0.8232421875 0.08203125 0.017578125 0.03515625
0 0.9130859375 0.0791015625 0.017578125 0.037109375
0 0.9580078125 0.078125 0.017578125 0.03515625
0 0.9765625 0.41796875 0.015625 0.03515625
0 0.9560546875 0.419921875 0.017578125 0.0390625
0 0.9091796875 0.423828125 0.021484375 0.03515625
0 0.8837890625 0.4208984375 0.021484375 0.033203125
0 0.8603515625 0.423828125 0.021484375 0.0390625
0 0.833984375 0.4306640625 0.0234375 0.037109375
0 0.892578125 0.4541015625 0.06640625 0.021484375
0 0.7529296875 0.4560546875 0.048828125 0.017578125
0 0.74609375 0.4306640625 0.0234375 0.033203125
0 0.720703125 0.4306640625 0.015625 0.033203125
0 0.701171875 0.43359375 0.01953125 0.0390625
0 0.6611328125 0.4345703125 0.017578125 0.029296875
0 0.6376953125 0.43359375 0.017578125 0.03125
0 0.6162109375 0.4345703125 0.013671875 0.033203125
0 0.5908203125 0.431640625 0.017578125 0.03515625
0 0.595703125 0.4765625 0.0390625 0.01953125
0 0.5400390625 0.455078125 0.044921875 0.01953125
0 0.5478515625 0.4990234375 0.044921875 0.021484375
0 0.486328125 0.44140625 0.0234375 0.0390625
0 0.4638671875 0.4423828125 0.021484375 0.037109375
0 0.4404296875 0.443359375 0.017578125 0.03515625
0 0.4169921875 0.439453125 0.017578125 0.03125
0 0.4423828125 0.4892578125 0.044921875 0.037109375
0 0.3935546875 0.447265625 0.021484375 0.04296875
0 0.3720703125 0.439453125 0.017578125 0.03515625
0 0.3505859375 0.4423828125 0.017578125 0.041015625
0 0.3310546875 0.443359375 0.021484375 0.04296875
0 0.3681640625 0.4033203125 0.029296875 0.021484375
0 0.36328125 0.3388671875 0.0234375 0.021484375
0 0.296875 0.2578125 0.01953125 0.03125
0 0.298828125 0.3388671875 0.01953125 0.033203125
0 0.2451171875 0.333984375 0.025390625 0.0234375
0 0.390625 0.2109375 0.015625 0.0390625
0 0.4130859375 0.212890625 0.017578125 0.0390625
0 0.462890625 0.2080078125 0.01953125 0.029296875
0 0.5 0.20703125 0.015625 0.03125
0 0.53125 0.19140625 0.03125 0.015625
0 0.5830078125 0.1982421875 0.037109375 0.013671875
0 0.6279296875 0.1875 0.021484375 0.0234375
0 0.62890625 0.2099609375 0.03515625 0.013671875
0 0.67578125 0.1982421875 0.01953125 0.041015625
0 0.771484375 0.1962890625 0.0234375 0.033203125
0 0.833984375 0.1875 0.0234375 0.04296875
0 0.8720703125 0.17578125 0.017578125 0.02734375
0 0.8740234375 0.19921875 0.029296875 0.01171875
0 0.8974609375 0.1796875 0.017578125 0.03125
0 0.9228515625 0.18359375 0.013671875 0.03515625
0 0.9443359375 0.1826171875 0.013671875 0.037109375
0 0.9658203125 0.1796875 0.017578125 0.03515625
0 0.9111328125 0.212890625 0.033203125 0.015625
0 0.9853515625 0.1806640625 0.017578125 0.033203125
0 0.9853515625 0.51171875 0.017578125 0.04296875
0 0.9892578125 0.5625 0.017578125 0.0390625
0 0.97265625 0.6181640625 0.03515625 0.021484375
0 0.9521484375 0.556640625 0.021484375 0.0390625
0 0.9326171875 0.5166015625 0.017578125 0.041015625
0 0.8720703125 0.5166015625 0.017578125 0.041015625
0 0.8486328125 0.5146484375 0.017578125 0.041015625
0 0.892578125 0.64453125 0.04296875 0.0234375
0 0.9521484375 0.689453125 0.021484375 0.04296875
0 0.9736328125 0.6904296875 0.021484375 0.033203125
0 0.8896484375 0.677734375 0.044921875 0.01953125
0 0.88671875 0.7001953125 0.0390625 0.009765625
0 0.888671875 0.7138671875 0.03515625 0.017578125
0 0.841796875 0.7255859375 0.01953125 0.044921875
0 0.890625 0.7685546875 0.046875 0.021484375
0 0.8310546875 0.7763671875 0.041015625 0.017578125
0 0.787109375 0.7744140625 0.03515625 0.017578125
0 0.78515625 0.7294921875 0.01953125 0.037109375
0 0.7666015625 0.7294921875 0.017578125 0.037109375
0 0.748046875 0.728515625 0.01953125 0.0390625
0 0.71484375 0.7294921875 0.01953125 0.037109375
0 0.6689453125 0.759765625 0.021484375 0.04296875
0 0.697265625 0.8310546875 0.01953125 0.037109375
0 0.7880859375 0.8291015625 0.017578125 0.037109375
0 0.3671875 0.5625 0.04296875 0.0234375
0 0.3740234375 0.6005859375 0.041015625 0.017578125
0 0.375 0.6220703125 0.04296875 0.025390625
0 0.376953125 0.68359375 0.0390625 0.0234375
0 0.3837890625 0.7412109375 0.037109375 0.017578125
0 0.3828125 0.76953125 0.0390625 0.0234375
0 0.3837890625 0.80859375 0.033203125 0.015625
0 0.384765625 0.8251953125 0.03515625 0.017578125
0 0.38671875 0.8447265625 0.03515625 0.021484375
0 0.2001953125 0.8583984375 0.021484375 0.021484375
0 0.20703125 0.8798828125 0.0234375 0.021484375
0 0.2080078125 0.9072265625 0.021484375 0.021484375
0 0.2099609375 0.9521484375 0.029296875 0.025390625
0 0.306640625 0.904296875 0.01953125 0.03125
0 0.263671875 0.9345703125 0.0390625 0.017578125
0 0.2626953125 0.955078125 0.025390625 0.01171875
0 0.2744140625 0.96875 0.025390625 0.015625
0 0.2646484375 0.9892578125 0.033203125 0.013671875
0 0.40234375 0.9521484375 0.01953125 0.037109375
