0 0.322265625 0.041015625 0.015625 0.03515625
0 0.3447265625 0.0390625 0.017578125 0.03515625
0 0.5654296875 0.0185546875 0.029296875 0.013671875
0 0.568359375 0.0576171875 0.03125 0.017578125
0 0.3193359375 0.4150390625 0.017578125 0.033203125
0 0.4267578125 0.4150390625 0.017578125 0.033203125
0 0.365234375 0.4091796875 0.01953125 0.029296875
0 0.5185546875 0.404296875 0.013671875 0.02734375
0 0.541015625 0.412109375 0.01953125 0.0390625
0 0.5947265625 0.3466796875 0.037109375 0.021484375
0 0.58203125 0.2939453125 0.04296875 0.017578125
0 0.09375 0.7890625 0.0390625 0.01953125
0 0.6884765625 0.4091796875 0.044921875 0.021484375
0 0.7412109375 0.267578125 0.017578125 0.03125
0 0.7431640625 0.5078125 0.029296875 0.0390625
0 0.68359375 0.5400390625 0.0390625 0.017578125
0 0.5947265625 0.25390625 0.041015625 0.0234375
0 0.599609375 0.6240234375 0.03125 0.013671875
0 0.6044921875 0.642578125 0.037109375 0.015625
0 0.6796875 0.623046875 0.03515625 0.015625
0 0.69140625 0.640625 0.03515625 0.01953125
0 0.7578125 0.6103515625 0.0234375 0.037109375
0 0.5927734375 0.55078125 0.037109375 0.01953125
0 0.6171875 0.767578125 0.0390625 0.015625
0 0.666015625 0.734375 0.03515625 0.015625
0 0.751953125 0.7587890625 0.046875 0.021484375
0 0.8583984375 0.73046875 0.041015625 0.01953125
0 0.830078125 0.3515625 0.03125 0.015625
0 0.8310546875 0.3310546875 0.037109375 0.017578125
0 0.7958984375 0.294921875 0.021484375 0.0390625
0 0.833984375 0.3095703125 0.03515625 0.017578125
0 0.8291015625 0.287109375 0.037109375 0.015625
0 0.8251953125 0.2705078125 0.037109375 0.017578125
0 0.8291015625 0.2509765625 0.037109375 0.013671875
0 0.82421875 0.1826171875 0.03515625 0.017578125
0 0.830078125 0.203125 0.03515625 0.01171875
0 0.830078125 0.2255859375 0.03515625 0.017578125
0 0.0126953125 0.92578125 0.021484375 0.03515625
0 0.0380859375 0.923828125 0.017578125 0.03125
0 0.05859375 0.9267578125 0.015625 0.029296875
0 0.08203125 0.9267578125 0.015625 0.037109375
0 0.15234375 0.9228515625 0.015625 0.033203125
0 0.1689453125 0.8671875 0.033203125 0.01953125
0 0.17578125 0.927734375 0.015625 0.03125
0 0.193359375 0.919921875 0.015625 0.03515625
0 0.248046875 0.9189453125 0.01953125 0.037109375
0 0.2666015625 0.919921875 0.017578125 0.03515625
0 0.322265625 0.8623046875 0.0390625 0.017578125
0 0.4638671875 0.8564453125 0.037109375 0.021484375
0 0.3115234375 0.91796875 0.017578125 0.0390625
0 0.35546875 0.91796875 0.0234375 0.0390625
0 0.37890625 0.9189453125 0.015625 0.037109375
0 0.4013671875 0.9208984375 0.013671875 0.037109375
0 0.4228515625 0.916015625 0.017578125 0.03515625
0 0.44921875 0.919921875 0.0234375 0.03515625
0 0.4716796875 0.9130859375 0.017578125 0.041015625
0 0.5 0.9423828125 0.03125 0.033203125
0 0.49609375 0.986328125 0.0390625 0.015625
0 0.53515625 0.8544921875 0.03125 0.017578125
0 0.5732421875 0.8505859375 0.029296875 0.017578125
0 0.611328125 0.849609375 0.03515625 0.015625
0 0.66015625 0.8486328125 0.03515625 0.017578125
0 0.7197265625 0.8466796875 0.037109375 0.017578125
0 0.6552734375 0.9169921875 0.041015625 0.021484375
0 0.548828125 0.9912109375 0.03125 0.013671875
0 0.587890625 0.9736328125 0.015625 0.037109375
0 0.6572265625 0.947265625 0.037109375 0.015625
0 0.65625 0.9833984375 0.03515625 0.017578125
0 0.8798828125 0.896484375 0.017578125 0.03125
0 0.9052734375 0.8935546875 0.013671875 0.033203125
0 0.927734375 0.8955078125 0.015625 0.033203125
0 0.9794921875 0.8359375 0.037109375 0.015625
0 0.951171875 0.89453125 0.01171875 0.03515625
0 0.5458984375 0.9482421875 0.029296875 0.017578125
1 0.103515625 0.8623046875 0.08203125 0.021484375
1 0.38671875 0.853515625 0.08203125 0.01953125
1 0.8212890625 0.8359375 0.080078125 0.01953125
1 0.912109375 0.83203125 0.08203125 0.01953125
1 0.5400390625 0.9677734375 0.056640625 0.017578125
