0 0.92578125 0.021484375 0.0390625 0.01953125
0 0.9287109375 0.0419921875 0.044921875 0.021484375
0 0.9306640625 0.0859375 0.041015625 0.01953125
0 0.9267578125 0.1650390625 0.037109375 0.017578125
0 0.9326171875 0.1865234375 0.025390625 0.013671875
0 0.9326171875 0.2099609375 0.041015625 0.021484375
0 0.935546875 0.2314453125 0.03515625 0.021484375
0 0.9365234375 0.2529296875 0.041015625 0.017578125
0 0.9375 0.271484375 0.04296875 0.015625
0 0.9375 0.29296875 0.04296875 0.01953125
0 0.939453125 0.314453125 0.04296875 0.015625
0 0.9365234375 0.3330078125 0.037109375 0.013671875
0 0.9384765625 0.3564453125 0.037109375 0.017578125
0 0.94140625 0.3798828125 0.04296875 0.017578125
0 0.9443359375 0.3974609375 0.041015625 0.013671875
0 0.943359375 0.478515625 0.04296875 0.01953125
0 0.947265625 0.51953125 0.0390625 0.015625
0 0.947265625 0.54296875 0.04296875 0.015625
0 0.94921875 0.5625 0.04296875 0.015625
0 0.94921875 0.5830078125 0.04296875 0.017578125
0 0.5810546875 0.01171875 0.041015625 0.015625
0 0.587890625 0.0302734375 0.046875 0.021484375
0 0.580078125 0.0615234375 0.046875 0.025390625
0 0.59375 0.189453125 0.046875 0.0234375
0 0.5703125 0.25 0.0390625 0.04296875
0 0.6044921875 0.2978515625 0.044921875 0.025390625
0 0.6826171875 0.341796875 0.021484375 0.04296875
0 0.5146484375 0.234375 0.021484375 0.0390625
0 0.490234375 0.23828125 0.015625 0.03515625
0 0.43359375 0.2431640625 0.01953125 0.041015625
0 0.39453125 0.23046875 0.04296875 0.01953125
0 0.39453125 0.2109375 0.04296875 0.01953125
0 0.60546875 0.4501953125 0.04296875 0.017578125
0 0.6044921875 0.4677734375 0.041015625 0.017578125
0 0.5966796875 0.48828125 0.041015625 0.015625
0 0.6904296875 0.5107421875 0.021484375 0.041015625
0 0.3994140625 0.34765625 0.041015625 0.01953125
0 0.6943359375 0.66015625 0.021484375 0.046875
0 0.72265625 0.70703125 0.01953125 0.03515625
0 0.380859375 0.5751953125 0.03515625 0.037109375
0 0.3134765625 0.49609375 0.037109375 0.01953125
0 0.3115234375 0.4755859375 0.044921875 0.017578125
0 0.3076171875 0.4365234375 0.041015625 0.017578125
0 0.3046875 0.40234375 0.0390625 0.015625
0 0.302734375 0.3828125 0.0390625 0.015625
0 0.302734375 0.365234375 0.0390625 0.015625
0 0.2939453125 0.34765625 0.033203125 0.015625
0 0.279296875 0.3251953125 0.03515625 0.017578125
0 0.2958984375 0.2802734375 0.044921875 0.021484375
0 0.2978515625 0.2431640625 0.037109375 0.017578125
0 0.2958984375 0.220703125 0.037109375 0.015625
0 0.2958984375 0.19921875 0.029296875 0.015625
0 0.2939453125 0.1787109375 0.029296875 0.013671875
0 0.326171875 0.16015625 0.015625 0.0390625
0 0.3935546875 0.2861328125 0.017578125 0.037109375
0 0.291015625 0.1552734375 0.0390625 0.017578125
0 0.28515625 0.1357421875 0.03515625 0.021484375
0 0.2900390625 0.1142578125 0.033203125 0.013671875
0 0.2861328125 0.0927734375 0.044921875 0.017578125
0 0.2890625 0.07421875 0.0390625 0.01953125
0 0.287109375 0.0341796875 0.04296875 0.017578125
0 0.283203125 0.013671875 0.03515625 0.015625
0 0.0126953125 0.58203125 0.017578125 0.0390625
0 0.033203125 0.5859375 0.01171875 0.02734375
0 0.0537109375 0.583984375 0.017578125 0.03125
0 0.078125 0.5830078125 0.015625 0.033203125
0 0.146484375 0.5849609375 0.01953125 0.041015625
0 0.23046875 0.578125 0.0234375 0.04296875
0 0.2568359375 0.580078125 0.017578125 0.0390625
0 0.2802734375 0.580078125 0.017578125 0.03515625
0 0.2412109375 0.8369140625 0.029296875 0.037109375
0 0.271484375 0.837890625 0.03125 0.0390625
0 0.3017578125 0.837890625 0.029296875 0.0390625
0 0.3330078125 0.837890625 0.033203125 0.0390625
0 0.365234375 0.8388671875 0.03125 0.041015625
0 0.3955078125 0.8349609375 0.029296875 0.033203125
0 0.427734375 0.8330078125 0.015625 0.037109375
0 0.4697265625 0.87890625 0.033203125 0.01953125
0 0.521484375 0.875 0.04296875 0.0234375
0 0.56640625 0.8681640625 0.03125 0.021484375
0 0.7216796875 0.8515625 0.041015625 0.04296875
1 0.62890625 0.935546875 0.05859375 0.0234375
0 0.7783203125 0.900390625 0.048828125 0.02734375
0 0.82421875 0.9267578125 0.04296875 0.025390625
0 0.8173828125 0.8212890625 0.025390625 0.041015625
0 0.8544921875 0.8134765625 0.021484375 0.041015625
0 0.765625 0.76953125 0.03125 0.01953125
0 0.9521484375 0.66796875 0.037109375 0.01953125
0 0.953125 0.6884765625 0.0390625 0.021484375
0 0.95703125 0.7099609375 0.03125 0.021484375
0 0.958984375 0.73046875 0.03515625 0.01953125
0 0.9609375 0.75 0.0390625 0.01953125
0 0.9619140625 0.76953125 0.041015625 0.01953125
