0 0.705078125 0.61328125 0.046875 0.0234375
0 0.7099609375 0.5576171875 0.037109375 0.021484375
1 0.6796875 0.9345703125 0.0234375 0.064453125
0 0.4208984375 0.9521484375 0.021484375 0.037109375
0 0.0625 0.92578125 0.01953125 0.03515625
0 0.0615234375 0.8876953125 0.017578125 0.029296875
0 0.0625 0.849609375 0.015625 0.02734375
0 0.109375 0.8359375 0.0390625 0.01953125
0 0.103515625 0.8056640625 0.04296875 0.021484375
0 0.0576171875 0.767578125 0.017578125 0.03515625
0 0.1015625 0.72265625 0.0390625 0.01953125
0 0.0419921875 0.484375 0.017578125 0.03515625
0 0.0419921875 0.4384765625 0.017578125 0.033203125
0 0.037109375 0.26953125 0.015625 0.03125
0 0.0302734375 0.1796875 0.017578125 0.03515625
0 0.03515625 0.23046875 0.015625 0.02734375
0 0.0751953125 0.208984375 0.037109375 0.01953125
0 0.0693359375 0.2509765625 0.033203125 0.013671875
0 0.0732421875 0.142578125 0.029296875 0.01171875
0 0.3583984375 0.7109375 0.017578125 0.03515625
0 0.421875 0.44921875 0.02734375 0.0390625
0 0.33203125 0.109375 0.01953125 0.0390625
0 0.3447265625 0.3798828125 0.017578125 0.033203125
0 0.3525390625 0.55078125 0.013671875 0.0390625
