0 0.98828125 0.7607421875 0.015625 0.037109375
0 0.970703125 0.7626953125 0.015625 0.041015625
0 0.953125 0.7626953125 0.01953125 0.041015625
0 0.9140625 0.7626953125 0.01953125 0.044921875
0 0.9345703125 0.763671875 0.017578125 0.03515625
0 0.8740234375 0.7685546875 0.017578125 0.029296875
0 0.7314453125 0.7939453125 0.025390625 0.041015625
0 0.7607421875 0.7802734375 0.017578125 0.037109375
0 0.6015625 0.7568359375 0.04296875 0.021484375
0 0.5947265625 0.7802734375 0.041015625 0.021484375
0 0.609375 0.8447265625 0.0390625 0.025390625
0 0.6123046875 0.8671875 0.037109375 0.01953125
0 0.4072265625 0.7197265625 0.041015625 0.021484375
0 0.4931640625 0.771484375 0.041015625 0.0234375
0 0.5068359375 0.80859375 0.041015625 0.0234375
0 0.4921875 0.8525390625 0.0390625 0.021484375
0 0.5 0.875 0.04296875 0.0234375
0 0.25390625 0.6484375 0.01953125 0.03515625
0 0.2333984375 0.6484375 0.021484375 0.03515625
0 0.296875 0.53515625 0.01953125 0.0390625
0 0.1669921875 0.58984375 0.037109375 0.0234375
0 0.060546875 0.6552734375 0.0234375 0.041015625
0 0.029296875 0.705078125 0.0390625 0.01953125
0 0.107421875 0.728515625 0.03125 0.015625
0 0.185546875 0.69921875 0.03515625 0.01953125
0 0.2919921875 0.7255859375 0.033203125 0.017578125
0 0.294921875 0.638671875 0.015625 0.03515625
0 0.2685546875 0.5380859375 0.017578125 0.041015625
0 0.1328125 0.474609375 0.01953125 0.03125
0 0.365234375 0.3193359375 0.01953125 0.041015625
0 0.3701171875 0.232421875 0.021484375 0.0390625
0 0.4052734375 0.193359375 0.021484375 0.046875
0 0.3173828125 0.1357421875 0.041015625 0.021484375
0 0.322265625 0.181640625 0.04296875 0.01953125
0 0.322265625 0.201171875 0.03515625 0.01953125
0 0.32421875 0.2216796875 0.0390625 0.021484375
0 0.32421875 0.244140625 0.0390625 0.0234375
0 0.3173828125 0.11328125 0.033203125 0.0234375
0 0.31640625 0.0908203125 0.03515625 0.021484375
0 0.3154296875 0.0703125 0.029296875 0.01953125
0 0.3125 0.05078125 0.03515625 0.01953125
0 0.3115234375 0.0263671875 0.037109375 0.017578125
0 0.3076171875 0.0087890625 0.044921875 0.017578125
0 0.427734375 0.017578125 0.0234375 0.015625
0 0.4287109375 0.0390625 0.029296875 0.01953125
0 0.3828125 0.0234375 0.01953125 0.02734375
0 0.66796875 0.1669921875 0.04296875 0.021484375
0 0.7587890625 0.08203125 0.021484375 0.0390625
0 0.65234375 0.185546875 0.03515625 0.01953125
0 0.65234375 0.203125 0.04296875 0.015625
0 0.6513671875 0.220703125 0.033203125 0.01953125
0 0.6513671875 0.2412109375 0.044921875 0.017578125
0 0.6513671875 0.2587890625 0.044921875 0.017578125
0 0.650390625 0.2763671875 0.04296875 0.017578125
0 0.654296875 0.2958984375 0.05078125 0.021484375
0 0.033203125 0.2451171875 0.015625 0.041015625
0 0.0791015625 0.244140625 0.009765625 0.03515625
0 0.65625 0.40234375 0.0390625 0.01953125
0 0.658203125 0.419921875 0.04296875 0.015625
0 0.666015625 0.4384765625 0.04296875 0.021484375
0 0.666015625 0.4580078125 0.04296875 0.017578125
0 0.662109375 0.4765625 0.046875 0.01953125
0 0.720703125 0.4296875 0.015625 0.04296875
0 0.80078125 0.4462890625 0.015625 0.033203125
0 0.7841796875 0.208984375 0.033203125 0.0234375
0 0.7880859375 0.13671875 0.017578125 0.0390625
0 0.4287109375 0.873046875 0.021484375 0.03515625
0 0.453125 0.8818359375 0.01953125 0.041015625
0 0.388671875 0.0673828125 0.015625 0.029296875
0 0.8916015625 0.763671875 0.017578125 0.0390625
0 0.5263671875 0.96875 0.048828125 0.0234375
0 0.4404296875 0.947265625 0.041015625 0.0234375
0 0.6865234375 0.9521484375 0.041015625 0.025390625
