0 0.7197265625 0.98828125 0.037109375 0.01953125
0 0.7158203125 0.9716796875 0.033203125 0.013671875
0 0.712890625 0.9541015625 0.0390625 0.021484375
0 0.71484375 0.9404296875 0.03515625 0.017578125
0 0.7158203125 0.9228515625 0.044921875 0.017578125
0 0.71484375 0.9052734375 0.03515625 0.017578125
0 0.7099609375 0.8857421875 0.044921875 0.021484375
0 0.7119140625 0.8671875 0.041015625 0.015625
0 0.712890625 0.8505859375 0.0390625 0.017578125
0 0.7099609375 0.833984375 0.044921875 0.015625
0 0.7109375 0.81640625 0.04296875 0.01953125
0 0.6650390625 0.76953125 0.033203125 0.01953125
0 0.7060546875 0.751953125 0.041015625 0.01953125
0 0.3916015625 0.6796875 0.044921875 0.01953125
0 0.392578125 0.6982421875 0.046875 0.017578125
0 0.39453125 0.7216796875 0.04296875 0.021484375
0 0.3974609375 0.7412109375 0.048828125 0.017578125
0 0.39453125 0.7587890625 0.04296875 0.017578125
0 0.396484375 0.779296875 0.046875 0.0234375
0 0.396484375 0.80078125 0.046875 0.01953125
0 0.3984375 0.880859375 0.0390625 0.015625
0 0.3984375 0.8603515625 0.0390625 0.025390625
0 0.4013671875 0.904296875 0.044921875 0.01953125
0 0.40234375 0.9267578125 0.0390625 0.017578125
0 0.4033203125 0.9443359375 0.041015625 0.017578125
0 0.45703125 0.958984375 0.01953125 0.03515625
0 0.4033203125 0.9609375 0.041015625 0.015625
0 0.4091796875 0.9765625 0.037109375 0.015625
0 0.1318359375 0.875 0.041015625 0.015625
0 0.126953125 0.857421875 0.03515625 0.01953125
0 0.0810546875 0.8779296875 0.044921875 0.017578125
0 0.0751953125 0.8056640625 0.041015625 0.021484375
0 0.01171875 0.7919921875 0.0234375 0.037109375
0 0.119140625 0.75390625 0.04296875 0.01953125
0 0.1220703125 0.78515625 0.041015625 0.01953125
0 0.072265625 0.76953125 0.03515625 0.01953125
0 0.1279296875 0.8212890625 0.041015625 0.017578125
0 0.1259765625 0.8388671875 0.037109375 0.017578125
0 0.126953125 0.8037109375 0.03125 0.017578125
0 0.0166015625 0.4833984375 0.017578125 0.041015625
0 0.0341796875 0.482421875 0.017578125 0.0390625
0 0.0537109375 0.482421875 0.021484375 0.0390625
0 0.07421875 0.4794921875 0.01953125 0.033203125
0 0.0927734375 0.478515625 0.017578125 0.03125
0 0.111328125 0.4775390625 0.01953125 0.029296875
0 0.1318359375 0.4814453125 0.021484375 0.037109375
0 0.068359375 0.5966796875 0.03515625 0.021484375
0 0.072265625 0.615234375 0.04296875 0.015625
0 0.0673828125 0.634765625 0.048828125 0.01953125
0 0.068359375 0.65234375 0.03515625 0.015625
0 0.068359375 0.685546875 0.04296875 0.01953125
0 0.0732421875 0.7021484375 0.041015625 0.013671875
0 0.0712890625 0.7177734375 0.037109375 0.017578125
0 0.115234375 0.6328125 0.046875 0.015625
0 0.115234375 0.6494140625 0.03515625 0.017578125
0 0.1171875 0.66796875 0.0390625 0.01953125
0 0.1171875 0.6845703125 0.0390625 0.013671875
0 0.12109375 0.701171875 0.046875 0.01953125
0 0.4443359375 0.64453125 0.013671875 0.03515625
0 0.44921875 0.7275390625 0.015625 0.029296875
0 0.3857421875 0.5947265625 0.037109375 0.017578125
0 0.384765625 0.576171875 0.0390625 0.01953125
0 0.384765625 0.5576171875 0.0390625 0.017578125
0 0.3857421875 0.5400390625 0.037109375 0.017578125
0 0.3818359375 0.5 0.041015625 0.01953125
0 0.3828125 0.48046875 0.0390625 0.01953125
0 0.4892578125 0.4541015625 0.041015625 0.021484375
0 0.48828125 0.47265625 0.0390625 0.015625
0 0.4892578125 0.4912109375 0.041015625 0.021484375
0 0.580078125 0.4765625 0.01953125 0.0390625
0 0.6455078125 0.544921875 0.041015625 0.01953125
0 0.6513671875 0.59375 0.041015625 0.01953125
0 0.697265625 0.560546875 0.03515625 0.01953125
0 0.6953125 0.54296875 0.03125 0.015625
0 0.6953125 0.5263671875 0.03125 0.017578125
0 0.6982421875 0.578125 0.037109375 0.015625
0 0.7001953125 0.5947265625 0.041015625 0.017578125
0 0.701171875 0.61328125 0.0390625 0.01953125
0 0.7021484375 0.630859375 0.041015625 0.015625
0 0.703125 0.6474609375 0.04296875 0.017578125
0 0.7041015625 0.666015625 0.044921875 0.01953125
0 0.703125 0.6826171875 0.04296875 0.013671875
0 0.7041015625 0.6943359375 0.033203125 0.017578125
0 0.7041015625 0.7158203125 0.033203125 0.013671875
0 0.7060546875 0.73046875 0.037109375 0.015625
0 0.66015625 0.7392578125 0.03125 0.017578125
0 0.66015625 0.6875 0.0390625 0.015625
0 0.6591796875 0.6474609375 0.037109375 0.017578125
0 0.8037109375 0.74609375 0.017578125 0.02734375
0 0.37890625 0.419921875 0.04296875 0.01953125
0 0.3212890625 0.3955078125 0.037109375 0.017578125
0 0.33203125 0.44921875 0.03515625 0.0234375
0 0.3779296875 0.37890625 0.041015625 0.015625
0 0.376953125 0.361328125 0.04296875 0.01953125
0 0.375 0.3017578125 0.04296875 0.021484375
0 0.3740234375 0.2587890625 0.041015625 0.017578125
0 0.4287109375 0.2978515625 0.017578125 0.037109375
0 0.076171875 0.2080078125 0.01953125 0.044921875
0 0.1005859375 0.20703125 0.013671875 0.03515625
0 0.095703125 0.1201171875 0.01953125 0.041015625
0 0.1201171875 0.1181640625 0.017578125 0.041015625
0 0.025390625 0.12109375 0.015625 0.0390625
0 0.0498046875 0.119140625 0.017578125 0.046875
0 0.669921875 0.0107421875 0.0390625 0.017578125
0 0.6728515625 0.048828125 0.041015625 0.01953125
0 0.67578125 0.0849609375 0.04296875 0.017578125
0 0.6806640625 0.115234375 0.037109375 0.01953125
0 0.681640625 0.1337890625 0.0390625 0.017578125
0 0.68359375 0.15234375 0.04296875 0.01953125
0 0.6904296875 0.1845703125 0.041015625 0.017578125
0 0.6865234375 0.201171875 0.033203125 0.015625
0 0.6904296875 0.21875 0.025390625 0.01953125
0 0.6904296875 0.23828125 0.041015625 0.015625
0 0.689453125 0.25390625 0.0390625 0.015625
0 0.6904296875 0.2705078125 0.041015625 0.017578125
0 0.6884765625 0.322265625 0.044921875 0.015625
0 0.6875 0.33984375 0.04296875 0.01953125
0 0.6875 0.359375 0.04296875 0.01953125
0 0.693359375 0.3798828125 0.04296875 0.021484375
0 0.689453125 0.4111328125 0.046875 0.021484375
0 0.69140625 0.4443359375 0.04296875 0.017578125
0 0.6923828125 0.4638671875 0.044921875 0.021484375
0 0.53515625 0.53515625 0.03515625 0.01953125
0 0.4345703125 0.4091796875 0.021484375 0.029296875
0 0.31640625 0.109375 0.0234375 0.0390625
0 0.40234375 0.0859375 0.01953125 0.03515625
0 0.375 0.0849609375 0.015625 0.025390625
0 0.349609375 0.1015625 0.015625 0.03515625
0 0.943359375 0.154296875 0.03515625 0.01953125
0 0.8544921875 0.9755859375 0.037109375 0.021484375
0 0.134765625 0.970703125 0.03515625 0.02734375
0 0.01953125 0.9716796875 0.03515625 0.017578125
0 0.078125 0.837890625 0.046875 0.015625
0 0.1142578125 0.59375 0.033203125 0.015625
0 0.1162109375 0.6162109375 0.044921875 0.017578125
0 0.37890625 0.3212890625 0.04296875 0.017578125
0 0.3779296875 0.3408203125 0.041015625 0.021484375
0 0.373046875 0.2392578125 0.03515625 0.021484375
