0 0.9208984375 0.1162109375 0.029296875 0.037109375
0 0.7353515625 0.59375 0.021484375 0.03515625
0 0.8076171875 0.5927734375 0.017578125 0.037109375
0 0.8291015625 0.59375 0.017578125 0.03515625
0 0.849609375 0.5576171875 0.01953125 0.033203125
0 0.849609375 0.5185546875 0.01953125 0.037109375
0 0.677734375 0.6533203125 0.0390625 0.021484375
0 0.681640625 0.673828125 0.0390625 0.01953125
0 0.7109375 0.59375 0.01953125 0.0390625
0 0.5703125 0.431640625 0.03515625 0.015625
0 0.57421875 0.451171875 0.03515625 0.015625
0 0.5732421875 0.470703125 0.033203125 0.015625
0 0.5751953125 0.4892578125 0.033203125 0.017578125
0 0.6533203125 0.59765625 0.017578125 0.0390625
0 0.6484375 0.5126953125 0.03125 0.017578125
0 0.6533203125 0.55078125 0.033203125 0.01953125
0 0.583984375 0.662109375 0.03515625 0.01953125
0 0.587890625 0.685546875 0.0390625 0.01953125
0 0.5810546875 0.58984375 0.037109375 0.0234375
0 0.763671875 0.654296875 0.0234375 0.02734375
0 0.7421875 0.6533203125 0.0234375 0.029296875
0 0.6201171875 0.06640625 0.037109375 0.0234375
0 0.578125 0.611328125 0.03515625 0.015625
