0 0.73046875 0.0224609375 0.0234375 0.041015625
0 0.0234375 0.06640625 0.0234375 0.04296875
0 0.03515625 0.1591796875 0.0234375 0.037109375
0 0.0712890625 0.54296875 0.021484375 0.03125
0 0.189453125 0.6552734375 0.01953125 0.037109375
0 0.2197265625 0.6708984375 0.025390625 0.037109375
0 0.23046875 0.9677734375 0.0234375 0.041015625
0 0.7021484375 0.9453125 0.037109375 0.01953125
0 0.7119140625 0.8515625 0.037109375 0.02734375
0 0.6982421875 0.796875 0.033203125 0.01953125
0 0.7236328125 0.9267578125 0.037109375 0.021484375
0 0.7578125 0.67578125 0.0234375 0.03125
0 0.7109375 0.6181640625 0.0390625 0.021484375
0 0.6923828125 0.5712890625 0.037109375 0.021484375
0 0.7060546875 0.447265625 0.021484375 0.0390625
0 0.740234375 0.3330078125 0.02734375 0.044921875
0 0.732421875 0.1591796875 0.02734375 0.044921875
