0 0.0283203125 0.357421875 0.037109375 0.03515625
0 0.09765625 0.2080078125 0.03125 0.048828125
0 0.095703125 0.1630859375 0.03515625 0.041015625
0 0.318359375 0.0224609375 0.0546875 0.017578125
0 0.322265625 0.0439453125 0.04296875 0.025390625
0 0.3212890625 0.064453125 0.041015625 0.015625
0 0.322265625 0.0830078125 0.04296875 0.021484375
0 0.3212890625 0.103515625 0.041015625 0.01953125
0 0.32421875 0.12890625 0.03515625 0.015625
0 0.326171875 0.1484375 0.0390625 0.0234375
0 0.330078125 0.1962890625 0.046875 0.017578125
0 0.3291015625 0.2158203125 0.044921875 0.021484375
0 0.328125 0.23828125 0.03125 0.0234375
0 0.3359375 0.3212890625 0.046875 0.029296875
0 0.3369140625 0.3857421875 0.044921875 0.021484375
0 0.3369140625 0.4228515625 0.041015625 0.017578125
0 0.341796875 0.4423828125 0.0390625 0.021484375
0 0.3388671875 0.46484375 0.033203125 0.0234375
0 0.3408203125 0.484375 0.037109375 0.015625
0 0.3427734375 0.50390625 0.041015625 0.0234375
0 0.34375 0.52734375 0.04296875 0.0234375
0 0.279296875 0.6015625 0.01953125 0.03515625
0 0.2578125 0.6005859375 0.0234375 0.037109375
0 0.2373046875 0.60546875 0.017578125 0.02734375
0 0.2138671875 0.607421875 0.017578125 0.03515625
0 0.1953125 0.6064453125 0.01953125 0.037109375
0 0.046875 0.9404296875 0.01953125 0.037109375
0 0.072265625 0.94140625 0.01953125 0.03515625
0 0.1806640625 0.9345703125 0.017578125 0.033203125
0 0.208984375 0.9345703125 0.01953125 0.033203125
0 0.234375 0.9345703125 0.01953125 0.041015625
0 0.251953125 0.93359375 0.015625 0.0390625
0 0.2724609375 0.9326171875 0.013671875 0.033203125
0 0.5244140625 0.9267578125 0.021484375 0.044921875
0 0.5458984375 0.9228515625 0.021484375 0.037109375
0 0.5693359375 0.923828125 0.025390625 0.0390625
0 0.591796875 0.923828125 0.01953125 0.0390625
0 0.6494140625 0.9169921875 0.041015625 0.021484375
0 0.6484375 0.896484375 0.04296875 0.01953125
1 0.646484375 0.8583984375 0.046875 0.021484375
1 0.6669921875 0.8310546875 0.056640625 0.021484375
0 0.6611328125 0.8115234375 0.033203125 0.017578125
0 0.658203125 0.7900390625 0.03125 0.013671875
0 0.6875 0.7939453125 0.01171875 0.037109375
0 0.6611328125 0.7685546875 0.041015625 0.013671875
0 0.6474609375 0.7392578125 0.017578125 0.033203125
0 0.7099609375 0.7314453125 0.017578125 0.037109375
0 0.7333984375 0.744140625 0.013671875 0.0390625
0 0.7666015625 0.7412109375 0.017578125 0.033203125
0 0.80859375 0.80078125 0.046875 0.015625
0 0.818359375 0.818359375 0.03515625 0.01953125
0 0.841796875 0.6669921875 0.05078125 0.048828125
0 0.8935546875 0.6611328125 0.021484375 0.044921875
0 0.8681640625 0.71875 0.017578125 0.03125
0 0.873046875 0.8447265625 0.0234375 0.041015625
0 0.8759765625 0.9775390625 0.021484375 0.037109375
0 0.9521484375 0.9482421875 0.052734375 0.029296875
0 0.626953125 0.0146484375 0.04296875 0.017578125
0 0.6337890625 0.0546875 0.029296875 0.01953125
0 0.6357421875 0.123046875 0.037109375 0.01953125
0 0.638671875 0.1611328125 0.0390625 0.017578125
0 0.64453125 0.2626953125 0.03515625 0.017578125
0 0.6474609375 0.2841796875 0.041015625 0.013671875
0 0.6435546875 0.2998046875 0.033203125 0.017578125
0 0.6513671875 0.3193359375 0.033203125 0.021484375
0 0.6494140625 0.3388671875 0.029296875 0.017578125
0 0.6533203125 0.3564453125 0.037109375 0.017578125
0 0.6474609375 0.3955078125 0.044921875 0.021484375
0 0.6572265625 0.4140625 0.037109375 0.015625
0 0.650390625 0.435546875 0.05078125 0.01953125
0 0.9111328125 0.3603515625 0.025390625 0.041015625
0 0.9169921875 0.4609375 0.021484375 0.03515625
