0 0.0400390625 0.0380859375 0.021484375 0.041015625
0 0.064453125 0.0400390625 0.02734375 0.033203125
0 0.0908203125 0.021484375 0.017578125 0.04296875
0 0.1630859375 0.0849609375 0.025390625 0.044921875
0 0.1416015625 0.0908203125 0.017578125 0.033203125
0 0.0673828125 0.2333984375 0.037109375 0.044921875
0 0.18359375 0.4443359375 0.01953125 0.037109375
0 0.1572265625 0.4658203125 0.013671875 0.037109375
0 0.1328125 0.455078125 0.01171875 0.03125
0 0.1376953125 0.5185546875 0.009765625 0.033203125
0 0.1865234375 0.5146484375 0.021484375 0.029296875
0 0.1650390625 0.5634765625 0.017578125 0.033203125
0 0.142578125 0.5859375 0.01171875 0.0234375
0 0.037109375 0.98828125 0.0390625 0.015625
0 0.0380859375 0.97265625 0.037109375 0.015625
0 0.0361328125 0.955078125 0.041015625 0.01953125
0 0.0361328125 0.919921875 0.041015625 0.01953125
0 0.03125 0.9033203125 0.0390625 0.013671875
0 0.0302734375 0.884765625 0.044921875 0.015625
0 0.0185546875 0.669921875 0.033203125 0.01953125
0 0.1845703125 0.861328125 0.025390625 0.04296875
0 0.439453125 0.9755859375 0.04296875 0.017578125
0 0.4404296875 0.9560546875 0.041015625 0.021484375
0 0.4375 0.9345703125 0.0390625 0.021484375
0 0.4375 0.9140625 0.0390625 0.01953125
0 0.4384765625 0.890625 0.056640625 0.01953125
0 0.4345703125 0.8720703125 0.048828125 0.017578125
0 0.43359375 0.8515625 0.03515625 0.0234375
0 0.435546875 0.830078125 0.03125 0.01953125
0 0.4306640625 0.80859375 0.029296875 0.0234375
0 0.427734375 0.7861328125 0.03515625 0.021484375
0 0.4296875 0.7666015625 0.04296875 0.017578125
0 0.42578125 0.7470703125 0.0390625 0.021484375
0 0.4326171875 0.7255859375 0.037109375 0.017578125
0 0.4892578125 0.5908203125 0.041015625 0.025390625
0 0.3955078125 0.578125 0.025390625 0.03515625
0 0.3740234375 0.572265625 0.017578125 0.03515625
0 0.349609375 0.57421875 0.01953125 0.03515625
0 0.3291015625 0.5771484375 0.021484375 0.029296875
0 0.30078125 0.5771484375 0.0234375 0.029296875
0 0.484375 0.4853515625 0.01953125 0.041015625
0 0.4677734375 0.443359375 0.021484375 0.04296875
0 0.5908203125 0.546875 0.013671875 0.03515625
0 0.6123046875 0.54296875 0.013671875 0.02734375
0 0.6328125 0.5419921875 0.015625 0.033203125
0 0.6572265625 0.544921875 0.017578125 0.03125
0 0.6796875 0.5478515625 0.01171875 0.033203125
0 0.630859375 0.5712890625 0.04296875 0.013671875
0 0.724609375 0.5380859375 0.015625 0.037109375
0 0.744140625 0.54296875 0.01171875 0.01953125
0 0.7666015625 0.5361328125 0.017578125 0.044921875
0 0.814453125 0.5400390625 0.015625 0.037109375
0 0.8349609375 0.537109375 0.017578125 0.0390625
0 0.8583984375 0.5380859375 0.013671875 0.033203125
0 0.875 0.5400390625 0.01953125 0.037109375
0 0.8984375 0.533203125 0.01953125 0.03515625
0 0.96875 0.5400390625 0.01953125 0.025390625
0 0.9833984375 0.8056640625 0.029296875 0.044921875
0 0.8984375 0.810546875 0.01953125 0.0390625
0 0.859375 0.814453125 0.03125 0.04296875
0 0.767578125 0.81640625 0.01953125 0.0234375
0 0.73046875 0.8203125 0.01953125 0.03125
0 0.705078125 0.8173828125 0.015625 0.037109375
0 0.6845703125 0.8173828125 0.025390625 0.037109375
0 0.6640625 0.818359375 0.015625 0.03515625
0 0.6396484375 0.818359375 0.021484375 0.046875
0 0.6171875 0.8154296875 0.0234375 0.029296875
0 0.5947265625 0.822265625 0.021484375 0.04296875
0 0.9560546875 0.8486328125 0.033203125 0.017578125
0 0.6005859375 0.0185546875 0.021484375 0.037109375
0 0.4951171875 0.0615234375 0.021484375 0.029296875
0 0.5205078125 0.0537109375 0.021484375 0.033203125
0 0.5498046875 0.0546875 0.025390625 0.03515625
0 0.578125 0.056640625 0.0234375 0.03515625
0 0.7373046875 0.05078125 0.033203125 0.015625
0 0.767578125 0.0361328125 0.03515625 0.013671875
0 0.806640625 0.037109375 0.04296875 0.015625
0 0.7998046875 0.103515625 0.041015625 0.0234375
0 0.3115234375 0.1435546875 0.037109375 0.017578125
0 0.3603515625 0.1435546875 0.037109375 0.017578125
0 0.427734375 0.140625 0.04296875 0.01953125
0 0.4912109375 0.140625 0.033203125 0.015625
0 0.5439453125 0.13671875 0.041015625 0.015625
0 0.6123046875 0.138671875 0.041015625 0.01953125
0 0.58203125 0.1591796875 0.04296875 0.017578125
0 0.51953125 0.1640625 0.04296875 0.015625
0 0.5498046875 0.1865234375 0.044921875 0.017578125
0 0.458984375 0.1640625 0.04296875 0.01953125
0 0.3935546875 0.1669921875 0.037109375 0.013671875
0 0.3427734375 0.1708984375 0.041015625 0.017578125
0 0.2939453125 0.169921875 0.029296875 0.015625
0 0.2802734375 0.1962890625 0.044921875 0.017578125
0 0.3330078125 0.1943359375 0.041015625 0.017578125
0 0.388671875 0.193359375 0.04296875 0.015625
0 0.439453125 0.19140625 0.04296875 0.015625
0 0.50390625 0.189453125 0.03125 0.01953125
0 0.625 0.2451171875 0.0390625 0.021484375
