0 0.314453125 0.1572265625 0.015625 0.037109375
0 0.2412109375 0.150390625 0.029296875 0.03125
0 0.2109375 0.189453125 0.03125 0.03125
0 0.1708984375 0.2294921875 0.029296875 0.029296875
0 0.1708984375 0.259765625 0.029296875 0.03125
0 0.173828125 0.2900390625 0.03515625 0.029296875
0 0.1728515625 0.3232421875 0.033203125 0.037109375
0 0.265625 0.2841796875 0.03125 0.033203125
0 0.2666015625 0.3125 0.033203125 0.0234375
0 0.2724609375 0.341796875 0.029296875 0.03515625
0 0.26171875 0.3623046875 0.03515625 0.029296875
0 0.2705078125 0.4248046875 0.037109375 0.033203125
0 0.2744140625 0.4580078125 0.025390625 0.025390625
0 0.275390625 0.505859375 0.03125 0.03125
0 0.1806640625 0.4990234375 0.033203125 0.029296875
0 0.2763671875 0.5673828125 0.029296875 0.029296875
0 0.1904296875 0.6171875 0.029296875 0.03515625
0 0.279296875 0.623046875 0.0234375 0.03125
0 0.283203125 0.65625 0.03125 0.03515625
0 0.2001953125 0.69921875 0.037109375 0.02734375
0 0.2783203125 0.69921875 0.029296875 0.02734375
0 0.203125 0.796875 0.03125 0.03515625
0 0.2919921875 0.7646484375 0.033203125 0.029296875
0 0.287109375 0.7880859375 0.03125 0.029296875
0 0.2919921875 0.818359375 0.033203125 0.03125
0 0.291015625 0.8466796875 0.03125 0.029296875
0 0.2880859375 0.8681640625 0.037109375 0.037109375
0 0.2978515625 0.904296875 0.029296875 0.02734375
0 0.2978515625 0.935546875 0.037109375 0.03515625
0 0.2978515625 0.9619140625 0.029296875 0.029296875
0 0.203125 0.857421875 0.03125 0.03515625
0 0.37890625 0.0927734375 0.02734375 0.017578125
0 0.5810546875 0.0185546875 0.037109375 0.017578125
0 0.5849609375 0.041015625 0.033203125 0.01953125
0 0.5849609375 0.0625 0.033203125 0.015625
0 0.6416015625 0.041015625 0.013671875 0.03125
0 0.5908203125 0.1044921875 0.033203125 0.017578125
0 0.587890625 0.123046875 0.02734375 0.01953125
0 0.5927734375 0.162109375 0.033203125 0.015625
0 0.595703125 0.1845703125 0.03515625 0.021484375
0 0.646484375 0.1630859375 0.01953125 0.033203125
0 0.59375 0.205078125 0.03515625 0.01171875
0 0.591796875 0.224609375 0.0390625 0.01953125
0 0.5927734375 0.24609375 0.033203125 0.015625
0 0.6474609375 0.2568359375 0.017578125 0.037109375
0 0.5947265625 0.2880859375 0.033203125 0.017578125
0 0.59765625 0.328125 0.03125 0.01953125
0 0.615234375 0.7412109375 0.03125 0.013671875
0 0.615234375 0.763671875 0.03125 0.015625
0 0.6181640625 0.7822265625 0.033203125 0.013671875
0 0.6201171875 0.8251953125 0.041015625 0.017578125
0 0.626953125 0.8466796875 0.02734375 0.017578125
0 0.62109375 0.8671875 0.02734375 0.015625
0 0.6259765625 0.904296875 0.033203125 0.015625
0 0.6298828125 0.9482421875 0.037109375 0.017578125
0 0.6328125 0.96875 0.03515625 0.015625
0 0.6298828125 0.990234375 0.037109375 0.015625
0 0.90625 0.12109375 0.015625 0.03125
0 0.9423828125 0.138671875 0.037109375 0.015625
0 0.9453125 0.1591796875 0.04296875 0.017578125
0 0.98828125 0.1396484375 0.01953125 0.033203125
0 0.892578125 0.2919921875 0.03125 0.013671875
0 0.8916015625 0.314453125 0.037109375 0.015625
0 0.890625 0.3837890625 0.015625 0.025390625
0 0.8935546875 0.42578125 0.013671875 0.0234375
0 0.892578125 0.482421875 0.015625 0.03515625
0 0.93359375 0.4794921875 0.01953125 0.037109375
0 0.9521484375 0.4765625 0.017578125 0.0390625
0 0.9736328125 0.4814453125 0.017578125 0.029296875
0 0.900390625 0.5361328125 0.03125 0.033203125
0 0.970703125 0.5224609375 0.01171875 0.033203125
0 0.9912109375 0.525390625 0.017578125 0.03515625
0 0.9052734375 0.5712890625 0.033203125 0.017578125
0 0.904296875 0.5869140625 0.03515625 0.013671875
0 0.9013671875 0.607421875 0.029296875 0.015625
0 0.90625 0.626953125 0.0390625 0.015625
0 0.9072265625 0.646484375 0.033203125 0.015625
0 0.908203125 0.6650390625 0.03515625 0.013671875
0 0.9111328125 0.6884765625 0.033203125 0.017578125
0 0.9775390625 0.658203125 0.013671875 0.03125
0 0.919921875 0.7998046875 0.02734375 0.013671875
0 0.94921875 0.80078125 0.01953125 0.0390625
0 0.7880859375 0.853515625 0.017578125 0.03515625
0 0.8310546875 0.849609375 0.013671875 0.03125
0 0.857421875 0.8525390625 0.015625 0.037109375
0 0.87890625 0.8515625 0.015625 0.03515625
0 0.9072265625 0.849609375 0.017578125 0.03515625
0 0.98046875 0.935546875 0.015625 0.0390625
