0 0.13671875 0.154296875 0.0390625 0.03515625
0 0.150390625 0.13671875 0.04296875 0.03125
0 0.1376953125 0.099609375 0.037109375 0.02734375
0 0.14453125 0.078125 0.04296875 0.03125
0 0.134765625 0.037109375 0.04296875 0.03515625
0 0.232421875 0.1123046875 0.04296875 0.025390625
0 0.2607421875 0.0458984375 0.041015625 0.021484375
0 0.0302734375 0.990234375 0.041015625 0.01953125
0 0.1435546875 0.9833984375 0.041015625 0.017578125
0 0.13671875 0.9052734375 0.046875 0.017578125
0 0.896484375 0.9208984375 0.01953125 0.041015625
0 0.9208984375 0.9189453125 0.017578125 0.041015625
0 0.6962890625 0.9189453125 0.013671875 0.033203125
0 0.7177734375 0.919921875 0.013671875 0.03125
0 0.7412109375 0.923828125 0.017578125 0.0390625
0 0.759765625 0.9208984375 0.01953125 0.033203125
0 0.7802734375 0.9228515625 0.021484375 0.033203125
0 0.8154296875 0.96484375 0.037109375 0.0234375
0 0.826171875 0.921875 0.015625 0.0390625
0 0.8505859375 0.919921875 0.017578125 0.046875
0 0.4580078125 0.8876953125 0.048828125 0.025390625
0 0.4638671875 0.9306640625 0.037109375 0.017578125
0 0.4619140625 0.951171875 0.033203125 0.015625
0 0.4677734375 0.9892578125 0.044921875 0.017578125
0 0.4345703125 0.77734375 0.021484375 0.04296875
0 0.466796875 0.7783203125 0.01953125 0.041015625
0 0.46484375 0.71875 0.02734375 0.0390625
0 0.44140625 0.7265625 0.0234375 0.0390625
0 0.4921875 0.78125 0.015625 0.04296875
0 0.4912109375 0.7138671875 0.017578125 0.037109375
0 0.8291015625 0.484375 0.041015625 0.01953125
0 0.4033203125 0.5244140625 0.041015625 0.021484375
0 0.0302734375 0.89453125 0.029296875 0.015625
0 0.134765625 0.86328125 0.04296875 0.01953125
0 0.4560546875 0.8310546875 0.037109375 0.017578125
0 0.45703125 0.84765625 0.0390625 0.015625
0 0.45703125 0.865234375 0.0390625 0.01953125
0 0.5205078125 0.83203125 0.033203125 0.0234375
