0 0.0283203125 0.37109375 0.017578125 0.03515625
0 0.0546875 0.369140625 0.0234375 0.0390625
0 0.0126953125 0.224609375 0.017578125 0.0390625
0 0.03125 0.2255859375 0.01953125 0.041015625
0 0.048828125 0.220703125 0.01953125 0.04296875
0 0.0703125 0.2294921875 0.0234375 0.041015625
0 0.0927734375 0.23046875 0.021484375 0.0390625
0 0.11328125 0.2275390625 0.0234375 0.041015625
0 0.1748046875 0.2236328125 0.025390625 0.048828125
0 0.2109375 0.228515625 0.01953125 0.046875
0 0.236328125 0.2255859375 0.01953125 0.041015625
0 0.2626953125 0.2216796875 0.017578125 0.041015625
0 0.2822265625 0.22265625 0.021484375 0.04296875
0 0.3037109375 0.2236328125 0.021484375 0.044921875
0 0.326171875 0.22265625 0.0234375 0.04296875
0 0.3486328125 0.2216796875 0.021484375 0.041015625
0 0.37109375 0.2216796875 0.0234375 0.041015625
0 0.416015625 0.22265625 0.0234375 0.04296875
0 0.4375 0.22265625 0.01953125 0.04296875
0 0.458984375 0.224609375 0.0234375 0.046875
0 0.4931640625 0.251953125 0.044921875 0.0234375
0 0.462890625 0.2763671875 0.046875 0.033203125
0 0.5302734375 0.2216796875 0.021484375 0.041015625
0 0.5517578125 0.21875 0.021484375 0.03515625
0 0.5263671875 0.3037109375 0.037109375 0.021484375
0 0.615234375 0.306640625 0.04296875 0.03125
0 0.6162109375 0.2705078125 0.044921875 0.033203125
0 0.27734375 0.3603515625 0.01953125 0.037109375
0 0.3046875 0.357421875 0.015625 0.03515625
0 0.3076171875 0.416015625 0.021484375 0.046875
0 0.3544921875 0.416015625 0.021484375 0.04296875
0 0.4013671875 0.3515625 0.017578125 0.0390625
0 0.451171875 0.353515625 0.0234375 0.0390625
0 0.4951171875 0.3583984375 0.025390625 0.052734375
0 0.5185546875 0.361328125 0.021484375 0.046875
0 0.3740234375 0.3515625 0.021484375 0.03515625
0 0.3515625 0.3583984375 0.0234375 0.041015625
0 0.3251953125 0.3603515625 0.017578125 0.037109375
0 0.2236328125 0.3427734375 0.025390625 0.044921875
0 0.6953125 0.17578125 0.0234375 0.05078125
0 0.6318359375 0.1142578125 0.044921875 0.021484375
0 0.6279296875 0.0947265625 0.041015625 0.017578125
0 0.6279296875 0.078125 0.041015625 0.0234375
0 0.626953125 0.0458984375 0.046875 0.021484375
0 0.625 0.02734375 0.0390625 0.015625
0 0.6328125 0.009765625 0.03515625 0.01953125
0 0.7978515625 0.0791015625 0.021484375 0.041015625
0 0.82421875 0.283203125 0.03515625 0.0234375
0 0.7314453125 0.134765625 0.021484375 0.03515625
0 0.9541015625 0.068359375 0.017578125 0.03515625
