0 0.4892578125 0.0224609375 0.017578125 0.037109375
0 0.490234375 0.06640625 0.015625 0.02734375
0 0.4306640625 0.05078125 0.037109375 0.015625
0 0.435546875 0.072265625 0.0390625 0.015625
0 0.43359375 0.0927734375 0.03125 0.017578125
0 0.439453125 0.1123046875 0.04296875 0.021484375
0 0.4384765625 0.1328125 0.041015625 0.01953125
0 0.4384765625 0.1513671875 0.041015625 0.017578125
0 0.4404296875 0.173828125 0.041015625 0.015625
0 0.4404296875 0.1943359375 0.041015625 0.013671875
0 0.4404296875 0.2099609375 0.041015625 0.017578125
0 0.4443359375 0.23046875 0.037109375 0.0234375
0 0.4951171875 0.1162109375 0.017578125 0.029296875
0 0.5009765625 0.193359375 0.021484375 0.0390625
0 0.5 0.23046875 0.01953125 0.03515625
0 0.5537109375 0.236328125 0.021484375 0.04296875
1 0.673828125 0.0419921875 0.05859375 0.017578125
0 0.671875 0.06640625 0.0390625 0.01953125
0 0.67578125 0.0849609375 0.03515625 0.017578125
0 0.67578125 0.1025390625 0.03515625 0.017578125
1 0.6787109375 0.1201171875 0.064453125 0.021484375
0 0.68359375 0.142578125 0.0390625 0.015625
0 0.6845703125 0.162109375 0.041015625 0.015625
0 0.6865234375 0.1796875 0.044921875 0.01953125
0 0.68359375 0.1982421875 0.0390625 0.017578125
0 0.7001953125 0.2685546875 0.017578125 0.041015625
0 0.7216796875 0.2724609375 0.017578125 0.037109375
0 0.748046875 0.2783203125 0.01953125 0.041015625
0 0.095703125 0.9208984375 0.01953125 0.041015625
0 0.1201171875 0.9189453125 0.017578125 0.041015625
0 0.025390625 0.921875 0.015625 0.0390625
0 0.0498046875 0.919921875 0.017578125 0.046875
0 0.5390625 0.5009765625 0.046875 0.017578125
0 0.5927734375 0.396484375 0.021484375 0.0390625
0 0.763671875 0.4326171875 0.01953125 0.041015625
0 0.8642578125 0.4326171875 0.021484375 0.041015625
0 0.2666015625 0.5068359375 0.041015625 0.021484375
0 0.2216796875 0.4169921875 0.044921875 0.021484375
0 0.279296875 0.416015625 0.04296875 0.01953125
0 0.3310546875 0.4111328125 0.037109375 0.021484375
0 0.3828125 0.41015625 0.0390625 0.01953125
0 0.443359375 0.3671875 0.0390625 0.01953125
0 0.4453125 0.392578125 0.04296875 0.0234375
0 0.0283203125 0.484375 0.041015625 0.01953125
0 0.669921875 0.794921875 0.0390625 0.015625
0 0.669921875 0.8115234375 0.0390625 0.017578125
0 0.6728515625 0.849609375 0.041015625 0.01953125
0 0.67578125 0.8857421875 0.04296875 0.017578125
0 0.6806640625 0.916015625 0.037109375 0.01953125
0 0.681640625 0.9345703125 0.0390625 0.017578125
0 0.68359375 0.953125 0.04296875 0.01953125
0 0.6904296875 0.9853515625 0.041015625 0.017578125
0 0.31640625 0.91015625 0.0234375 0.0390625
0 0.40234375 0.88671875 0.01953125 0.03515625
0 0.375 0.8857421875 0.015625 0.025390625
0 0.349609375 0.90234375 0.015625 0.03515625
0 0.353515625 0.7646484375 0.015625 0.041015625
0 0.375 0.7626953125 0.015625 0.041015625
0 0.396484375 0.7646484375 0.015625 0.037109375
0 0.4013671875 0.6748046875 0.017578125 0.041015625
0 0.3798828125 0.673828125 0.013671875 0.0390625
0 0.3515625 0.6748046875 0.01953125 0.037109375
0 0.3310546875 0.6787109375 0.021484375 0.041015625
0 0.3095703125 0.6806640625 0.021484375 0.037109375
0 0.943359375 0.955078125 0.03515625 0.01953125
0 0.927734375 0.5986328125 0.04296875 0.025390625
0 0.6318359375 0.62109375 0.029296875 0.01953125
0 0.7138671875 0.6982421875 0.021484375 0.041015625
