0 0.3681640625 0.0703125 0.029296875 0.04296875
0 0.32421875 0.0693359375 0.0390625 0.025390625
0 0.326171875 0.1103515625 0.046875 0.021484375
0 0.388671875 0.1181640625 0.015625 0.029296875
0 0.4033203125 0.1650390625 0.021484375 0.037109375
0 0.1044921875 0.169921875 0.021484375 0.04296875
0 0.03515625 0.171875 0.02734375 0.0390625
0 0.0126953125 0.1689453125 0.017578125 0.033203125
0 0.0517578125 0.2548828125 0.048828125 0.021484375
0 0.2890625 0.24609375 0.03515625 0.015625
0 0.052734375 0.412109375 0.046875 0.01953125
0 0.1669921875 0.41015625 0.044921875 0.01953125
0 0.8837890625 0.228515625 0.041015625 0.01953125
0 0.853515625 0.3857421875 0.04296875 0.029296875
0 0.6533203125 0.4013671875 0.041015625 0.025390625
0 0.5400390625 0.3798828125 0.048828125 0.025390625
0 0.3603515625 0.4501953125 0.033203125 0.033203125
0 0.3203125 0.533203125 0.0390625 0.01953125
0 0.412109375 0.537109375 0.01953125 0.04296875
0 0.3212890625 0.5537109375 0.041015625 0.021484375
0 0.3212890625 0.5732421875 0.041015625 0.017578125
0 0.3232421875 0.59375 0.033203125 0.015625
0 0.3232421875 0.6142578125 0.037109375 0.017578125
0 0.3310546875 0.658203125 0.041015625 0.0234375
0 0.390625 0.6591796875 0.01953125 0.037109375
0 0.4208984375 0.673828125 0.021484375 0.0390625
0 0.3291015625 0.763671875 0.037109375 0.01953125
0 0.330078125 0.791015625 0.0390625 0.01953125
0 0.3388671875 0.890625 0.033203125 0.01953125
0 0.33984375 0.912109375 0.03125 0.0234375
0 0.3779296875 0.94140625 0.021484375 0.0390625
0 0.3515625 0.9775390625 0.03515625 0.021484375
0 0.5283203125 0.646484375 0.021484375 0.03515625
0 0.55078125 0.6494140625 0.0234375 0.041015625
0 0.5732421875 0.64453125 0.021484375 0.03125
0 0.595703125 0.646484375 0.0234375 0.03515625
0 0.646484375 0.6455078125 0.0234375 0.041015625
0 0.66796875 0.642578125 0.01953125 0.03515625
0 0.0263671875 0.5390625 0.037109375 0.01953125
0 0.02734375 0.5625 0.03125 0.01171875
0 0.0302734375 0.5869140625 0.037109375 0.017578125
0 0.0322265625 0.626953125 0.029296875 0.015625
0 0.0478515625 0.8046875 0.037109375 0.01953125
0 0.689453125 0.791015625 0.046875 0.01953125
0 0.677734375 0.8125 0.03515625 0.015625
0 0.685546875 0.8310546875 0.0390625 0.021484375
0 0.6904296875 0.8564453125 0.033203125 0.013671875
0 0.685546875 0.896484375 0.0390625 0.0234375
0 0.6884765625 0.974609375 0.044921875 0.0234375
0 0.7109375 0.63671875 0.015625 0.02734375
0 0.73046875 0.6376953125 0.015625 0.025390625
0 0.75 0.634765625 0.015625 0.03125
0 0.7724609375 0.6337890625 0.013671875 0.029296875
0 0.79296875 0.642578125 0.015625 0.0390625
0 0.8603515625 0.642578125 0.013671875 0.0234375
0 0.880859375 0.6376953125 0.015625 0.037109375
0 0.822265625 0.638671875 0.0234375 0.046875
0 0.9033203125 0.638671875 0.017578125 0.03125
0 0.9208984375 0.6328125 0.017578125 0.03125
0 0.9462890625 0.6376953125 0.017578125 0.033203125
