0 0.029296875 0.2998046875 0.04296875 0.021484375
0 0.2412109375 0.0380859375 0.041015625 0.021484375
0 0.216796875 0.1201171875 0.0390625 0.025390625
0 0.2119140625 0.15234375 0.033203125 0.0234375
0 0.2099609375 0.3203125 0.044921875 0.01953125
0 0.3359375 0.384765625 0.04296875 0.01953125
0 0.7666015625 0.2978515625 0.041015625 0.017578125
0 0.4560546875 0.154296875 0.048828125 0.0234375
0 0.857421875 0.3603515625 0.0390625 0.017578125
0 0.908203125 0.359375 0.04296875 0.01953125
0 0.5966796875 0.734375 0.041015625 0.01953125
0 0.607421875 0.8408203125 0.0390625 0.017578125
0 0.2666015625 0.4306640625 0.013671875 0.025390625
0 0.6298828125 0.9619140625 0.037109375 0.017578125
0 0.2880859375 0.8125 0.021484375 0.0390625
0 0.302734375 0.8427734375 0.0234375 0.041015625
