0 0.1796875 0.34375 0.04296875 0.01953125
0 0.1826171875 0.3623046875 0.033203125 0.017578125
0 0.185546875 0.3994140625 0.0390625 0.017578125
0 0.1767578125 0.291015625 0.037109375 0.015625
0 0.177734375 0.3076171875 0.0390625 0.017578125
0 0.1796875 0.3251953125 0.04296875 0.017578125
0 0.1865234375 0.4306640625 0.033203125 0.017578125
0 0.1865234375 0.447265625 0.033203125 0.015625
0 0.134765625 0.5126953125 0.01953125 0.037109375
0 0.1953125 0.7138671875 0.0390625 0.017578125
0 0.193359375 0.67578125 0.03515625 0.015625
0 0.1953125 0.6943359375 0.0390625 0.021484375
0 0.1943359375 0.73046875 0.037109375 0.015625
