0 0.5390625 0.0166015625 0.03515625 0.017578125
0 0.19921875 0.0498046875 0.04296875 0.021484375
0 0.177734375 0.0859375 0.03515625 0.01953125
0 0.19140625 0.1083984375 0.0390625 0.013671875
0 0.1845703125 0.1279296875 0.041015625 0.017578125
0 0.18359375 0.1455078125 0.0390625 0.017578125
0 0.185546875 0.1669921875 0.03515625 0.017578125
0 0.19140625 0.1865234375 0.03515625 0.021484375
0 0.19921875 0.208984375 0.03515625 0.015625
0 0.1904296875 0.2275390625 0.041015625 0.017578125
0 0.1875 0.2470703125 0.03515625 0.021484375
0 0.19140625 0.2666015625 0.03515625 0.017578125
0 0.2666015625 0.2041015625 0.025390625 0.041015625
0 0.572265625 0.15234375 0.02734375 0.03515625
0 0.578125 0.193359375 0.01953125 0.03515625
0 0.6181640625 0.197265625 0.017578125 0.03515625
0 0.01953125 0.4560546875 0.01953125 0.037109375
0 0.0390625 0.451171875 0.015625 0.04296875
0 0.0595703125 0.4541015625 0.017578125 0.041015625
0 0.0771484375 0.447265625 0.017578125 0.0390625
0 0.0947265625 0.4482421875 0.017578125 0.041015625
0 0.1142578125 0.451171875 0.021484375 0.03515625
0 0.08203125 0.4111328125 0.04296875 0.021484375
0 0.021484375 0.306640625 0.0390625 0.0234375
0 0.02734375 0.337890625 0.01953125 0.0390625
0 0.046875 0.328125 0.01953125 0.03515625
0 0.06640625 0.3193359375 0.01953125 0.037109375
0 0.0859375 0.3193359375 0.01953125 0.037109375
0 0.107421875 0.3193359375 0.0234375 0.037109375
0 0.12890625 0.3193359375 0.01953125 0.037109375
0 0.08203125 0.353515625 0.0390625 0.01953125
0 0.150390625 0.3203125 0.0234375 0.0390625
0 0.1748046875 0.32421875 0.025390625 0.046875
0 0.2158203125 0.4013671875 0.041015625 0.021484375
0 0.234375 0.37890625 0.03515625 0.01953125
0 0.2919921875 0.3955078125 0.041015625 0.021484375
0 0.353515625 0.4033203125 0.0390625 0.021484375
0 0.4267578125 0.322265625 0.017578125 0.03515625
0 0.44921875 0.32421875 0.015625 0.03515625
0 0.4658203125 0.3173828125 0.017578125 0.037109375
0 0.4853515625 0.322265625 0.021484375 0.0390625
0 0.5048828125 0.3212890625 0.017578125 0.037109375
0 0.541015625 0.314453125 0.0234375 0.0390625
0 0.61328125 0.3173828125 0.01953125 0.041015625
0 0.6328125 0.3154296875 0.01953125 0.037109375
0 0.671875 0.3095703125 0.01953125 0.041015625
0 0.6630859375 0.423828125 0.017578125 0.03125
0 0.5615234375 0.3203125 0.017578125 0.03125
0 0.578125 0.5712890625 0.03125 0.017578125
1 0.5849609375 0.669921875 0.021484375 0.0546875
1 0.4599609375 0.8017578125 0.060546875 0.021484375
0 0.4599609375 0.822265625 0.060546875 0.01953125
0 0.4697265625 0.8427734375 0.037109375 0.021484375
0 0.4677734375 0.8623046875 0.033203125 0.017578125
0 0.466796875 0.8818359375 0.04296875 0.017578125
1 0.46484375 0.916015625 0.05859375 0.01953125
1 0.638671875 0.9365234375 0.0625 0.048828125
1 0.466796875 0.955078125 0.0625 0.01953125
1 0.466796875 0.974609375 0.0625 0.01953125
0 0.4755859375 0.935546875 0.044921875 0.01953125
0 0.7626953125 0.84375 0.021484375 0.02734375
0 0.6455078125 0.4267578125 0.021484375 0.037109375
0 0.7021484375 0.4287109375 0.013671875 0.029296875
0 0.73828125 0.421875 0.01953125 0.0390625
0 0.8330078125 0.4140625 0.021484375 0.04296875
0 0.7138671875 0.3564453125 0.041015625 0.021484375
0 0.6728515625 0.310546875 0.021484375 0.04296875
0 0.642578125 0.2490234375 0.03125 0.044921875
0 0.6923828125 0.3115234375 0.017578125 0.044921875
0 0.7109375 0.3095703125 0.01953125 0.041015625
0 0.73046875 0.3095703125 0.01953125 0.041015625
0 0.7490234375 0.30859375 0.017578125 0.0390625
0 0.7685546875 0.30859375 0.021484375 0.0390625
0 0.875 0.19921875 0.04296875 0.0234375
0 0.876953125 0.1455078125 0.04296875 0.021484375
0 0.8740234375 0.11328125 0.048828125 0.0234375
0 0.87109375 0.09375 0.04296875 0.015625
0 0.87109375 0.0498046875 0.04296875 0.021484375
0 0.8720703125 0.02734375 0.041015625 0.01953125
0 0.8662109375 0.0107421875 0.037109375 0.017578125
