0 0.9013671875 0.3388671875 0.017578125 0.029296875
0 0.4013671875 0.4365234375 0.025390625 0.041015625
0 0.3515625 0.431640625 0.0234375 0.04296875
0 0.326171875 0.431640625 0.02734375 0.04296875
0 0.2958984375 0.4228515625 0.025390625 0.048828125
0 0.2041015625 0.4482421875 0.025390625 0.033203125
0 0.3486328125 0.529296875 0.037109375 0.0390625
0 0.4189453125 0.7353515625 0.037109375 0.021484375
0 0.3564453125 0.7958984375 0.017578125 0.037109375
0 0.3642578125 0.888671875 0.017578125 0.03515625
