0 0.0703125 0.15234375 0.0234375 0.0390625
0 0.111328125 0.197265625 0.0234375 0.0390625
0 0.1943359375 0.140625 0.021484375 0.0390625
0 0.2587890625 0.130859375 0.017578125 0.03515625
0 0.2685546875 0.01953125 0.033203125 0.0234375
0 0.1396484375 0.30859375 0.017578125 0.03515625
0 0.1630859375 0.3076171875 0.017578125 0.037109375
0 0.236328125 0.3798828125 0.02734375 0.041015625
0 0.2216796875 0.5419921875 0.025390625 0.037109375
0 0.2041015625 0.552734375 0.021484375 0.03515625
0 0.146484375 0.55078125 0.0234375 0.0390625
0 0.10546875 0.55859375 0.0234375 0.03515625
0 0.28515625 0.6796875 0.04296875 0.015625
0 0.373046875 0.703125 0.01953125 0.04296875
0 0.2822265625 0.701171875 0.041015625 0.015625
0 0.2822265625 0.740234375 0.041015625 0.01953125
0 0.291015625 0.759765625 0.04296875 0.01953125
0 0.291015625 0.779296875 0.04296875 0.01953125
0 0.29296875 0.80078125 0.046875 0.0234375
0 0.2939453125 0.8408203125 0.037109375 0.021484375
0 0.2978515625 0.8662109375 0.037109375 0.017578125
0 0.2890625 0.888671875 0.03515625 0.015625
0 0.287109375 0.9296875 0.04296875 0.01953125
0 0.291015625 0.94921875 0.03515625 0.01953125
0 0.2998046875 0.9716796875 0.037109375 0.025390625
0 0.4169921875 0.9697265625 0.025390625 0.041015625
1 0.388671875 0.09375 0.05078125 0.0234375
1 0.3896484375 0.1162109375 0.052734375 0.021484375
1 0.4033203125 0.14453125 0.060546875 0.015625
0 0.978515625 0.052734375 0.01953125 0.03515625
0 0.4423828125 0.5888671875 0.041015625 0.029296875
0 0.529296875 0.587890625 0.0390625 0.0234375
0 0.5830078125 0.560546875 0.037109375 0.02734375
0 0.4013671875 0.3017578125 0.044921875 0.017578125
0 0.416015625 0.380859375 0.03125 0.01953125
1 0.4130859375 0.4228515625 0.060546875 0.021484375
1 0.4140625 0.443359375 0.0625 0.01953125
0 0.673828125 0.775390625 0.01953125 0.0390625
0 0.634765625 0.94921875 0.03515625 0.01953125
0 0.6357421875 0.990234375 0.044921875 0.01953125
0 0.94140625 0.681640625 0.03515625 0.01953125
0 0.9462890625 0.701171875 0.044921875 0.01953125
0 0.9833984375 0.7099609375 0.029296875 0.037109375
0 0.9462890625 0.7197265625 0.044921875 0.017578125
0 0.947265625 0.744140625 0.04296875 0.015625
0 0.9462890625 0.7626953125 0.041015625 0.021484375
0 0.9501953125 0.783203125 0.033203125 0.01953125
0 0.9541015625 0.8046875 0.037109375 0.015625
0 0.955078125 0.822265625 0.03515625 0.01953125
0 0.951171875 0.8447265625 0.0390625 0.021484375
0 0.9912109375 0.8232421875 0.017578125 0.033203125
0 0.95703125 0.8857421875 0.0390625 0.017578125
0 0.9619140625 0.9072265625 0.033203125 0.013671875
0 0.9580078125 0.9248046875 0.041015625 0.017578125
0 0.9619140625 0.943359375 0.033203125 0.01953125
0 0.958984375 0.9638671875 0.04296875 0.017578125
0 0.9609375 0.984375 0.0390625 0.015625
