0 0.08203125 0.037109375 0.03515625 0.015625
0 0.1337890625 0.037109375 0.037109375 0.01953125
0 0.8251953125 0.009765625 0.037109375 0.01953125
1 0.7314453125 0.01171875 0.056640625 0.015625
1 0.5419921875 0.0166015625 0.083984375 0.021484375
1 0.4228515625 0.0185546875 0.080078125 0.021484375
0 0.0341796875 0.119140625 0.037109375 0.015625
0 0.025390625 0.1689453125 0.03125 0.029296875
0 0.0341796875 0.2197265625 0.017578125 0.033203125
0 0.0390625 0.2861328125 0.015625 0.029296875
0 0.015625 0.392578125 0.0234375 0.0390625
0 0.05078125 0.4775390625 0.02734375 0.044921875
0 0.2470703125 0.373046875 0.013671875 0.03125
0 0.2705078125 0.3701171875 0.017578125 0.033203125
0 0.2919921875 0.3681640625 0.013671875 0.029296875
0 0.3173828125 0.369140625 0.017578125 0.03515625
0 0.33984375 0.3720703125 0.015625 0.029296875
0 0.7275390625 0.3447265625 0.013671875 0.025390625
0 0.7490234375 0.3515625 0.013671875 0.02734375
0 0.7744140625 0.353515625 0.013671875 0.03515625
0 0.7958984375 0.3515625 0.013671875 0.03125
0 0.818359375 0.3515625 0.015625 0.03125
0 0.84375 0.3525390625 0.01171875 0.029296875
0 0.86328125 0.349609375 0.015625 0.03515625
0 0.8857421875 0.345703125 0.013671875 0.03515625
0 0.91015625 0.3583984375 0.01171875 0.025390625
0 0.935546875 0.3564453125 0.015625 0.029296875
0 0.95703125 0.3447265625 0.015625 0.037109375
0 0.9794921875 0.34375 0.013671875 0.02734375
0 0.228515625 0.3798828125 0.015625 0.029296875
0 0.265625 0.416015625 0.03515625 0.01953125
0 0.2958984375 0.5087890625 0.033203125 0.013671875
0 0.2978515625 0.53125 0.037109375 0.015625
0 0.302734375 0.5751953125 0.03515625 0.017578125
0 0.3056640625 0.615234375 0.033203125 0.015625
0 0.3037109375 0.6357421875 0.029296875 0.013671875
0 0.3017578125 0.6572265625 0.037109375 0.017578125
0 0.3056640625 0.677734375 0.029296875 0.015625
0 0.306640625 0.6982421875 0.03515625 0.013671875
0 0.3046875 0.7177734375 0.02734375 0.013671875
0 0.310546875 0.7392578125 0.03515625 0.013671875
0 0.314453125 0.759765625 0.03125 0.015625
0 0.3095703125 0.7802734375 0.029296875 0.013671875
0 0.3603515625 0.7587890625 0.013671875 0.033203125
0 0.36328125 0.798828125 0.015625 0.03125
0 0.3125 0.8193359375 0.03515625 0.013671875
0 0.31640625 0.83984375 0.03515625 0.015625
0 0.3154296875 0.8623046875 0.037109375 0.017578125
0 0.31640625 0.904296875 0.03515625 0.015625
0 0.3173828125 0.943359375 0.033203125 0.015625
0 0.3203125 0.966796875 0.0390625 0.01953125
0 0.326171875 0.990234375 0.03515625 0.015625
0 0.5458984375 0.6337890625 0.013671875 0.025390625
0 0.568359375 0.6376953125 0.015625 0.025390625
0 0.5908203125 0.6357421875 0.009765625 0.021484375
0 0.611328125 0.634765625 0.015625 0.0234375
0 0.7216796875 0.6220703125 0.013671875 0.029296875
0 0.7373046875 0.6240234375 0.017578125 0.033203125
0 0.595703125 0.7236328125 0.01171875 0.029296875
0 0.6142578125 0.7392578125 0.013671875 0.033203125
0 0.6328125 0.73828125 0.01171875 0.03125
0 0.5966796875 0.779296875 0.025390625 0.015625
0 0.7490234375 0.7685546875 0.013671875 0.033203125
0 0.63671875 0.7734375 0.01953125 0.03125
0 0.5986328125 0.8525390625 0.033203125 0.017578125
0 0.59765625 0.87109375 0.03515625 0.015625
0 0.60546875 0.888671875 0.03125 0.015625
0 0.6083984375 0.904296875 0.025390625 0.015625
0 0.60546875 0.9375 0.03125 0.015625
0 0.599609375 0.9560546875 0.02734375 0.013671875
0 0.6103515625 0.9736328125 0.029296875 0.009765625
0 0.6513671875 0.732421875 0.013671875 0.03515625
0 0.6982421875 0.9443359375 0.037109375 0.017578125
0 0.69921875 0.9765625 0.03125 0.015625
0 0.7490234375 0.9560546875 0.029296875 0.017578125
0 0.7412109375 0.974609375 0.037109375 0.015625
0 0.833984375 0.87890625 0.0390625 0.015625
0 0.8291015625 0.9140625 0.033203125 0.01953125
0 0.83984375 0.9873046875 0.03125 0.013671875
