0 0.244140625 0.3076171875 0.0234375 0.041015625
0 0.265625 0.3466796875 0.01953125 0.037109375
0 0.2373046875 0.0625 0.041015625 0.0234375
0 0.3916015625 0.0185546875 0.041015625 0.025390625
0 0.498046875 0.4814453125 0.01953125 0.041015625
0 0.5869140625 0.4833984375 0.033203125 0.021484375
0 0.6015625 0.4609375 0.02734375 0.01953125
0 0.513671875 0.8388671875 0.0234375 0.037109375
0 0.6328125 0.8837890625 0.0234375 0.033203125
0 0.58203125 0.884765625 0.0234375 0.04296875
0 0.5576171875 0.884765625 0.025390625 0.04296875
