0 0.0302734375 0.189453125 0.041015625 0.01953125
0 0.0439453125 0.20703125 0.033203125 0.015625
0 0.1435546875 0.1826171875 0.041015625 0.017578125
0 0.1435546875 0.2021484375 0.041015625 0.021484375
0 0.13671875 0.1044921875 0.046875 0.017578125
0 0.0556640625 0.2958984375 0.044921875 0.021484375
0 0.1494140625 0.3193359375 0.041015625 0.021484375
0 0.1435546875 0.2998046875 0.033203125 0.017578125
0 0.056640625 0.4296875 0.04296875 0.0234375
0 0.1513671875 0.4375 0.044921875 0.0234375
0 0.150390625 0.376953125 0.04296875 0.015625
0 0.150390625 0.39453125 0.04296875 0.01953125
0 0.056640625 0.3408203125 0.046875 0.017578125
0 0.0625 0.3837890625 0.04296875 0.025390625
0 0.0595703125 0.4072265625 0.037109375 0.021484375
0 0.021484375 0.5146484375 0.0390625 0.021484375
0 0.017578125 0.453125 0.03515625 0.01953125
0 0.0615234375 0.4951171875 0.041015625 0.021484375
0 0.0703125 0.5166015625 0.0390625 0.021484375
0 0.1435546875 0.4609375 0.044921875 0.01953125
0 0.146484375 0.4814453125 0.0390625 0.021484375
0 0.1533203125 0.5263671875 0.033203125 0.017578125
0 0.15625 0.5693359375 0.04296875 0.021484375
0 0.1572265625 0.58984375 0.044921875 0.01953125
0 0.1572265625 0.6103515625 0.044921875 0.021484375
0 0.0771484375 0.5869140625 0.044921875 0.021484375
0 0.0771484375 0.564453125 0.044921875 0.0234375
0 0.07421875 0.54296875 0.04296875 0.01953125
0 0.05859375 0.626953125 0.0390625 0.0234375
0 0.0576171875 0.6474609375 0.037109375 0.017578125
0 0.0673828125 0.6669921875 0.037109375 0.021484375
0 0.0693359375 0.689453125 0.041015625 0.0234375
0 0.0244140625 0.7197265625 0.041015625 0.021484375
0 0.0693359375 0.7138671875 0.037109375 0.017578125
0 0.0732421875 0.7578125 0.048828125 0.0234375
0 0.162109375 0.662109375 0.03515625 0.01953125
0 0.1640625 0.7333984375 0.0390625 0.021484375
0 0.1630859375 0.7119140625 0.033203125 0.021484375
0 0.1650390625 0.7548828125 0.041015625 0.021484375
0 0.162109375 0.8037109375 0.04296875 0.017578125
0 0.162109375 0.822265625 0.04296875 0.01953125
0 0.0283203125 0.9072265625 0.044921875 0.021484375
0 0.021484375 0.9267578125 0.03125 0.017578125
0 0.03125 0.880859375 0.03515625 0.01953125
0 0.0732421875 0.8798828125 0.037109375 0.017578125
0 0.0712890625 0.826171875 0.037109375 0.015625
0 0.16796875 0.9091796875 0.046875 0.021484375
0 0.4794921875 0.5234375 0.037109375 0.01953125
0 0.48046875 0.546875 0.0390625 0.01953125
0 0.4833984375 0.591796875 0.033203125 0.01953125
0 0.4833984375 0.6123046875 0.041015625 0.017578125
0 0.486328125 0.6904296875 0.0390625 0.017578125
0 0.4912109375 0.7119140625 0.033203125 0.017578125
0 0.4853515625 0.7724609375 0.048828125 0.021484375
0 0.4931640625 0.7919921875 0.037109375 0.017578125
0 0.498046875 0.810546875 0.03515625 0.01953125
0 0.4931640625 0.83203125 0.037109375 0.01953125
0 0.4951171875 0.8525390625 0.041015625 0.021484375
0 0.49609375 0.873046875 0.04296875 0.01953125
0 0.49609375 0.892578125 0.04296875 0.01953125
0 0.4990234375 0.912109375 0.037109375 0.01953125
0 0.5 0.931640625 0.0390625 0.01953125
0 0.5 0.953125 0.0390625 0.0234375
0 0.5029296875 0.97265625 0.037109375 0.015625
0 0.9326171875 0.875 0.041015625 0.015625
0 0.927734375 0.857421875 0.03515625 0.01953125
0 0.8818359375 0.8779296875 0.044921875 0.017578125
0 0.8759765625 0.8056640625 0.041015625 0.021484375
0 0.8095703125 0.75 0.021484375 0.03515625
0 0.8125 0.7919921875 0.0234375 0.037109375
0 0.919921875 0.75390625 0.04296875 0.01953125
0 0.9228515625 0.78515625 0.041015625 0.01953125
0 0.873046875 0.76953125 0.03515625 0.01953125
0 0.9287109375 0.8212890625 0.041015625 0.017578125
0 0.9267578125 0.8388671875 0.037109375 0.017578125
0 0.927734375 0.8037109375 0.03125 0.017578125
0 0.7734375 0.6416015625 0.0390625 0.021484375
0 0.7734375 0.6611328125 0.0390625 0.017578125
0 0.7666015625 0.5576171875 0.041015625 0.017578125
0 0.798828125 0.4775390625 0.01953125 0.037109375
0 0.8173828125 0.4833984375 0.017578125 0.041015625
0 0.8349609375 0.482421875 0.017578125 0.0390625
0 0.8544921875 0.482421875 0.021484375 0.0390625
0 0.875 0.4794921875 0.01953125 0.033203125
0 0.8935546875 0.478515625 0.017578125 0.03125
0 0.912109375 0.4775390625 0.01953125 0.029296875
0 0.9326171875 0.4814453125 0.021484375 0.037109375
0 0.869140625 0.5966796875 0.03515625 0.021484375
0 0.873046875 0.615234375 0.04296875 0.015625
0 0.8681640625 0.634765625 0.048828125 0.01953125
0 0.869140625 0.65234375 0.03515625 0.015625
0 0.869140625 0.685546875 0.04296875 0.01953125
0 0.8740234375 0.7021484375 0.041015625 0.013671875
0 0.8720703125 0.7177734375 0.037109375 0.017578125
0 0.916015625 0.6328125 0.046875 0.015625
0 0.916015625 0.6494140625 0.03515625 0.017578125
0 0.91796875 0.66796875 0.0390625 0.01953125
0 0.91796875 0.6845703125 0.0390625 0.013671875
0 0.921875 0.701171875 0.046875 0.01953125
0 0.7763671875 0.7138671875 0.041015625 0.017578125
0 0.783203125 0.919921875 0.0390625 0.015625
0 0.876953125 0.2080078125 0.01953125 0.044921875
0 0.9013671875 0.20703125 0.013671875 0.03515625
0 0.896484375 0.1201171875 0.01953125 0.041015625
0 0.9208984375 0.1181640625 0.017578125 0.041015625
0 0.802734375 0.20703125 0.02734375 0.04296875
0 0.7822265625 0.208984375 0.021484375 0.0390625
0 0.7607421875 0.2099609375 0.021484375 0.037109375
0 0.6962890625 0.1181640625 0.013671875 0.033203125
0 0.7177734375 0.119140625 0.013671875 0.03125
0 0.7412109375 0.123046875 0.017578125 0.0390625
0 0.759765625 0.1201171875 0.01953125 0.033203125
0 0.7802734375 0.1220703125 0.021484375 0.033203125
0 0.8154296875 0.1640625 0.037109375 0.0234375
0 0.826171875 0.12109375 0.015625 0.0390625
0 0.8505859375 0.119140625 0.017578125 0.046875
0 0.4580078125 0.0869140625 0.048828125 0.025390625
0 0.4638671875 0.1298828125 0.037109375 0.017578125
0 0.4619140625 0.150390625 0.033203125 0.015625
0 0.4677734375 0.1884765625 0.044921875 0.017578125
0 0.466796875 0.205078125 0.04296875 0.015625
0 0.46875 0.2255859375 0.046875 0.025390625
0 0.4716796875 0.2490234375 0.041015625 0.021484375
0 0.470703125 0.2705078125 0.0390625 0.021484375
0 0.466796875 0.2900390625 0.046875 0.017578125
0 0.4658203125 0.3076171875 0.037109375 0.017578125
0 0.46875 0.3271484375 0.04296875 0.021484375
0 0.4697265625 0.3486328125 0.044921875 0.021484375
0 0.470703125 0.3701171875 0.046875 0.021484375
0 0.4736328125 0.4033203125 0.041015625 0.017578125
0 0.4765625 0.4248046875 0.04296875 0.025390625
0 0.4765625 0.4462890625 0.04296875 0.017578125
0 0.4755859375 0.46484375 0.041015625 0.01953125
0 0.52734375 0.4482421875 0.015625 0.041015625
0 0.4765625 0.4853515625 0.04296875 0.021484375
0 0.48046875 0.5048828125 0.03515625 0.017578125
0 0.529296875 0.4873046875 0.01953125 0.037109375
0 0.935546875 0.970703125 0.03515625 0.02734375
0 0.8203125 0.9716796875 0.03515625 0.017578125
0 0.783203125 0.955078125 0.0390625 0.015625
0 0.7822265625 0.8466796875 0.037109375 0.013671875
0 0.783203125 0.86328125 0.0390625 0.01953125
0 0.783203125 0.8828125 0.0390625 0.01953125
0 0.87890625 0.837890625 0.046875 0.015625
0 0.7783203125 0.74609375 0.041015625 0.015625
0 0.9150390625 0.59375 0.033203125 0.015625
0 0.9169921875 0.6162109375 0.044921875 0.017578125
0 0.7685546875 0.5390625 0.037109375 0.01953125
0 0.7705078125 0.57421875 0.037109375 0.015625
0 0.7705078125 0.5205078125 0.033203125 0.017578125
0 0.7548828125 0.431640625 0.017578125 0.04296875
0 0.0166015625 0.990234375 0.033203125 0.01953125
0 0.1748046875 0.96484375 0.037109375 0.01953125
0 0.0302734375 0.09375 0.029296875 0.015625
0 0.134765625 0.0625 0.04296875 0.01953125
0 0.4560546875 0.0302734375 0.037109375 0.017578125
0 0.45703125 0.046875 0.0390625 0.015625
0 0.45703125 0.064453125 0.0390625 0.01953125
0 0.5205078125 0.03125 0.033203125 0.0234375
0 0.0712890625 0.779296875 0.044921875 0.01953125
0 0.064453125 0.8046875 0.05078125 0.02734375
0 0.0859375 0.9736328125 0.0390625 0.017578125
