0 0.2509765625 0.3046875 0.021484375 0.03515625
0 0.51953125 0.2998046875 0.01953125 0.033203125
0 0.58203125 0.279296875 0.01953125 0.03515625
0 0.609375 0.2822265625 0.01953125 0.037109375
0 0.6083984375 0.3193359375 0.025390625 0.033203125
0 0.8603515625 0.2666015625 0.017578125 0.037109375
0 0.8408203125 0.951171875 0.041015625 0.01953125
0 0.9404296875 0.9111328125 0.021484375 0.037109375
0 0.7412109375 0.5986328125 0.025390625 0.041015625
0 0.248046875 0.4072265625 0.0390625 0.029296875
