0 0.3623046875 0.0107421875 0.033203125 0.017578125
0 0.359375 0.029296875 0.0390625 0.01953125
0 0.361328125 0.046875 0.03515625 0.015625
0 0.361328125 0.0654296875 0.04296875 0.017578125
0 0.451171875 0.0244140625 0.04296875 0.021484375
0 0.9140625 0.046875 0.01953125 0.03515625
0 0.935546875 0.0498046875 0.0234375 0.037109375
0 0.958984375 0.044921875 0.01953125 0.0390625
0 0.982421875 0.0517578125 0.015625 0.037109375
0 0.9697265625 0.1533203125 0.041015625 0.021484375
0 0.7353515625 0.2392578125 0.017578125 0.037109375
0 0.806640625 0.2421875 0.01953125 0.03515625
0 0.8056640625 0.29296875 0.017578125 0.03125
0 0.810546875 0.373046875 0.01953125 0.03515625
0 0.8115234375 0.4130859375 0.017578125 0.037109375
0 0.8154296875 0.4892578125 0.017578125 0.037109375
0 0.7373046875 0.3330078125 0.021484375 0.029296875
0 0.7451171875 0.39453125 0.017578125 0.03515625
0 0.744140625 0.4541015625 0.015625 0.029296875
0 0.755859375 0.490234375 0.01953125 0.02734375
0 0.7490234375 0.533203125 0.017578125 0.03125
0 0.8046875 0.4521484375 0.015625 0.025390625
0 0.822265625 0.66015625 0.0234375 0.04296875
0 0.763671875 0.7490234375 0.02734375 0.037109375
0 0.83203125 0.7978515625 0.01953125 0.037109375
0 0.8330078125 0.8447265625 0.021484375 0.044921875
0 0.8359375 0.8994140625 0.0234375 0.041015625
0 0.83984375 0.9443359375 0.01953125 0.037109375
0 0.8408203125 0.9814453125 0.017578125 0.033203125
0 0.748046875 0.9384765625 0.01953125 0.041015625
0 0.9853515625 0.1845703125 0.013671875 0.029296875
