0 0.294921875 0.2529296875 0.046875 0.021484375
0 0.818359375 0.2041015625 0.04296875 0.025390625
0 0.2333984375 0.4970703125 0.017578125 0.033203125
0 0.236328125 0.5322265625 0.015625 0.029296875
0 0.2978515625 0.6064453125 0.041015625 0.021484375
0 0.33984375 0.6044921875 0.04296875 0.017578125
0 0.4287109375 0.576171875 0.021484375 0.0390625
0 0.447265625 0.5009765625 0.015625 0.037109375
0 0.46875 0.51171875 0.015625 0.0390625
0 0.5185546875 0.5908203125 0.044921875 0.021484375
0 0.021484375 0.87109375 0.0234375 0.04296875
0 0.0166015625 0.7705078125 0.021484375 0.044921875
0 0.439453125 0.75390625 0.01953125 0.0390625
0 0.4853515625 0.76953125 0.017578125 0.03515625
0 0.4814453125 0.6806640625 0.013671875 0.037109375
0 0.4833984375 0.7216796875 0.017578125 0.044921875
0 0.5283203125 0.7939453125 0.041015625 0.021484375
0 0.6611328125 0.7880859375 0.037109375 0.017578125
0 0.5537109375 0.8798828125 0.021484375 0.033203125
0 0.576171875 0.87890625 0.0234375 0.03125
0 0.517578125 0.8837890625 0.01953125 0.029296875
0 0.6640625 0.8818359375 0.01953125 0.025390625
0 0.8515625 0.8564453125 0.04296875 0.041015625
0 0.8984375 0.6943359375 0.04296875 0.021484375
0 0.89453125 0.595703125 0.03515625 0.01953125
0 0.599609375 0.3486328125 0.0234375 0.037109375
0 0.6435546875 0.34765625 0.021484375 0.03515625
0 0.775390625 0.3466796875 0.01953125 0.041015625
0 0.8330078125 0.353515625 0.021484375 0.0390625
0 0.88671875 0.34765625 0.01953125 0.03515625
0 0.9365234375 0.35546875 0.021484375 0.0390625
0 0.8876953125 0.4375 0.041015625 0.01953125
0 0.8857421875 0.455078125 0.037109375 0.015625
0 0.9599609375 0.4736328125 0.029296875 0.017578125
0 0.890625 0.578125 0.03515625 0.015625
