0 0.443359375 0.4697265625 0.01953125 0.041015625
0 0.6787109375 0.484375 0.021484375 0.03515625
0 0.0966796875 0.626953125 0.025390625 0.0390625
0 0.017578125 0.8203125 0.02734375 0.0234375
0 0.8935546875 0.712890625 0.037109375 0.01953125
0 0.63671875 0.7431640625 0.0390625 0.017578125
0 0.623046875 0.8359375 0.0390625 0.01953125
0 0.841796875 0.8232421875 0.0234375 0.033203125
0 0.8544921875 0.8955078125 0.021484375 0.037109375
0 0.609375 0.896484375 0.046875 0.02734375
0 0.60546875 0.9345703125 0.046875 0.029296875
