0 0.060546875 0.5966796875 0.01953125 0.041015625
0 0.0830078125 0.603515625 0.013671875 0.03125
0 0.111328125 0.6015625 0.015625 0.03515625
0 0.1357421875 0.59375 0.017578125 0.0390625
0 0.4560546875 0.587890625 0.017578125 0.0390625
0 0.4990234375 0.583984375 0.021484375 0.0390625
0 0.41015625 0.587890625 0.015625 0.03515625
0 0.3857421875 0.58984375 0.017578125 0.0390625
0 0.357421875 0.5908203125 0.015625 0.037109375
0 0.2763671875 0.3193359375 0.029296875 0.037109375
0 0.3837890625 0.2958984375 0.025390625 0.037109375
0 0.5517578125 0.9609375 0.021484375 0.04296875
0 0.544921875 0.8955078125 0.01953125 0.033203125
