0 0.1435546875 0.966796875 0.037109375 0.01953125
0 0.15234375 0.8955078125 0.0390625 0.025390625
0 0.1484375 0.8544921875 0.0390625 0.017578125
0 0.146484375 0.8291015625 0.046875 0.017578125
0 0.1416015625 0.8076171875 0.041015625 0.017578125
0 0.1357421875 0.767578125 0.041015625 0.01953125
0 0.13671875 0.7880859375 0.03515625 0.013671875
0 0.134765625 0.7421875 0.046875 0.01953125
0 0.1357421875 0.720703125 0.044921875 0.01953125
0 0.13671875 0.69921875 0.04296875 0.015625
0 0.1376953125 0.681640625 0.041015625 0.015625
0 0.142578125 0.662109375 0.0390625 0.01953125
0 0.134765625 0.6357421875 0.0390625 0.017578125
0 0.1337890625 0.6162109375 0.029296875 0.013671875
0 0.1298828125 0.5986328125 0.037109375 0.021484375
0 0.130859375 0.580078125 0.04296875 0.015625
0 0.1337890625 0.55859375 0.041015625 0.01953125
0 0.1298828125 0.5400390625 0.041015625 0.017578125
0 0.123046875 0.5205078125 0.04296875 0.017578125
0 0.123046875 0.494140625 0.03515625 0.01953125
0 0.1220703125 0.474609375 0.041015625 0.01953125
0 0.1298828125 0.4501953125 0.041015625 0.021484375
0 0.12890625 0.431640625 0.0390625 0.01953125
0 0.12109375 0.4140625 0.04296875 0.0234375
0 0.1220703125 0.388671875 0.044921875 0.02734375
0 0.115234375 0.357421875 0.04296875 0.02734375
0 0.1142578125 0.3310546875 0.041015625 0.025390625
0 0.123046875 0.314453125 0.04296875 0.0234375
0 0.1298828125 0.2958984375 0.048828125 0.025390625
0 0.10546875 0.091796875 0.0390625 0.01953125
0 0.080078125 0.060546875 0.01953125 0.0390625
0 0.3017578125 0.0439453125 0.017578125 0.044921875
0 0.3232421875 0.044921875 0.021484375 0.0390625
0 0.361328125 0.044921875 0.01953125 0.04296875
0 0.380859375 0.0478515625 0.01953125 0.041015625
0 0.734375 0.0703125 0.03125 0.015625
0 0.7275390625 0.0947265625 0.037109375 0.017578125
0 0.7353515625 0.12890625 0.041015625 0.01953125
0 0.73828125 0.1513671875 0.04296875 0.017578125
0 0.7333984375 0.1669921875 0.041015625 0.013671875
0 0.73046875 0.185546875 0.0390625 0.0234375
0 0.7392578125 0.2744140625 0.041015625 0.017578125
0 0.740234375 0.2939453125 0.03515625 0.017578125
0 0.7373046875 0.3212890625 0.037109375 0.017578125
0 0.736328125 0.341796875 0.046875 0.01953125
0 0.73046875 0.3623046875 0.03515625 0.017578125
0 0.7333984375 0.380859375 0.037109375 0.015625
0 0.7314453125 0.3974609375 0.025390625 0.009765625
0 0.736328125 0.4140625 0.046875 0.01953125
0 0.7373046875 0.4365234375 0.048828125 0.017578125
0 0.736328125 0.4736328125 0.0390625 0.021484375
0 0.7392578125 0.4580078125 0.037109375 0.017578125
0 0.744140625 0.4931640625 0.03515625 0.013671875
0 0.74609375 0.5166015625 0.046875 0.021484375
0 0.7451171875 0.53515625 0.041015625 0.015625
0 0.748046875 0.5517578125 0.04296875 0.017578125
0 0.7451171875 0.5751953125 0.041015625 0.017578125
0 0.7412109375 0.5966796875 0.041015625 0.017578125
0 0.74609375 0.6171875 0.0390625 0.01953125
0 0.748046875 0.6474609375 0.04296875 0.021484375
0 0.75 0.6748046875 0.0390625 0.017578125
0 0.755859375 0.6953125 0.0390625 0.01953125
0 0.7587890625 0.7216796875 0.041015625 0.021484375
0 0.755859375 0.7431640625 0.04296875 0.017578125
0 0.755859375 0.7646484375 0.04296875 0.021484375
0 0.4658203125 0.201171875 0.017578125 0.03515625
0 0.4833984375 0.203125 0.017578125 0.0390625
0 0.4521484375 0.2548828125 0.037109375 0.029296875
0 0.427734375 0.2783203125 0.0390625 0.021484375
0 0.4326171875 0.3125 0.037109375 0.01953125
0 0.435546875 0.294921875 0.0390625 0.015625
0 0.4365234375 0.34765625 0.041015625 0.0234375
0 0.4375 0.3857421875 0.0390625 0.025390625
0 0.435546875 0.419921875 0.03515625 0.01953125
0 0.435546875 0.4404296875 0.0390625 0.021484375
0 0.4931640625 0.412109375 0.021484375 0.046875
0 0.4638671875 0.46875 0.037109375 0.01953125
0 0.4990234375 0.498046875 0.021484375 0.0390625
0 0.4384765625 0.4892578125 0.037109375 0.017578125
0 0.435546875 0.4013671875 0.03125 0.017578125
0 0.439453125 0.505859375 0.03515625 0.015625
0 0.4443359375 0.5263671875 0.037109375 0.017578125
0 0.4423828125 0.5439453125 0.037109375 0.017578125
0 0.4453125 0.5595703125 0.03125 0.021484375
0 0.4453125 0.5810546875 0.04296875 0.017578125
0 0.4423828125 0.599609375 0.044921875 0.0234375
0 0.4443359375 0.6171875 0.033203125 0.01953125
0 0.455078125 0.6552734375 0.04296875 0.021484375
0 0.451171875 0.671875 0.04296875 0.01953125
0 0.447265625 0.6943359375 0.0390625 0.021484375
0 0.4501953125 0.7158203125 0.029296875 0.017578125
0 0.453125 0.736328125 0.04296875 0.015625
0 0.51171875 0.763671875 0.0234375 0.0390625
0 0.453125 0.77734375 0.03515625 0.01953125
0 0.4560546875 0.796875 0.048828125 0.0234375
0 0.4541015625 0.8173828125 0.041015625 0.021484375
0 0.470703125 0.8466796875 0.03515625 0.021484375
0 0.390625 0.87109375 0.0234375 0.0390625
0 0.46875 0.8984375 0.01953125 0.03515625
0 0.4921875 0.900390625 0.0234375 0.03515625
0 0.2587890625 0.8310546875 0.037109375 0.021484375
0 0.2578125 0.8564453125 0.04296875 0.021484375
0 0.2568359375 0.876953125 0.037109375 0.01953125
0 0.2529296875 0.89453125 0.037109375 0.01953125
0 0.2529296875 0.916015625 0.041015625 0.01953125
0 0.2587890625 0.9384765625 0.041015625 0.021484375
0 0.2587890625 0.958984375 0.041015625 0.01953125
0 0.2607421875 0.978515625 0.037109375 0.0234375
0 0.568359375 0.9326171875 0.04296875 0.025390625
0 0.65234375 0.978515625 0.015625 0.03515625
0 0.609375 0.8349609375 0.03515625 0.021484375
0 0.662109375 0.8369140625 0.04296875 0.021484375
0 0.60546875 0.9091796875 0.015625 0.037109375
0 0.66796875 0.9052734375 0.01953125 0.041015625
0 0.6455078125 0.90625 0.017578125 0.03515625
0 0.6884765625 0.9072265625 0.021484375 0.044921875
0 0.7646484375 0.904296875 0.025390625 0.04296875
0 0.720703125 0.9794921875 0.015625 0.037109375
0 0.7373046875 0.978515625 0.021484375 0.0390625
0 0.8134765625 0.4609375 0.025390625 0.05078125
0 0.892578125 0.4931640625 0.015625 0.037109375
0 0.91015625 0.4775390625 0.015625 0.029296875
0 0.876953125 0.9130859375 0.03125 0.021484375
0 0.87890625 0.9365234375 0.03125 0.021484375
0 0.8916015625 0.9921875 0.037109375 0.015625
