0 0.0625 0.4873046875 0.04296875 0.021484375
0 0.6982421875 0.4775390625 0.017578125 0.037109375
0 0.884765625 0.4345703125 0.01953125 0.041015625
0 0.9267578125 0.4443359375 0.017578125 0.037109375
0 0.96875 0.4248046875 0.01953125 0.041015625
0 0.6083984375 0.982421875 0.037109375 0.01953125
0 0.5244140625 0.8740234375 0.021484375 0.041015625
0 0.51953125 0.7919921875 0.0234375 0.037109375
0 0.5830078125 0.763671875 0.041015625 0.0234375
0 0.5810546875 0.7919921875 0.041015625 0.017578125
0 0.927734375 0.7392578125 0.03125 0.017578125
0 0.9384765625 0.7529296875 0.033203125 0.021484375
0 0.9404296875 0.775390625 0.037109375 0.0234375
