0 0.078125 0.15625 0.02734375 0.04296875
0 0.1787109375 0.154296875 0.021484375 0.03515625
0 0.2060546875 0.1533203125 0.017578125 0.037109375
0 0.2294921875 0.154296875 0.017578125 0.05859375
0 0.2919921875 0.1591796875 0.013671875 0.044921875
0 0.43359375 0.1943359375 0.04296875 0.021484375
1 0.7705078125 0.26171875 0.021484375 0.05078125
0 0.6572265625 0.24609375 0.025390625 0.0390625
0 0.544921875 0.2744140625 0.015625 0.033203125
0 0.5205078125 0.2802734375 0.017578125 0.041015625
0 0.599609375 0.51953125 0.01953125 0.04296875
0 0.373046875 0.662109375 0.03515625 0.01953125
0 0.373046875 0.681640625 0.03515625 0.01953125
0 0.3759765625 0.7265625 0.044921875 0.0234375
0 0.65234375 0.6298828125 0.015625 0.033203125
0 0.57421875 0.646484375 0.0234375 0.05078125
0 0.62890625 0.818359375 0.03125 0.046875
1 0.302734375 0.7646484375 0.02734375 0.087890625
0 0.2353515625 0.873046875 0.060546875 0.03125
