0 0.283203125 0.37109375 0.015625 0.03125
0 0.259765625 0.3798828125 0.01953125 0.029296875
0 0.236328125 0.3837890625 0.015625 0.033203125
0 0.21484375 0.390625 0.015625 0.03125
0 0.26171875 0.1298828125 0.01953125 0.037109375
0 0.2353515625 0.1298828125 0.017578125 0.037109375
0 0.2294921875 0.0380859375 0.029296875 0.044921875
0 0.326171875 0.2060546875 0.04296875 0.021484375
0 0.8828125 0.6640625 0.04296875 0.03515625
0 0.9248046875 0.37890625 0.025390625 0.04296875
0 0.8759765625 0.3896484375 0.025390625 0.044921875
