0 0.5439453125 0.041015625 0.037109375 0.03515625
0 0.0205078125 0.037109375 0.029296875 0.0390625
0 0.0625 0.033203125 0.01953125 0.03515625
0 0.10546875 0.0361328125 0.01953125 0.033203125
0 0.125 0.03125 0.01953125 0.0390625
0 0.123046875 0.083984375 0.0390625 0.01953125
0 0.0166015625 0.310546875 0.017578125 0.03515625
0 0.0595703125 0.310546875 0.021484375 0.03125
0 0.2158203125 0.4541015625 0.041015625 0.021484375
0 0.216796875 0.4765625 0.04296875 0.0234375
0 0.2197265625 0.4970703125 0.048828125 0.017578125
0 0.2197265625 0.517578125 0.048828125 0.0234375
0 0.2265625 0.640625 0.0390625 0.01953125
0 0.232421875 0.6845703125 0.03515625 0.021484375
0 0.2353515625 0.7275390625 0.033203125 0.017578125
0 0.2392578125 0.7646484375 0.041015625 0.021484375
0 0.2314453125 0.791015625 0.041015625 0.0234375
0 0.2373046875 0.83203125 0.044921875 0.01953125
0 0.2412109375 0.8525390625 0.033203125 0.021484375
0 0.2421875 0.89453125 0.04296875 0.0234375
0 0.2841796875 0.9267578125 0.025390625 0.048828125
0 0.3046875 0.88671875 0.0234375 0.03515625
0 0.244140625 0.953125 0.03125 0.01171875
0 0.24609375 0.974609375 0.0390625 0.01953125
0 0.712890625 0.9619140625 0.046875 0.021484375
0 0.7109375 0.9287109375 0.03515625 0.017578125
0 0.708984375 0.9111328125 0.0390625 0.017578125
0 0.6533203125 0.9345703125 0.044921875 0.017578125
0 0.6533203125 0.9150390625 0.044921875 0.021484375
0 0.5517578125 0.939453125 0.041015625 0.0234375
0 0.654296875 0.8798828125 0.0390625 0.017578125
0 0.6552734375 0.8642578125 0.037109375 0.013671875
0 0.642578125 0.84765625 0.04296875 0.01953125
0 0.7119140625 0.8759765625 0.044921875 0.021484375
0 0.7587890625 0.845703125 0.021484375 0.046875
0 0.7841796875 0.875 0.029296875 0.0390625
0 0.7890625 0.95703125 0.01953125 0.04296875
0 0.5537109375 0.8291015625 0.041015625 0.021484375
0 0.5478515625 0.7919921875 0.041015625 0.021484375
0 0.5458984375 0.7294921875 0.033203125 0.017578125
0 0.546875 0.7509765625 0.03515625 0.025390625
0 0.7080078125 0.841796875 0.033203125 0.01953125
0 0.7041015625 0.8076171875 0.029296875 0.017578125
0 0.705078125 0.755859375 0.03125 0.01953125
0 0.6474609375 0.791015625 0.037109375 0.015625
0 0.6484375 0.8115234375 0.03515625 0.017578125
0 0.6455078125 0.7255859375 0.037109375 0.021484375
0 0.6416015625 0.7060546875 0.044921875 0.017578125
0 0.5390625 0.6962890625 0.04296875 0.017578125
0 0.541015625 0.677734375 0.0390625 0.01953125
0 0.6328125 0.642578125 0.0390625 0.015625
0 0.703125 0.6337890625 0.04296875 0.017578125
0 0.7001953125 0.65234375 0.037109375 0.01953125
0 0.6328125 0.5908203125 0.0390625 0.021484375
0 0.6318359375 0.5693359375 0.041015625 0.021484375
0 0.59375 0.5654296875 0.0234375 0.033203125
0 0.5380859375 0.5673828125 0.041015625 0.017578125
0 0.5400390625 0.607421875 0.044921875 0.01953125
0 0.53515625 0.5869140625 0.03515625 0.021484375
0 0.53515625 0.5107421875 0.03125 0.017578125
0 0.5361328125 0.5302734375 0.033203125 0.021484375
0 0.62890625 0.51953125 0.03515625 0.01953125
0 0.685546875 0.513671875 0.03515625 0.01953125
0 0.689453125 0.4931640625 0.0390625 0.021484375
0 0.6904296875 0.4609375 0.033203125 0.01953125
0 0.6279296875 0.478515625 0.041015625 0.01953125
0 0.6259765625 0.4599609375 0.044921875 0.017578125
0 0.529296875 0.45703125 0.05078125 0.015625
0 0.5302734375 0.478515625 0.033203125 0.01953125
0 0.529296875 0.4404296875 0.03515625 0.017578125
0 0.5361328125 0.4189453125 0.041015625 0.017578125
0 0.5341796875 0.375 0.037109375 0.01953125
0 0.62109375 0.373046875 0.04296875 0.01953125
1 0.724609375 0.3740234375 0.0234375 0.060546875
0 0.6181640625 0.3544921875 0.037109375 0.017578125
0 0.6181640625 0.3232421875 0.041015625 0.017578125
0 0.6318359375 0.2470703125 0.044921875 0.029296875
0 0.515625 0.1982421875 0.046875 0.025390625
0 0.638671875 0.16796875 0.0390625 0.03125
0 0.6220703125 0.1396484375 0.041015625 0.025390625
0 0.5185546875 0.1416015625 0.041015625 0.021484375
0 0.5146484375 0.162109375 0.033203125 0.01953125
0 0.765625 0.4775390625 0.02734375 0.044921875
0 0.7822265625 0.794921875 0.025390625 0.0390625
