0 0.181640625 0.474609375 0.0390625 0.01953125
0 0.287109375 0.4267578125 0.03515625 0.021484375
0 0.3134765625 0.859375 0.033203125 0.03515625
0 0.34375 0.078125 0.046875 0.03125
0 0.59375 0.3291015625 0.0390625 0.013671875
0 0.5859375 0.3525390625 0.0390625 0.017578125
0 0.5869140625 0.38671875 0.044921875 0.01953125
0 0.58203125 0.4072265625 0.03515625 0.021484375
0 0.58984375 0.4306640625 0.03515625 0.013671875
0 0.5927734375 0.451171875 0.037109375 0.01953125
0 0.5986328125 0.5712890625 0.041015625 0.017578125
0 0.6005859375 0.6123046875 0.037109375 0.017578125
0 0.5986328125 0.634765625 0.041015625 0.01953125
0 0.599609375 0.5927734375 0.04296875 0.017578125
0 0.595703125 0.732421875 0.03515625 0.0234375
0 0.6064453125 0.7841796875 0.033203125 0.017578125
0 0.609375 0.8056640625 0.03125 0.017578125
0 0.6083984375 0.82421875 0.033203125 0.015625
0 0.8720703125 0.8955078125 0.033203125 0.017578125
0 0.578125 0.970703125 0.015625 0.03515625
0 0.611328125 0.9736328125 0.01953125 0.029296875
