0 0.5888671875 0.3349609375 0.021484375 0.029296875
0 0.638671875 0.318359375 0.02734375 0.03515625
0 0.6767578125 0.2880859375 0.029296875 0.041015625
0 0.619140625 0.1572265625 0.02734375 0.033203125
0 0.640625 0.15234375 0.03125 0.04296875
0 0.666015625 0.15234375 0.0234375 0.03515625
0 0.6494140625 0.2373046875 0.029296875 0.037109375
0 0.6884765625 0.2119140625 0.025390625 0.033203125
0 0.8681640625 0.326171875 0.037109375 0.02734375
0 0.783203125 0.275390625 0.02734375 0.03515625
0 0.8125 0.259765625 0.0234375 0.03515625
0 0.8271484375 0.25 0.021484375 0.02734375
0 0.626953125 0.6474609375 0.03515625 0.033203125
