0 0.0703125 0.953125 0.0234375 0.0390625
0 0.1943359375 0.94140625 0.021484375 0.0390625
0 0.2587890625 0.931640625 0.017578125 0.03515625
0 0.2685546875 0.8203125 0.033203125 0.0234375
0 0.2587890625 0.740234375 0.037109375 0.01953125
0 0.2578125 0.6728515625 0.0390625 0.017578125
0 0.2568359375 0.6337890625 0.037109375 0.021484375
0 0.2568359375 0.6025390625 0.033203125 0.017578125
0 0.251953125 0.5849609375 0.03515625 0.017578125
0 0.251953125 0.5517578125 0.03515625 0.021484375
0 0.2529296875 0.533203125 0.044921875 0.015625
0 0.2529296875 0.515625 0.044921875 0.01953125
0 0.2509765625 0.466796875 0.037109375 0.015625
0 0.25 0.44921875 0.04296875 0.015625
0 0.248046875 0.4296875 0.0390625 0.015625
0 0.244140625 0.3984375 0.03515625 0.01953125
0 0.2470703125 0.3779296875 0.033203125 0.017578125
0 0.244140625 0.3466796875 0.0390625 0.017578125
0 0.244140625 0.3291015625 0.0390625 0.017578125
0 0.2451171875 0.310546875 0.037109375 0.01953125
0 0.2431640625 0.279296875 0.037109375 0.01953125
0 0.244140625 0.259765625 0.03515625 0.01953125
0 0.23828125 0.2119140625 0.03515625 0.017578125
0 0.2373046875 0.1953125 0.037109375 0.015625
0 0.2353515625 0.1767578125 0.041015625 0.021484375
0 0.2353515625 0.15625 0.033203125 0.01953125
0 0.2373046875 0.1259765625 0.041015625 0.021484375
0 0.2314453125 0.1064453125 0.033203125 0.017578125
0 0.232421875 0.087890625 0.03125 0.01953125
0 0.23046875 0.068359375 0.03515625 0.01953125
0 0.552734375 0.01171875 0.04296875 0.015625
0 0.5537109375 0.033203125 0.041015625 0.01953125
0 0.626953125 0.046875 0.01953125 0.03515625
0 0.5595703125 0.0546875 0.041015625 0.015625
0 0.5673828125 0.07421875 0.037109375 0.015625
0 0.5615234375 0.091796875 0.033203125 0.015625
0 0.5615234375 0.11328125 0.037109375 0.015625
0 0.5615234375 0.1337890625 0.041015625 0.017578125
0 0.5634765625 0.15625 0.041015625 0.015625
0 0.5634765625 0.1748046875 0.037109375 0.013671875
0 0.5634765625 0.193359375 0.037109375 0.01953125
0 0.59765625 0.1923828125 0.015625 0.037109375
0 0.6318359375 0.138671875 0.013671875 0.03125
0 0.6630859375 0.1259765625 0.025390625 0.041015625
0 0.3310546875 0.166015625 0.017578125 0.03515625
0 0.4228515625 0.4619140625 0.025390625 0.041015625
0 0.8857421875 0.087890625 0.041015625 0.0234375
0 0.880859375 0.1142578125 0.0390625 0.013671875
0 0.9541015625 0.14453125 0.021484375 0.0390625
0 0.9560546875 0.2373046875 0.025390625 0.041015625
0 0.9619140625 0.3408203125 0.033203125 0.056640625
0 0.9453125 0.375 0.0234375 0.03515625
0 0.8984375 0.5234375 0.0390625 0.0234375
0 0.3916015625 0.6083984375 0.048828125 0.025390625
1 0.390625 0.685546875 0.0625 0.01953125
1 0.380859375 0.7353515625 0.0625 0.021484375
1 0.4013671875 0.77734375 0.064453125 0.02734375
1 0.388671875 0.89453125 0.05078125 0.0234375
1 0.3896484375 0.9169921875 0.052734375 0.021484375
1 0.4033203125 0.9453125 0.060546875 0.015625
0 0.978515625 0.853515625 0.01953125 0.03515625
