0 0.0185546875 0.8486328125 0.037109375 0.017578125
0 0.0166015625 0.9091796875 0.033203125 0.017578125
0 0.025390625 0.951171875 0.03515625 0.015625
0 0.0244140625 0.9716796875 0.037109375 0.013671875
0 0.0244140625 0.9921875 0.033203125 0.015625
0 0.3173828125 0.7578125 0.041015625 0.0234375
0 0.3056640625 0.830078125 0.037109375 0.015625
1 0.400390625 0.888671875 0.01953125 0.0546875
0 0.3994140625 0.7421875 0.037109375 0.01953125
0 0.46484375 0.8916015625 0.0234375 0.037109375
0 0.7265625 0.984375 0.0390625 0.015625
0 0.7275390625 0.9609375 0.041015625 0.015625
0 0.73046875 0.943359375 0.03515625 0.01953125
0 0.7314453125 0.9208984375 0.041015625 0.017578125
0 0.7275390625 0.8994140625 0.037109375 0.021484375
0 0.724609375 0.880859375 0.03515625 0.015625
0 0.7265625 0.86328125 0.0390625 0.01953125
0 0.72265625 0.8388671875 0.03515625 0.017578125
0 0.72265625 0.8203125 0.03515625 0.01953125
0 0.7314453125 0.798828125 0.041015625 0.01953125
0 0.724609375 0.779296875 0.0390625 0.01953125
0 0.71484375 0.759765625 0.03515625 0.01953125
0 0.712890625 0.73828125 0.03515625 0.0234375
0 0.0283203125 0.0302734375 0.017578125 0.037109375
0 0.046875 0.0302734375 0.01953125 0.037109375
0 0.017578125 0.1162109375 0.0234375 0.041015625
0 0.0390625 0.1171875 0.01953125 0.04296875
0 0.0576171875 0.111328125 0.017578125 0.03125
0 0.1630859375 0.029296875 0.025390625 0.04296875
0 0.1396484375 0.1103515625 0.017578125 0.041015625
0 0.1748046875 0.1083984375 0.017578125 0.041015625
0 0.1923828125 0.1064453125 0.017578125 0.037109375
0 0.2353515625 0.1064453125 0.013671875 0.044921875
0 0.2685546875 0.0185546875 0.017578125 0.033203125
0 0.287109375 0.015625 0.01953125 0.02734375
0 0.4638671875 0.10546875 0.017578125 0.0390625
0 0.41015625 0.095703125 0.01953125 0.0390625
0 0.486328125 0.1025390625 0.01171875 0.033203125
0 0.5048828125 0.0966796875 0.017578125 0.033203125
0 0.6337890625 0.0947265625 0.013671875 0.048828125
0 0.6728515625 0.0966796875 0.021484375 0.044921875
0 0.7119140625 0.0927734375 0.013671875 0.044921875
0 0.751953125 0.0947265625 0.0234375 0.044921875
0 0.787109375 0.08984375 0.01953125 0.04296875
0 0.90234375 0.08984375 0.015625 0.04296875
0 0.8193359375 0.1484375 0.060546875 0.0234375
0 0.5458984375 0.1572265625 0.060546875 0.021484375
0 0.873046875 0.265625 0.04296875 0.01953125
0 0.9248046875 0.2783203125 0.044921875 0.029296875
0 0.8720703125 0.2880859375 0.037109375 0.025390625
