0 0.970703125 0.248046875 0.0234375 0.03515625
0 0.9462890625 0.248046875 0.025390625 0.03515625
0 0.9091796875 0.3056640625 0.041015625 0.025390625
0 0.8828125 0.25390625 0.01953125 0.03515625
0 0.861328125 0.25 0.0234375 0.03515625
0 0.8251953125 0.265625 0.021484375 0.04296875
0 0.7744140625 0.255859375 0.017578125 0.03515625
0 0.75390625 0.2578125 0.0234375 0.03125
0 0.69140625 0.2578125 0.01953125 0.03515625
0 0.671875 0.251953125 0.01953125 0.03125
0 0.6279296875 0.2578125 0.017578125 0.03515625
0 0.5986328125 0.2607421875 0.025390625 0.037109375
0 0.53125 0.26171875 0.015625 0.03515625
0 0.509765625 0.26171875 0.01171875 0.03125
0 0.4873046875 0.2646484375 0.017578125 0.041015625
0 0.4697265625 0.2646484375 0.017578125 0.029296875
0 0.44921875 0.2626953125 0.0234375 0.033203125
0 0.396484375 0.2724609375 0.015625 0.033203125
0 0.37890625 0.26953125 0.01953125 0.0390625
0 0.3505859375 0.2705078125 0.017578125 0.033203125
0 0.3271484375 0.275390625 0.017578125 0.03515625
0 0.3037109375 0.28125 0.017578125 0.03125
0 0.259765625 0.2763671875 0.01953125 0.033203125
0 0.2666015625 0.3076171875 0.037109375 0.021484375
0 0.2392578125 0.2744140625 0.021484375 0.029296875
0 0.2119140625 0.3046875 0.041015625 0.0234375
1 0.25390625 0.4111328125 0.02734375 0.060546875
0 0.21484375 0.4365234375 0.0390625 0.021484375
0 0.2119140625 0.4580078125 0.041015625 0.013671875
0 0.21484375 0.474609375 0.046875 0.01953125
0 0.21875 0.494140625 0.0390625 0.01953125
0 0.21875 0.5126953125 0.0390625 0.017578125
0 0.2216796875 0.5498046875 0.037109375 0.017578125
0 0.22265625 0.5703125 0.0390625 0.0234375
0 0.2177734375 0.60546875 0.029296875 0.01953125
0 0.224609375 0.630859375 0.03515625 0.01953125
0 0.2236328125 0.6611328125 0.037109375 0.017578125
0 0.224609375 0.6787109375 0.0390625 0.017578125
0 0.22265625 0.6982421875 0.03515625 0.021484375
0 0.23046875 0.7666015625 0.03515625 0.009765625
0 0.3671875 0.625 0.02734375 0.03125
0 0.4072265625 0.6220703125 0.041015625 0.021484375
0 0.3837890625 0.693359375 0.041015625 0.015625
0 0.51171875 0.5634765625 0.01953125 0.041015625
0 0.494140625 0.6435546875 0.03515625 0.021484375
0 0.474609375 0.701171875 0.0390625 0.015625
0 0.38671875 0.71484375 0.02734375 0.015625
0 0.5400390625 0.6669921875 0.037109375 0.021484375
0 0.4736328125 0.7265625 0.037109375 0.015625
0 0.337890625 0.6884765625 0.0390625 0.017578125
0 0.2236328125 0.78125 0.044921875 0.01953125
0 0.2275390625 0.80078125 0.037109375 0.01953125
0 0.228515625 0.8203125 0.0390625 0.01953125
0 0.232421875 0.83984375 0.03125 0.01953125
0 0.234375 0.859375 0.03515625 0.01953125
0 0.2353515625 0.87890625 0.037109375 0.01953125
0 0.234375 0.8974609375 0.03515625 0.017578125
0 0.234375 0.9169921875 0.03515625 0.021484375
0 0.2265625 0.935546875 0.03515625 0.015625
0 0.2626953125 0.9375 0.021484375 0.03515625
0 0.232421875 0.9541015625 0.03125 0.021484375
0 0.2353515625 0.974609375 0.037109375 0.01953125
0 0.337890625 0.9677734375 0.0390625 0.021484375
0 0.6611328125 0.60546875 0.037109375 0.01953125
0 0.64453125 0.5517578125 0.01953125 0.037109375
0 0.669921875 0.5498046875 0.03125 0.033203125
0 0.65234375 0.666015625 0.0390625 0.01953125
0 0.578125 0.7548828125 0.01953125 0.041015625
0 0.62890625 0.8525390625 0.0390625 0.021484375
0 0.66796875 0.833984375 0.03515625 0.01953125
0 0.6728515625 0.873046875 0.048828125 0.01953125
0 0.6513671875 0.9169921875 0.044921875 0.017578125
0 0.587890625 0.9130859375 0.01953125 0.033203125
0 0.796875 0.87109375 0.03125 0.0390625
0 0.8681640625 0.9033203125 0.041015625 0.025390625
0 0.2978515625 0.78125 0.017578125 0.03515625
0 0.6865234375 0.96484375 0.041015625 0.0234375
0 0.931640625 0.8447265625 0.04296875 0.017578125
0 0.93359375 0.826171875 0.0390625 0.01953125
0 0.931640625 0.8056640625 0.04296875 0.021484375
0 0.9296875 0.748046875 0.0390625 0.01953125
0 0.927734375 0.7294921875 0.04296875 0.017578125
0 0.9287109375 0.712890625 0.041015625 0.015625
0 0.9296875 0.6943359375 0.0390625 0.021484375
0 0.9287109375 0.6748046875 0.041015625 0.017578125
0 0.9296875 0.6396484375 0.04296875 0.017578125
0 0.921875 0.599609375 0.0390625 0.01953125
0 0.919921875 0.5458984375 0.03125 0.017578125
0 0.9248046875 0.4814453125 0.033203125 0.017578125
0 0.9208984375 0.462890625 0.041015625 0.01953125
0 0.91796875 0.4423828125 0.046875 0.021484375
