0 0.181640625 0.021484375 0.01953125 0.0390625
0 0.1875 0.1162109375 0.015625 0.033203125
0 0.2080078125 0.1162109375 0.017578125 0.033203125
0 0.931640625 0.0830078125 0.05078125 0.021484375
0 0.7470703125 0.697265625 0.048828125 0.0234375
0 0.75 0.7216796875 0.04296875 0.025390625
0 0.75 0.7470703125 0.04296875 0.025390625
0 0.7568359375 0.876953125 0.041015625 0.01953125
0 0.7578125 0.9052734375 0.046875 0.021484375
0 0.9638671875 0.9384765625 0.037109375 0.029296875
0 0.9599609375 0.8671875 0.033203125 0.02734375
