0 0.1533203125 0.025390625 0.041015625 0.01953125
0 0.1494140625 0.0458984375 0.037109375 0.017578125
0 0.15625 0.0859375 0.03515625 0.01953125
0 0.15625 0.1064453125 0.0390625 0.017578125
0 0.1591796875 0.142578125 0.044921875 0.01953125
0 0.1630859375 0.1611328125 0.041015625 0.017578125
0 0.16015625 0.1806640625 0.04296875 0.017578125
0 0.162109375 0.2001953125 0.0390625 0.021484375
0 0.1611328125 0.2177734375 0.029296875 0.013671875
0 0.01953125 0.3466796875 0.03515625 0.017578125
0 0.138671875 0.3408203125 0.0234375 0.033203125
0 0.1689453125 0.3720703125 0.041015625 0.021484375
0 0.171875 0.4140625 0.0390625 0.01953125
0 0.1708984375 0.43359375 0.037109375 0.01953125
0 0.1748046875 0.4521484375 0.044921875 0.017578125
0 0.1728515625 0.47265625 0.041015625 0.0234375
0 0.1748046875 0.5087890625 0.033203125 0.021484375
0 0.1787109375 0.5283203125 0.041015625 0.017578125
0 0.177734375 0.548828125 0.0390625 0.0234375
0 0.3583984375 0.689453125 0.025390625 0.0390625
0 0.3994140625 0.6865234375 0.021484375 0.044921875
0 0.4228515625 0.6865234375 0.025390625 0.044921875
0 0.53515625 0.6865234375 0.0234375 0.044921875
0 0.5546875 0.6845703125 0.015625 0.041015625
0 0.5751953125 0.6845703125 0.025390625 0.041015625
0 0.6005859375 0.6826171875 0.025390625 0.037109375
0 0.6611328125 0.6298828125 0.025390625 0.041015625
0 0.68359375 0.625 0.01953125 0.03125
0 0.7060546875 0.67578125 0.021484375 0.046875
0 0.74609375 0.6298828125 0.0234375 0.048828125
0 0.7744140625 0.55859375 0.037109375 0.03515625
0 0.76953125 0.6279296875 0.0234375 0.044921875
0 0.7900390625 0.625 0.017578125 0.0390625
0 0.810546875 0.623046875 0.0234375 0.03515625
0 0.833984375 0.626953125 0.0234375 0.04296875
0 0.849609375 0.0224609375 0.04296875 0.017578125
0 0.849609375 0.0419921875 0.04296875 0.021484375
0 0.8515625 0.0625 0.046875 0.01953125
0 0.853515625 0.080078125 0.0390625 0.015625
0 0.8544921875 0.0986328125 0.041015625 0.021484375
0 0.8564453125 0.162109375 0.041015625 0.01953125
0 0.8583984375 0.1865234375 0.033203125 0.017578125
0 0.857421875 0.2294921875 0.03515625 0.021484375
0 0.8564453125 0.2529296875 0.033203125 0.017578125
0 0.7998046875 0.3173828125 0.021484375 0.029296875
0 0.732421875 0.314453125 0.01953125 0.02734375
0 0.5166015625 0.3271484375 0.025390625 0.037109375
0 0.49609375 0.32421875 0.0234375 0.04296875
0 0.474609375 0.326171875 0.01953125 0.0390625
0 0.4482421875 0.32421875 0.017578125 0.0390625
0 0.4287109375 0.32421875 0.021484375 0.0390625
0 0.4072265625 0.3251953125 0.021484375 0.037109375
0 0.3828125 0.3251953125 0.02734375 0.037109375
0 0.359375 0.326171875 0.01953125 0.03515625
0 0.3369140625 0.3310546875 0.017578125 0.041015625
0 0.3154296875 0.3349609375 0.021484375 0.044921875
0 0.4423828125 0.2646484375 0.025390625 0.041015625
0 0.4482421875 0.205078125 0.041015625 0.01953125
0 0.4462890625 0.1865234375 0.044921875 0.017578125
0 0.4423828125 0.1708984375 0.052734375 0.013671875
0 0.44140625 0.1533203125 0.0390625 0.021484375
0 0.439453125 0.1201171875 0.0390625 0.021484375
0 0.4365234375 0.0859375 0.033203125 0.015625
0 0.435546875 0.068359375 0.03515625 0.01953125
0 0.435546875 0.048828125 0.03515625 0.01953125
0 0.4365234375 0.029296875 0.033203125 0.01953125
0 0.5283203125 0.0556640625 0.041015625 0.021484375
0 0.5302734375 0.0361328125 0.037109375 0.017578125
0 0.53125 0.017578125 0.03515625 0.01953125
0 0.5771484375 0.0166015625 0.041015625 0.021484375
0 0.580078125 0.048828125 0.0390625 0.01953125
0 0.578125 0.0673828125 0.03515625 0.017578125
0 0.58203125 0.0859375 0.03515625 0.01953125
0 0.5810546875 0.10546875 0.033203125 0.01953125
0 0.36328125 0.7958984375 0.02734375 0.041015625
0 0.3896484375 0.7958984375 0.025390625 0.041015625
0 0.41015625 0.7919921875 0.015625 0.033203125
0 0.421875 0.7509765625 0.03125 0.021484375
0 0.470703125 0.7255859375 0.04296875 0.021484375
0 0.4619140625 0.7890625 0.029296875 0.04296875
0 0.484375 0.783203125 0.015625 0.03125
0 0.5283203125 0.79296875 0.029296875 0.0390625
0 0.6435546875 0.787109375 0.017578125 0.0390625
0 0.6630859375 0.7861328125 0.021484375 0.037109375
