0 0.0458984375 0.6396484375 0.041015625 0.021484375
0 0.04296875 0.619140625 0.046875 0.01953125
0 0.044921875 0.58203125 0.0390625 0.015625
0 0.048828125 0.5634765625 0.0390625 0.017578125
0 0.046875 0.5458984375 0.03515625 0.017578125
0 0.0458984375 0.5263671875 0.037109375 0.021484375
0 0.046875 0.505859375 0.03515625 0.01953125
0 0.0439453125 0.486328125 0.041015625 0.01953125
0 0.04296875 0.4677734375 0.04296875 0.017578125
0 0.0419921875 0.4482421875 0.037109375 0.021484375
0 0.0390625 0.427734375 0.04296875 0.01953125
0 0.037109375 0.41015625 0.03515625 0.015625
0 0.0361328125 0.3916015625 0.037109375 0.021484375
0 0.0439453125 0.3291015625 0.041015625 0.029296875
0 0.0224609375 0.2724609375 0.041015625 0.017578125
0 0.1865234375 0.724609375 0.017578125 0.03515625
1 0.2265625 0.7177734375 0.01953125 0.056640625
0 0.2490234375 0.73046875 0.013671875 0.03125
1 0.26953125 0.7138671875 0.0234375 0.056640625
0 0.4453125 0.697265625 0.02734375 0.05078125
0 0.52734375 0.705078125 0.03125 0.06640625
0 0.572265625 0.70703125 0.01953125 0.0390625
0 0.591796875 0.70703125 0.01953125 0.0390625
0 0.6123046875 0.70703125 0.021484375 0.0390625
0 0.634765625 0.7080078125 0.0234375 0.041015625
0 0.669921875 0.705078125 0.015625 0.046875
0 0.8916015625 0.697265625 0.021484375 0.04296875
0 0.9375 0.6982421875 0.0234375 0.048828125
