0 0.681640625 0.896484375 0.0390625 0.015625
0 0.41796875 0.9130859375 0.046875 0.029296875
0 0.2724609375 0.8876953125 0.017578125 0.033203125
0 0.365234375 0.873046875 0.015625 0.03125
0 0.203125 0.892578125 0.01953125 0.0390625
0 0.1806640625 0.8935546875 0.013671875 0.033203125
0 0.1572265625 0.8896484375 0.017578125 0.033203125
0 0.11328125 0.888671875 0.01953125 0.03125
0 0.0888671875 0.88671875 0.017578125 0.03125
0 0.046875 0.8994140625 0.01953125 0.033203125
0 0.0224609375 0.900390625 0.017578125 0.03125
0 0.1259765625 0.025390625 0.013671875 0.0234375
0 0.1025390625 0.021484375 0.009765625 0.01953125
0 0.10546875 0.52734375 0.03515625 0.015625
0 0.10546875 0.5478515625 0.0390625 0.017578125
0 0.10546875 0.5673828125 0.0390625 0.013671875
0 0.1513671875 0.5830078125 0.037109375 0.017578125
0 0.1103515625 0.6044921875 0.041015625 0.017578125
0 0.1533203125 0.6181640625 0.041015625 0.017578125
0 0.0859375 0.3623046875 0.03515625 0.013671875
0 0.087890625 0.3447265625 0.02734375 0.017578125
0 0.091796875 0.310546875 0.04296875 0.01953125
0 0.0888671875 0.2919921875 0.041015625 0.017578125
0 0.13671875 0.2587890625 0.0390625 0.017578125
0 0.2353515625 0.291015625 0.037109375 0.01953125
0 0.140625 0.3359375 0.03125 0.015625
0 0.1376953125 0.3583984375 0.033203125 0.013671875
0 0.279296875 0.3212890625 0.04296875 0.017578125
0 0.244140625 0.361328125 0.02734375 0.015625
0 0.2822265625 0.37890625 0.037109375 0.015625
0 0.3603515625 0.3896484375 0.041015625 0.017578125
0 0.3603515625 0.3583984375 0.037109375 0.017578125
0 0.357421875 0.318359375 0.04296875 0.01953125
0 0.35546875 0.2763671875 0.03515625 0.017578125
0 0.2412109375 0.46484375 0.041015625 0.01953125
0 0.23828125 0.4443359375 0.03125 0.013671875
0 0.2373046875 0.4970703125 0.037109375 0.013671875
0 0.2841796875 0.5 0.041015625 0.015625
0 0.2822265625 0.5166015625 0.041015625 0.017578125
0 0.36328125 0.509765625 0.0390625 0.01953125
0 0.41796875 0.541015625 0.04296875 0.01953125
0 0.3232421875 0.58984375 0.029296875 0.01171875
0 0.4052734375 0.478515625 0.033203125 0.015625
0 0.4111328125 0.4267578125 0.037109375 0.017578125
0 0.40625 0.2822265625 0.03125 0.017578125
0 0.40234375 0.240234375 0.0390625 0.01953125
0 0.396484375 0.2158203125 0.03515625 0.013671875
0 0.3984375 0.1787109375 0.0390625 0.017578125
0 0.3974609375 0.1591796875 0.037109375 0.017578125
0 0.392578125 0.1328125 0.03515625 0.015625
0 0.3935546875 0.0947265625 0.041015625 0.017578125
0 0.4697265625 0.58203125 0.025390625 0.02734375
0 0.42578125 0.6015625 0.0390625 0.015625
0 0.4169921875 0.6220703125 0.041015625 0.017578125
0 0.4228515625 0.642578125 0.037109375 0.015625
0 0.427734375 0.6630859375 0.0390625 0.017578125
0 0.4228515625 0.6845703125 0.041015625 0.017578125
0 0.423828125 0.7236328125 0.04296875 0.021484375
0 0.4267578125 0.7470703125 0.041015625 0.017578125
0 0.427734375 0.767578125 0.04296875 0.015625
0 0.4248046875 0.7861328125 0.037109375 0.013671875
0 0.25 0.857421875 0.015625 0.02734375
0 0.251953125 0.896484375 0.015625 0.02734375
0 0.72265625 0.8037109375 0.0390625 0.021484375
0 0.8203125 0.7763671875 0.04296875 0.017578125
0 0.8212890625 0.75 0.041015625 0.015625
0 0.81640625 0.7314453125 0.03125 0.013671875
0 0.8193359375 0.685546875 0.037109375 0.015625
0 0.8193359375 0.62890625 0.041015625 0.01953125
0 0.720703125 0.708984375 0.0390625 0.015625
0 0.7265625 0.689453125 0.0390625 0.01953125
0 0.7138671875 0.671875 0.041015625 0.015625
0 0.71484375 0.654296875 0.03515625 0.01171875
0 0.7119140625 0.634765625 0.037109375 0.015625
0 0.712890625 0.6171875 0.0390625 0.015625
0 0.7138671875 0.5986328125 0.041015625 0.017578125
0 0.71484375 0.578125 0.03515625 0.015625
0 0.708984375 0.5595703125 0.0390625 0.017578125
0 0.708984375 0.5380859375 0.0390625 0.013671875
0 0.771484375 0.5078125 0.01953125 0.03515625
0 0.76953125 0.4423828125 0.015625 0.037109375
0 0.822265625 0.474609375 0.0390625 0.01953125
0 0.818359375 0.43359375 0.0390625 0.01953125
0 0.814453125 0.404296875 0.0390625 0.01953125
0 0.6962890625 0.3369140625 0.041015625 0.017578125
0 0.7001953125 0.3193359375 0.041015625 0.017578125
0 0.697265625 0.2783203125 0.03515625 0.017578125
0 0.697265625 0.2587890625 0.03515625 0.013671875
0 0.6923828125 0.2216796875 0.037109375 0.017578125
0 0.6953125 0.1826171875 0.0390625 0.017578125
0 0.6904296875 0.1279296875 0.041015625 0.017578125
0 0.6884765625 0.07421875 0.041015625 0.01953125
0 0.6826171875 0.0517578125 0.037109375 0.017578125
0 0.791015625 0.0546875 0.0390625 0.03125
