1 0.9287109375 0.9365234375 0.025390625 0.060546875
1 0.865234375 0.908203125 0.0234375 0.04296875
1 0.9248046875 0.8203125 0.021484375 0.0625
1 0.9208984375 0.6923828125 0.025390625 0.060546875
1 0.9150390625 0.62109375 0.025390625 0.0625
1 0.107421875 0.923828125 0.02734375 0.06640625
0 0.7998046875 0.7080078125 0.041015625 0.017578125
0 0.8017578125 0.7255859375 0.037109375 0.017578125
0 0.8037109375 0.7646484375 0.041015625 0.017578125
0 0.8037109375 0.7822265625 0.037109375 0.017578125
0 0.8046875 0.80078125 0.0390625 0.01953125
0 0.7236328125 0.7509765625 0.017578125 0.037109375
0 0.724609375 0.787109375 0.015625 0.03125
0 0.728515625 0.828125 0.01953125 0.03515625
0 0.806640625 0.8349609375 0.046875 0.021484375
0 0.806640625 0.8740234375 0.0390625 0.021484375
0 0.7412109375 0.6044921875 0.017578125 0.037109375
0 0.7646484375 0.6025390625 0.017578125 0.041015625
0 0.810546875 0.6044921875 0.015625 0.037109375
0 0.7138671875 0.443359375 0.044921875 0.015625
0 0.716796875 0.482421875 0.04296875 0.01953125
0 0.7978515625 0.4990234375 0.041015625 0.021484375
0 0.794921875 0.4052734375 0.04296875 0.021484375
0 0.7919921875 0.4404296875 0.033203125 0.013671875
0 0.8017578125 0.45703125 0.037109375 0.01953125
0 0.7958984375 0.4775390625 0.037109375 0.021484375
0 0.7138671875 0.423828125 0.037109375 0.0234375
0 0.7158203125 0.4619140625 0.037109375 0.021484375
0 0.7119140625 0.294921875 0.037109375 0.015625
0 0.712890625 0.3330078125 0.0390625 0.017578125
0 0.712890625 0.3525390625 0.0390625 0.021484375
0 0.7763671875 0.2041015625 0.041015625 0.021484375
0 0.6982421875 0.1669921875 0.037109375 0.017578125
0 0.7724609375 0.1044921875 0.037109375 0.021484375
0 0.77734375 0.064453125 0.03125 0.01953125
0 0.6884765625 0.0712890625 0.037109375 0.017578125
0 0.6962890625 0.126953125 0.041015625 0.015625
0 0.8642578125 0.24609375 0.021484375 0.03515625
0 0.794921875 0.3671875 0.03515625 0.015625
0 0.7939453125 0.3466796875 0.037109375 0.025390625
0 0.7890625 0.2880859375 0.03125 0.021484375
0 0.796875 0.23828125 0.03515625 0.0234375
