1 0.220703125 0.1044921875 0.0234375 0.060546875
1 0.224609375 0.171875 0.0234375 0.05859375
1 0.23046875 0.2548828125 0.03125 0.083984375
1 0.2333984375 0.3310546875 0.021484375 0.060546875
1 0.236328125 0.396484375 0.02734375 0.05859375
1 0.1181640625 0.2626953125 0.029296875 0.083984375
1 0.1240234375 0.3515625 0.033203125 0.0859375
1 0.130859375 0.4521484375 0.03515625 0.087890625
1 0.1357421875 0.5625 0.029296875 0.08984375
1 0.1376953125 0.6572265625 0.029296875 0.087890625
1 0.1455078125 0.740234375 0.025390625 0.05859375
1 0.1494140625 0.8232421875 0.025390625 0.080078125
1 0.08203125 0.86328125 0.046875 0.0546875
1 0.15625 0.904296875 0.0234375 0.05859375
1 0.2626953125 0.8759765625 0.033203125 0.087890625
1 0.2568359375 0.78515625 0.025390625 0.078125
1 0.2529296875 0.6689453125 0.025390625 0.083984375
1 0.2470703125 0.5751953125 0.029296875 0.083984375
1 0.3291015625 0.6923828125 0.048828125 0.048828125
1 0.326171875 0.76953125 0.0546875 0.046875
1 0.3310546875 0.7978515625 0.044921875 0.044921875
1 0.330078125 0.8359375 0.04296875 0.04296875
1 0.3056640625 0.318359375 0.025390625 0.0859375
1 0.2958984375 0.1259765625 0.021484375 0.060546875
0 0.095703125 0.990234375 0.04296875 0.01953125
0 0.099609375 0.96875 0.04296875 0.0234375
0 0.0908203125 0.931640625 0.044921875 0.01953125
0 0.0927734375 0.908203125 0.041015625 0.0234375
0 0.2880859375 0.7744140625 0.021484375 0.041015625
0 0.080078125 0.798828125 0.0390625 0.01953125
0 0.0830078125 0.779296875 0.044921875 0.01953125
0 0.0791015625 0.7587890625 0.041015625 0.021484375
0 0.076171875 0.7216796875 0.0390625 0.025390625
0 0.330078125 0.6611328125 0.0390625 0.037109375
0 0.3251953125 0.609375 0.041015625 0.02734375
0 0.3115234375 0.5009765625 0.037109375 0.025390625
0 0.244140625 0.46484375 0.01953125 0.03515625
0 0.2041015625 0.4775390625 0.021484375 0.044921875
0 0.2607421875 0.0625 0.021484375 0.0390625
0 0.0703125 0.611328125 0.046875 0.0234375
0 0.0498046875 0.111328125 0.037109375 0.01953125
0 0.048828125 0.0732421875 0.04296875 0.025390625
0 0.044921875 0.0283203125 0.0390625 0.021484375
