0 0.505859375 0.5283203125 0.01953125 0.033203125
0 0.03125 0.3369140625 0.015625 0.029296875
0 0.05078125 0.3330078125 0.015625 0.037109375
0 0.1416015625 0.328125 0.021484375 0.0390625
0 0.208984375 0.3076171875 0.03515625 0.017578125
0 0.21875 0.2880859375 0.03515625 0.017578125
0 0.2119140625 0.2353515625 0.037109375 0.021484375
0 0.2236328125 0.45703125 0.037109375 0.015625
0 0.2255859375 0.4755859375 0.041015625 0.013671875
0 0.2216796875 0.4951171875 0.037109375 0.017578125
0 0.2255859375 0.515625 0.037109375 0.015625
0 0.228515625 0.5341796875 0.0390625 0.017578125
0 0.2255859375 0.552734375 0.041015625 0.015625
0 0.228515625 0.5712890625 0.0390625 0.017578125
0 0.234375 0.6171875 0.04296875 0.01953125
0 0.2333984375 0.6357421875 0.033203125 0.017578125
0 0.232421875 0.6552734375 0.03515625 0.017578125
0 0.2314453125 0.6767578125 0.037109375 0.017578125
0 0.330078125 0.658203125 0.03515625 0.01953125
0 0.3232421875 0.59375 0.037109375 0.015625
0 0.3720703125 0.607421875 0.033203125 0.01953125
0 0.3232421875 0.5400390625 0.033203125 0.021484375
0 0.373046875 0.5439453125 0.03125 0.021484375
0 0.3720703125 0.4921875 0.033203125 0.01953125
0 0.37109375 0.4716796875 0.03515625 0.021484375
0 0.3720703125 0.4521484375 0.033203125 0.017578125
0 0.328125 0.421875 0.046875 0.01953125
0 0.3603515625 0.326171875 0.041015625 0.0234375
0 0.3251953125 0.2314453125 0.041015625 0.021484375
0 0.32421875 0.2080078125 0.04296875 0.025390625
0 0.0732421875 0.0908203125 0.033203125 0.017578125
0 0.205078125 0.1201171875 0.0390625 0.021484375
0 0.2998046875 0.1103515625 0.033203125 0.017578125
0 0.3837890625 0.86328125 0.037109375 0.01953125
0 0.3818359375 0.8857421875 0.041015625 0.013671875
0 0.388671875 0.9013671875 0.02734375 0.017578125
0 0.2509765625 0.974609375 0.037109375 0.015625
0 0.9228515625 0.9775390625 0.021484375 0.044921875
