0 0.046875 0.1396484375 0.01953125 0.037109375
0 0.072265625 0.140625 0.01953125 0.03515625
0 0.1806640625 0.1337890625 0.017578125 0.033203125
0 0.208984375 0.1337890625 0.01953125 0.033203125
0 0.234375 0.1337890625 0.01953125 0.041015625
0 0.251953125 0.1328125 0.015625 0.0390625
0 0.2724609375 0.1318359375 0.013671875 0.033203125
0 0.5244140625 0.1259765625 0.021484375 0.044921875
0 0.5458984375 0.1220703125 0.021484375 0.037109375
0 0.5693359375 0.123046875 0.025390625 0.0390625
0 0.591796875 0.123046875 0.01953125 0.0390625
0 0.6494140625 0.1162109375 0.041015625 0.021484375
0 0.6484375 0.095703125 0.04296875 0.01953125
1 0.646484375 0.0576171875 0.046875 0.021484375
1 0.6669921875 0.0302734375 0.056640625 0.021484375
0 0.6611328125 0.0107421875 0.033203125 0.017578125
0 0.818359375 0.017578125 0.03515625 0.01953125
0 0.873046875 0.0439453125 0.0234375 0.041015625
0 0.8759765625 0.1767578125 0.021484375 0.037109375
0 0.9521484375 0.1474609375 0.052734375 0.029296875
0 0.9130859375 0.2314453125 0.021484375 0.041015625
0 0.873046875 0.2705078125 0.01953125 0.037109375
0 0.7958984375 0.236328125 0.021484375 0.04296875
0 0.8134765625 0.30078125 0.021484375 0.04296875
0 0.6640625 0.2421875 0.02734375 0.04296875
0 0.6953125 0.314453125 0.01953125 0.03515625
0 0.6904296875 0.3583984375 0.037109375 0.017578125
0 0.6923828125 0.375 0.041015625 0.015625
0 0.69140625 0.3916015625 0.0390625 0.017578125
0 0.693359375 0.41015625 0.04296875 0.01953125
0 0.6923828125 0.4306640625 0.041015625 0.021484375
0 0.693359375 0.451171875 0.04296875 0.01953125
0 0.6923828125 0.4677734375 0.033203125 0.013671875
0 0.6982421875 0.4853515625 0.029296875 0.021484375
0 0.7021484375 0.5224609375 0.033203125 0.017578125
0 0.6962890625 0.564453125 0.041015625 0.015625
0 0.69921875 0.58203125 0.03515625 0.01953125
0 0.7001953125 0.6005859375 0.037109375 0.017578125
0 0.736328125 0.35546875 0.0390625 0.01953125
0 0.7578125 0.3740234375 0.0390625 0.017578125
0 0.75390625 0.486328125 0.01953125 0.03515625
0 0.7578125 0.5283203125 0.015625 0.025390625
0 0.7568359375 0.5634765625 0.017578125 0.033203125
0 0.7568359375 0.6201171875 0.021484375 0.033203125
0 0.763671875 0.685546875 0.01953125 0.03125
0 0.7646484375 0.732421875 0.021484375 0.03125
0 0.7705078125 0.79296875 0.021484375 0.03515625
0 0.767578125 0.8720703125 0.0234375 0.033203125
1 0.8759765625 0.890625 0.033203125 0.0625
0 0.923828125 0.9130859375 0.01953125 0.044921875
0 0.92578125 0.7470703125 0.01953125 0.033203125
0 0.9169921875 0.37109375 0.021484375 0.04296875
0 0.9765625 0.3310546875 0.04296875 0.025390625
0 0.02734375 0.2431640625 0.015625 0.037109375
0 0.0732421875 0.2490234375 0.013671875 0.044921875
0 0.09375 0.240234375 0.015625 0.04296875
0 0.0673828125 0.326171875 0.025390625 0.046875
0 0.0751953125 0.4423828125 0.037109375 0.017578125
0 0.1416015625 0.439453125 0.041015625 0.02734375
0 0.076171875 0.46875 0.0234375 0.03515625
0 0.01953125 0.4833984375 0.015625 0.029296875
0 0.1689453125 0.4833984375 0.021484375 0.041015625
0 0.2685546875 0.48046875 0.017578125 0.03515625
0 0.2861328125 0.4794921875 0.017578125 0.033203125
0 0.3037109375 0.4755859375 0.017578125 0.025390625
0 0.3271484375 0.4765625 0.017578125 0.04296875
0 0.01953125 0.5693359375 0.015625 0.037109375
0 0.119140625 0.9697265625 0.03515625 0.013671875
0 0.0732421875 0.9765625 0.037109375 0.01953125
0 0.0732421875 0.9580078125 0.025390625 0.017578125
0 0.119140625 0.9541015625 0.03515625 0.017578125
0 0.1171875 0.921875 0.05078125 0.01953125
0 0.072265625 0.923828125 0.0390625 0.015625
0 0.06640625 0.908203125 0.03125 0.015625
0 0.0625 0.888671875 0.0390625 0.0234375
0 0.115234375 0.8681640625 0.03515625 0.013671875
0 0.1201171875 0.8505859375 0.044921875 0.017578125
0 0.11328125 0.798828125 0.0390625 0.01953125
0 0.20703125 0.7841796875 0.0390625 0.017578125
0 0.2119140625 0.80078125 0.029296875 0.015625
0 0.2109375 0.818359375 0.03515625 0.015625
0 0.2607421875 0.7685546875 0.029296875 0.013671875
0 0.255859375 0.7451171875 0.04296875 0.021484375
0 0.2021484375 0.7177734375 0.037109375 0.021484375
0 0.2060546875 0.68359375 0.037109375 0.01953125
0 0.18359375 0.6630859375 0.01953125 0.021484375
0 0.203125 0.630859375 0.0390625 0.01953125
0 0.2509765625 0.6142578125 0.037109375 0.017578125
0 0.2392578125 0.5771484375 0.017578125 0.037109375
0 0.2685546875 0.5712890625 0.021484375 0.044921875
0 0.2890625 0.560546875 0.015625 0.04296875
0 0.30859375 0.5634765625 0.0234375 0.037109375
0 0.3271484375 0.6005859375 0.041015625 0.021484375
0 0.3564453125 0.56640625 0.029296875 0.01953125
0 0.380859375 0.6201171875 0.046875 0.025390625
0 0.3759765625 0.65625 0.048828125 0.01953125
0 0.373046875 0.6943359375 0.03515625 0.021484375
0 0.3330078125 0.6767578125 0.033203125 0.021484375
0 0.388671875 0.8466796875 0.05078125 0.025390625
0 0.392578125 0.9267578125 0.05859375 0.025390625
0 0.701171875 0.619140625 0.0390625 0.01953125
0 0.701171875 0.6484375 0.0390625 0.01953125
0 0.701171875 0.66796875 0.0390625 0.01953125
0 0.69921875 0.6884765625 0.03515625 0.021484375
0 0.7021484375 0.708984375 0.041015625 0.01953125
0 0.705078125 0.73046875 0.046875 0.0234375
0 0.705078125 0.751953125 0.046875 0.01953125
0 0.705078125 0.7685546875 0.046875 0.013671875
0 0.7060546875 0.7861328125 0.048828125 0.021484375
0 0.7060546875 0.8037109375 0.048828125 0.013671875
0 0.7080078125 0.8203125 0.052734375 0.01953125
0 0.7060546875 0.857421875 0.037109375 0.01953125
0 0.7080078125 0.8779296875 0.041015625 0.021484375
0 0.7080078125 0.896484375 0.041015625 0.015625
0 0.7080078125 0.9140625 0.041015625 0.01953125
0 0.7060546875 0.931640625 0.037109375 0.015625
0 0.7119140625 0.951171875 0.048828125 0.0234375
