0 0.2353515625 0.419921875 0.029296875 0.04296875
0 0.2548828125 0.5439453125 0.025390625 0.041015625
0 0.2392578125 0.62890625 0.025390625 0.0390625
0 0.2685546875 0.6474609375 0.033203125 0.041015625
0 0.2421875 0.68359375 0.01953125 0.0390625
0 0.287109375 0.7119140625 0.01953125 0.033203125
0 0.2548828125 0.7431640625 0.025390625 0.041015625
0 0.2255859375 0.7685546875 0.021484375 0.041015625
0 0.26953125 0.822265625 0.01953125 0.03515625
0 0.2451171875 0.873046875 0.029296875 0.04296875
0 0.2998046875 0.861328125 0.025390625 0.04296875
