0 0.01953125 0.5400390625 0.0234375 0.037109375
0 0.08203125 0.53125 0.01953125 0.02734375
0 0.109375 0.5390625 0.015625 0.0234375
0 0.12890625 0.5341796875 0.01953125 0.037109375
0 0.16796875 0.53515625 0.01953125 0.03125
0 0.0126953125 0.4326171875 0.017578125 0.037109375
0 0.03515625 0.43359375 0.01953125 0.03515625
0 0.08984375 0.431640625 0.0234375 0.02734375
0 0.1201171875 0.4296875 0.017578125 0.03515625
0 0.1435546875 0.4267578125 0.017578125 0.033203125
0 0.1640625 0.4248046875 0.015625 0.029296875
0 0.1845703125 0.42578125 0.017578125 0.0390625
0 0.2041015625 0.42578125 0.013671875 0.03515625
0 0.228515625 0.421875 0.01953125 0.03515625
0 0.25 0.4248046875 0.015625 0.033203125
0 0.271484375 0.421875 0.015625 0.03125
0 0.29296875 0.419921875 0.01953125 0.02734375
0 0.333984375 0.416015625 0.01953125 0.03125
0 0.259765625 0.5283203125 0.0234375 0.037109375
0 0.318359375 0.5205078125 0.015625 0.029296875
0 0.3408203125 0.5234375 0.017578125 0.0390625
0 0.3623046875 0.521484375 0.017578125 0.03515625
0 0.3857421875 0.5244140625 0.017578125 0.033203125
0 0.5302734375 0.728515625 0.017578125 0.03515625
0 0.0126953125 0.78125 0.017578125 0.03515625
0 0.0390625 0.7783203125 0.015625 0.029296875
0 0.0751953125 0.7744140625 0.013671875 0.029296875
0 0.1015625 0.779296875 0.015625 0.03515625
0 0.1171875 0.7763671875 0.015625 0.029296875
0 0.13671875 0.7744140625 0.01171875 0.025390625
0 0.1611328125 0.76953125 0.017578125 0.0390625
0 0.1826171875 0.77734375 0.013671875 0.0234375
0 0.2041015625 0.7724609375 0.013671875 0.029296875
0 0.2255859375 0.771484375 0.017578125 0.03125
0 0.244140625 0.775390625 0.015625 0.02734375
0 0.265625 0.7734375 0.01953125 0.03515625
0 0.306640625 0.7666015625 0.0234375 0.037109375
0 0.3291015625 0.765625 0.017578125 0.03125
0 0.3525390625 0.767578125 0.021484375 0.0390625
0 0.375 0.7646484375 0.015625 0.033203125
0 0.3994140625 0.7646484375 0.021484375 0.037109375
0 0.0703125 0.8681640625 0.015625 0.029296875
0 0.091796875 0.86328125 0.01953125 0.0390625
0 0.1337890625 0.8583984375 0.017578125 0.033203125
0 0.15625 0.861328125 0.01953125 0.0390625
0 0.2255859375 0.8564453125 0.021484375 0.037109375
0 0.4736328125 0.9140625 0.041015625 0.01953125
0 0.47265625 0.9599609375 0.0390625 0.017578125
0 0.4736328125 0.9775390625 0.037109375 0.013671875
0 0.8310546875 0.98046875 0.017578125 0.03515625
0 0.8740234375 0.943359375 0.029296875 0.01171875
0 0.7685546875 0.9853515625 0.029296875 0.013671875
0 0.7666015625 0.9638671875 0.029296875 0.013671875
0 0.771484375 0.947265625 0.02734375 0.01171875
0 0.7626953125 0.9267578125 0.041015625 0.017578125
0 0.7666015625 0.8876953125 0.029296875 0.013671875
0 0.765625 0.828125 0.03125 0.01171875
0 0.7578125 0.8095703125 0.03515625 0.013671875
0 0.759765625 0.7734375 0.0390625 0.015625
0 0.7587890625 0.755859375 0.037109375 0.015625
0 0.755859375 0.7177734375 0.03125 0.013671875
0 0.7587890625 0.69921875 0.037109375 0.015625
0 0.890625 0.685546875 0.02734375 0.015625
0 0.6572265625 0.400390625 0.013671875 0.0234375
0 0.6787109375 0.404296875 0.009765625 0.0234375
0 0.8408203125 0.3701171875 0.037109375 0.025390625
0 0.83984375 0.34375 0.0390625 0.01953125
0 0.8427734375 0.2646484375 0.041015625 0.021484375
0 0.728515625 0.2763671875 0.03515625 0.017578125
0 0.7255859375 0.2568359375 0.037109375 0.013671875
0 0.728515625 0.2373046875 0.0390625 0.017578125
0 0.7255859375 0.21484375 0.037109375 0.01953125
0 0.681640625 0.095703125 0.0390625 0.015625
0 0.41796875 0.1123046875 0.046875 0.029296875
0 0.2724609375 0.0869140625 0.017578125 0.033203125
0 0.365234375 0.072265625 0.015625 0.03125
0 0.203125 0.091796875 0.01953125 0.0390625
0 0.1806640625 0.0927734375 0.013671875 0.033203125
0 0.1572265625 0.0888671875 0.017578125 0.033203125
0 0.11328125 0.087890625 0.01953125 0.03125
0 0.0888671875 0.0859375 0.017578125 0.03125
0 0.046875 0.0986328125 0.01953125 0.033203125
0 0.0224609375 0.099609375 0.017578125 0.03125
0 0.25 0.056640625 0.015625 0.02734375
0 0.251953125 0.095703125 0.015625 0.02734375
