0 0.033203125 0.2138671875 0.02734375 0.048828125
0 0.6748046875 0.0625 0.037109375 0.0234375
0 0.513671875 0.076171875 0.04296875 0.0234375
0 0.421875 0.07421875 0.04296875 0.01953125
0 0.2265625 0.0869140625 0.04296875 0.025390625
0 0.32421875 0.078125 0.04296875 0.01953125
0 0.4375 0.1220703125 0.03515625 0.033203125
0 0.4013671875 0.1650390625 0.033203125 0.029296875
0 0.4765625 0.1357421875 0.04296875 0.033203125
0 0.4833984375 0.1650390625 0.033203125 0.025390625
0 0.2255859375 0.1728515625 0.044921875 0.025390625
0 0.0703125 0.1123046875 0.0390625 0.029296875
0 0.033203125 0.2587890625 0.02734375 0.041015625
0 0.28515625 0.291015625 0.03515625 0.015625
0 0.3173828125 0.30859375 0.029296875 0.03515625
0 0.28515625 0.30859375 0.03515625 0.01953125
0 0.2861328125 0.3291015625 0.037109375 0.021484375
0 0.291015625 0.3515625 0.046875 0.0234375
0 0.2900390625 0.373046875 0.033203125 0.01953125
0 0.294921875 0.3984375 0.04296875 0.01953125
0 0.2958984375 0.4375 0.041015625 0.01953125
0 0.2939453125 0.4609375 0.033203125 0.015625
0 0.296875 0.482421875 0.03515625 0.015625
0 0.2978515625 0.5009765625 0.033203125 0.013671875
0 0.2978515625 0.5185546875 0.033203125 0.021484375
0 0.298828125 0.5439453125 0.03125 0.017578125
0 0.2998046875 0.564453125 0.044921875 0.01953125
0 0.302734375 0.5908203125 0.03515625 0.017578125
0 0.330078125 0.52734375 0.01953125 0.03125
0 0.30078125 0.625 0.03515625 0.01953125
0 0.3037109375 0.6513671875 0.033203125 0.017578125
0 0.3046875 0.669921875 0.03515625 0.01953125
0 0.3046875 0.6884765625 0.03515625 0.017578125
0 0.3056640625 0.7109375 0.037109375 0.02734375
0 0.3701171875 0.5927734375 0.017578125 0.033203125
0 0.3681640625 0.5576171875 0.017578125 0.037109375
0 0.482421875 0.39453125 0.0234375 0.0390625
0 0.462890625 0.3330078125 0.0234375 0.041015625
0 0.5537109375 0.3955078125 0.021484375 0.041015625
0 0.57421875 0.392578125 0.01953125 0.03515625
0 0.595703125 0.4052734375 0.015625 0.033203125
0 0.6171875 0.400390625 0.015625 0.03515625
0 0.7041015625 0.396484375 0.017578125 0.0390625
0 0.662109375 0.486328125 0.01953125 0.0390625
0 0.685546875 0.482421875 0.01953125 0.0390625
0 0.7109375 0.4814453125 0.01953125 0.037109375
0 0.791015625 0.4833984375 0.0234375 0.044921875
0 0.755859375 0.3955078125 0.01953125 0.033203125
0 0.4052734375 0.2216796875 0.044921875 0.029296875
0 0.525390625 0.2138671875 0.01953125 0.041015625
0 0.548828125 0.21484375 0.015625 0.03515625
0 0.6220703125 0.150390625 0.037109375 0.01953125
0 0.83203125 0.392578125 0.0234375 0.0390625
0 0.853515625 0.3916015625 0.01953125 0.037109375
0 0.3193359375 0.9892578125 0.033203125 0.021484375
0 0.31640625 0.970703125 0.0390625 0.015625
0 0.3173828125 0.9482421875 0.044921875 0.013671875
0 0.3154296875 0.9267578125 0.044921875 0.017578125
0 0.3154296875 0.900390625 0.037109375 0.015625
0 0.306640625 0.8837890625 0.0390625 0.017578125
0 0.306640625 0.841796875 0.046875 0.01953125
0 0.259765625 0.8427734375 0.03125 0.017578125
0 0.3134765625 0.8154296875 0.041015625 0.021484375
0 0.2431640625 0.8017578125 0.033203125 0.017578125
0 0.2509765625 0.822265625 0.037109375 0.0234375
0 0.1875 0.79296875 0.0390625 0.01953125
0 0.3115234375 0.7548828125 0.044921875 0.025390625
0 0.1220703125 0.759765625 0.037109375 0.0234375
0 0.3740234375 0.8447265625 0.025390625 0.048828125
0 0.033203125 0.8154296875 0.0234375 0.048828125
