0 0.189453125 0.2353515625 0.01953125 0.041015625
0 0.0693359375 0.3974609375 0.037109375 0.017578125
0 0.2294921875 0.36328125 0.041015625 0.01953125
0 0.28515625 0.3857421875 0.03515625 0.021484375
0 0.26171875 0.419921875 0.03515625 0.01953125
0 0.1025390625 0.4892578125 0.041015625 0.021484375
0 0.2822265625 0.505859375 0.041015625 0.01953125
0 0.2880859375 0.5263671875 0.041015625 0.021484375
0 0.275390625 0.5693359375 0.04296875 0.021484375
0 0.2802734375 0.5478515625 0.048828125 0.021484375
0 0.109375 0.5703125 0.04296875 0.01953125
0 0.2109375 0.63671875 0.0234375 0.046875
0 0.3427734375 0.421875 0.041015625 0.01953125
0 0.5224609375 0.509765625 0.021484375 0.03515625
0 0.4921875 0.3955078125 0.0390625 0.017578125
1 0.431640625 0.7373046875 0.046875 0.060546875
