0 0.2353515625 0.9775390625 0.041015625 0.021484375
0 0.2353515625 0.95703125 0.033203125 0.01953125
0 0.2373046875 0.9267578125 0.041015625 0.021484375
0 0.2314453125 0.9072265625 0.033203125 0.017578125
0 0.232421875 0.888671875 0.03125 0.01953125
0 0.23046875 0.869140625 0.03515625 0.01953125
0 0.228515625 0.802734375 0.04296875 0.015625
0 0.2265625 0.767578125 0.04296875 0.01953125
0 0.55078125 0.7548828125 0.0390625 0.017578125
0 0.5537109375 0.7734375 0.037109375 0.01953125
0 0.55859375 0.79296875 0.0390625 0.01953125
0 0.552734375 0.8125 0.04296875 0.015625
0 0.5537109375 0.833984375 0.041015625 0.01953125
0 0.6318359375 0.7890625 0.021484375 0.03515625
0 0.626953125 0.84765625 0.01953125 0.03515625
0 0.5595703125 0.85546875 0.041015625 0.015625
0 0.5673828125 0.875 0.037109375 0.015625
0 0.5615234375 0.892578125 0.033203125 0.015625
0 0.5615234375 0.9140625 0.037109375 0.015625
0 0.5615234375 0.9345703125 0.041015625 0.017578125
0 0.5634765625 0.95703125 0.041015625 0.015625
0 0.5634765625 0.9755859375 0.037109375 0.013671875
0 0.6318359375 0.939453125 0.013671875 0.03125
0 0.6630859375 0.9267578125 0.025390625 0.041015625
0 0.3310546875 0.966796875 0.017578125 0.03515625
0 0.9345703125 0.7646484375 0.021484375 0.033203125
0 0.8857421875 0.888671875 0.041015625 0.0234375
0 0.880859375 0.9150390625 0.0390625 0.013671875
0 0.9541015625 0.9453125 0.021484375 0.0390625
0 0.1015625 0.08984375 0.015625 0.04296875
0 0.7392578125 0.0615234375 0.013671875 0.037109375
0 0.705078125 0.06640625 0.015625 0.0390625
0 0.685546875 0.0595703125 0.0234375 0.029296875
0 0.66796875 0.060546875 0.01171875 0.02734375
0 0.439453125 0.0810546875 0.01953125 0.044921875
0 0.658203125 0.1279296875 0.0390625 0.017578125
0 0.4619140625 0.166015625 0.037109375 0.01953125
0 0.318359375 0.1455078125 0.0390625 0.013671875
0 0.3125 0.189453125 0.046875 0.02734375
0 0.3427734375 0.251953125 0.017578125 0.03125
0 0.36328125 0.255859375 0.0234375 0.03515625
0 0.384765625 0.2587890625 0.01953125 0.041015625
0 0.4033203125 0.255859375 0.017578125 0.03515625
0 0.453125 0.2548828125 0.015625 0.037109375
0 0.4716796875 0.2548828125 0.021484375 0.037109375
0 0.6982421875 0.16015625 0.041015625 0.0234375
0 0.8037109375 0.1533203125 0.044921875 0.021484375
0 0.9052734375 0.2275390625 0.025390625 0.056640625
0 0.947265625 0.3740234375 0.0234375 0.037109375
0 0.853515625 0.3662109375 0.0390625 0.017578125
0 0.8515625 0.390625 0.03125 0.01171875
0 0.8525390625 0.41015625 0.029296875 0.01171875
0 0.859375 0.4287109375 0.03125 0.013671875
0 0.859375 0.451171875 0.03125 0.015625
0 0.857421875 0.47265625 0.03515625 0.015625
0 0.8583984375 0.49609375 0.033203125 0.015625
0 0.8583984375 0.5166015625 0.033203125 0.009765625
0 0.861328125 0.53515625 0.03125 0.01171875
0 0.8603515625 0.556640625 0.033203125 0.01171875
0 0.8642578125 0.576171875 0.033203125 0.01171875
0 0.072265625 0.265625 0.04296875 0.01953125
0 0.1240234375 0.2783203125 0.044921875 0.029296875
0 0.0712890625 0.2880859375 0.037109375 0.025390625
0 0.203125 0.3916015625 0.04296875 0.025390625
0 0.3212890625 0.396484375 0.041015625 0.02734375
0 0.205078125 0.4228515625 0.03515625 0.013671875
0 0.2109375 0.44140625 0.046875 0.0234375
0 0.2080078125 0.4638671875 0.041015625 0.021484375
0 0.20703125 0.482421875 0.0390625 0.015625
0 0.2109375 0.5 0.03515625 0.01953125
0 0.2890625 0.5654296875 0.015625 0.037109375
0 0.2138671875 0.591796875 0.037109375 0.015625
0 0.21484375 0.609375 0.03515625 0.01953125
0 0.2158203125 0.6279296875 0.037109375 0.017578125
0 0.21484375 0.64453125 0.03515625 0.015625
0 0.2236328125 0.662109375 0.041015625 0.01953125
0 0.2265625 0.6806640625 0.03515625 0.017578125
0 0.2275390625 0.697265625 0.037109375 0.015625
0 0.2265625 0.73046875 0.03515625 0.01171875
0 0.2265625 0.7470703125 0.03515625 0.021484375
0 0.2265625 0.7666015625 0.03515625 0.017578125
0 0.5390625 0.5009765625 0.03515625 0.013671875
0 0.5419921875 0.537109375 0.037109375 0.015625
0 0.5390625 0.5576171875 0.0390625 0.013671875
0 0.5400390625 0.5927734375 0.041015625 0.017578125
0 0.541015625 0.6123046875 0.03515625 0.021484375
0 0.544921875 0.638671875 0.0390625 0.015625
0 0.5458984375 0.6572265625 0.041015625 0.021484375
0 0.5498046875 0.693359375 0.037109375 0.015625
0 0.546875 0.712890625 0.0390625 0.015625
0 0.556640625 0.734375 0.04296875 0.01171875
0 0.6171875 0.681640625 0.015625 0.03515625
0 0.611328125 0.7353515625 0.0234375 0.037109375
0 0.6416015625 0.5673828125 0.013671875 0.033203125
0 0.8671875 0.6328125 0.02734375 0.0234375
0 0.87890625 0.6552734375 0.02734375 0.021484375
0 0.8701171875 0.6806640625 0.021484375 0.013671875
0 0.9375 0.7744140625 0.0234375 0.044921875
