0 0.1435546875 0.5341796875 0.029296875 0.041015625
0 0.65625 0.4326171875 0.04296875 0.037109375
0 0.6318359375 0.5009765625 0.037109375 0.025390625
0 0.6494140625 0.56640625 0.037109375 0.0234375
0 0.6708984375 0.482421875 0.033203125 0.03515625
0 0.6767578125 0.5087890625 0.029296875 0.029296875
0 0.6923828125 0.5361328125 0.029296875 0.037109375
0 0.7099609375 0.5771484375 0.033203125 0.033203125
0 0.78515625 0.4287109375 0.03515625 0.017578125
0 0.787109375 0.5546875 0.0390625 0.02734375
0 0.8271484375 0.5205078125 0.025390625 0.037109375
0 0.84375 0.53515625 0.0234375 0.04296875
0 0.884765625 0.27734375 0.0234375 0.0390625
0 0.9052734375 0.2744140625 0.029296875 0.033203125
0 0.9345703125 0.2685546875 0.033203125 0.037109375
0 0.9609375 0.2607421875 0.02734375 0.033203125
