0 0.0712890625 0.2705078125 0.041015625 0.017578125
0 0.0732421875 0.29296875 0.037109375 0.015625
0 0.1171875 0.333984375 0.01953125 0.02734375
0 0.1953125 0.3203125 0.01953125 0.0390625
0 0.21484375 0.3291015625 0.01171875 0.021484375
0 0.0546875 0.869140625 0.01953125 0.03515625
0 0.0478515625 0.7099609375 0.029296875 0.037109375
0 0.291015625 0.9521484375 0.03515625 0.017578125
0 0.287109375 0.921875 0.0390625 0.01953125
0 0.28515625 0.8662109375 0.04296875 0.017578125
0 0.28515625 0.845703125 0.0390625 0.015625
0 0.283203125 0.8251953125 0.03515625 0.017578125
0 0.2802734375 0.8076171875 0.037109375 0.013671875
0 0.279296875 0.775390625 0.03125 0.015625
0 0.2802734375 0.751953125 0.033203125 0.015625
0 0.2802734375 0.7041015625 0.041015625 0.017578125
0 0.271484375 0.642578125 0.0390625 0.01953125
0 0.2685546875 0.56640625 0.037109375 0.01953125
0 0.271484375 0.5263671875 0.04296875 0.021484375
0 0.26171875 0.1416015625 0.04296875 0.017578125
0 0.26953125 0.166015625 0.03515625 0.015625
0 0.2724609375 0.1875 0.033203125 0.015625
0 0.265625 0.2080078125 0.03125 0.013671875
0 0.267578125 0.2666015625 0.03515625 0.017578125
0 0.345703125 0.1884765625 0.04296875 0.017578125
0 0.345703125 0.20703125 0.04296875 0.01953125
0 0.3466796875 0.23046875 0.033203125 0.015625
0 0.35546875 0.2890625 0.0390625 0.015625
0 0.431640625 0.2119140625 0.0390625 0.017578125
0 0.4326171875 0.232421875 0.037109375 0.015625
0 0.4375 0.2646484375 0.0390625 0.017578125
0 0.4326171875 0.287109375 0.041015625 0.015625
0 0.521484375 0.330078125 0.01953125 0.0390625
0 0.56640625 0.3876953125 0.03515625 0.017578125
0 0.3515625 0.400390625 0.03515625 0.015625
0 0.3505859375 0.419921875 0.037109375 0.015625
0 0.3857421875 0.416015625 0.013671875 0.03125
0 0.4404296875 0.4375 0.041015625 0.01953125
0 0.35546875 0.5146484375 0.04296875 0.017578125
0 0.3291015625 0.552734375 0.017578125 0.0390625
0 0.3564453125 0.5380859375 0.037109375 0.017578125
0 0.36328125 0.5966796875 0.0390625 0.013671875
0 0.365234375 0.6162109375 0.0390625 0.013671875
0 0.4453125 0.5576171875 0.03515625 0.021484375
0 0.556640625 0.4609375 0.01953125 0.03515625
0 0.533203125 0.5947265625 0.01953125 0.033203125
0 0.361328125 0.7373046875 0.0390625 0.021484375
0 0.36328125 0.77734375 0.0390625 0.01953125
0 0.453125 0.8349609375 0.03515625 0.017578125
0 0.4599609375 0.74609375 0.044921875 0.01953125
0 0.4482421875 0.7236328125 0.041015625 0.017578125
0 0.458984375 0.705078125 0.0390625 0.015625
0 0.4521484375 0.6689453125 0.029296875 0.013671875
0 0.3994140625 0.8701171875 0.017578125 0.037109375
0 0.4619140625 0.892578125 0.037109375 0.015625
0 0.4609375 0.8720703125 0.03125 0.017578125
0 0.76171875 0.03125 0.02734375 0.01171875
0 0.7587890625 0.05078125 0.041015625 0.015625
0 0.7646484375 0.1171875 0.033203125 0.015625
0 0.7646484375 0.154296875 0.037109375 0.015625
0 0.76953125 0.1806640625 0.04296875 0.017578125
0 0.7666015625 0.2021484375 0.033203125 0.017578125
0 0.7685546875 0.224609375 0.041015625 0.015625
0 0.7685546875 0.2451171875 0.041015625 0.017578125
0 0.7744140625 0.267578125 0.037109375 0.015625
0 0.771484375 0.2880859375 0.0390625 0.017578125
0 0.7724609375 0.3076171875 0.041015625 0.017578125
0 0.7734375 0.3251953125 0.04296875 0.017578125
0 0.7744140625 0.3466796875 0.041015625 0.017578125
0 0.7744140625 0.3642578125 0.041015625 0.017578125
0 0.7744140625 0.3828125 0.041015625 0.01953125
0 0.78125 0.40234375 0.04296875 0.015625
0 0.77734375 0.4189453125 0.03515625 0.017578125
0 0.5810546875 0.435546875 0.025390625 0.015625
0 0.787109375 0.513671875 0.0390625 0.01953125
0 0.7890625 0.5830078125 0.04296875 0.021484375
0 0.7919921875 0.625 0.041015625 0.01953125
0 0.7919921875 0.666015625 0.037109375 0.015625
0 0.7958984375 0.6845703125 0.033203125 0.013671875
0 0.794921875 0.705078125 0.03125 0.01171875
0 0.7958984375 0.7412109375 0.029296875 0.017578125
0 0.794921875 0.7626953125 0.0390625 0.017578125
0 0.794921875 0.78515625 0.03515625 0.015625
0 0.796875 0.806640625 0.0390625 0.015625
0 0.7958984375 0.8251953125 0.033203125 0.013671875
0 0.7978515625 0.8427734375 0.041015625 0.013671875
0 0.7998046875 0.8603515625 0.037109375 0.013671875
0 0.7998046875 0.87890625 0.037109375 0.015625
0 0.861328125 0.8798828125 0.03125 0.041015625
0 0.8017578125 0.9189453125 0.041015625 0.017578125
0 0.8037109375 0.9404296875 0.041015625 0.017578125
0 0.8037109375 0.9619140625 0.041015625 0.017578125
0 0.8037109375 0.98046875 0.041015625 0.01953125
