0 0.15234375 0.408203125 0.03515625 0.05078125
0 0.212890625 0.6337890625 0.04296875 0.048828125
0 0.337890625 0.671875 0.0390625 0.046875
0 0.267578125 0.7939453125 0.0390625 0.029296875
0 0.2041015625 0.904296875 0.033203125 0.03125
0 0.2333984375 0.8857421875 0.025390625 0.029296875
0 0.2470703125 0.8701171875 0.029296875 0.029296875
0 0.51171875 0.724609375 0.046875 0.02734375
0 0.5341796875 0.7578125 0.044921875 0.0390625
0 0.7080078125 0.6923828125 0.044921875 0.037109375
0 0.6728515625 0.673828125 0.044921875 0.03125
0 0.6591796875 0.642578125 0.044921875 0.03125
0 0.6298828125 0.6103515625 0.037109375 0.033203125
0 0.595703125 0.6337890625 0.03515625 0.037109375
0 0.4853515625 0.6123046875 0.041015625 0.041015625
0 0.5615234375 0.5712890625 0.037109375 0.048828125
0 0.5830078125 0.5634765625 0.044921875 0.048828125
0 0.552734375 0.498046875 0.0390625 0.046875
0 0.451171875 0.11328125 0.046875 0.05078125
