0 0.1005859375 0.0517578125 0.025390625 0.037109375
0 0.138671875 0.0400390625 0.01953125 0.037109375
0 0.1728515625 0.017578125 0.021484375 0.03515625
0 0.7646484375 0.3251953125 0.025390625 0.033203125
0 0.80859375 0.4013671875 0.03125 0.041015625
0 0.810546875 0.30078125 0.0234375 0.03515625
0 0.8857421875 0.2919921875 0.017578125 0.029296875
0 0.9013671875 0.27734375 0.025390625 0.03125
0 0.9267578125 0.26953125 0.025390625 0.03125
0 0.8720703125 0.375 0.029296875 0.0390625
0 0.9794921875 0.33984375 0.033203125 0.0390625
