0 0.8056640625 0.2529296875 0.025390625 0.041015625
0 0.9130859375 0.31640625 0.041015625 0.01953125
0 0.9248046875 0.3349609375 0.041015625 0.025390625
0 0.8857421875 0.4111328125 0.041015625 0.021484375
0 0.880859375 0.3896484375 0.0390625 0.021484375
0 0.7587890625 0.451171875 0.041015625 0.0234375
0 0.7197265625 0.462890625 0.041015625 0.01953125
0 0.6318359375 0.4931640625 0.037109375 0.025390625
0 0.5830078125 0.5107421875 0.041015625 0.025390625
0 0.6123046875 0.5791015625 0.041015625 0.025390625
0 0.5302734375 0.6708984375 0.044921875 0.029296875
