0 0.958984375 0.853515625 0.02734375 0.02734375
0 0.939453125 0.8662109375 0.03515625 0.037109375
0 0.908203125 0.8837890625 0.03515625 0.037109375
0 0.892578125 0.892578125 0.03515625 0.03125
0 0.845703125 0.8544921875 0.04296875 0.033203125
0 0.908203125 0.775390625 0.03125 0.03515625
0 0.884765625 0.78125 0.03515625 0.03515625
0 0.87109375 0.7978515625 0.03515625 0.037109375
0 0.173828125 0.5615234375 0.0390625 0.029296875
0 0.0791015625 0.5634765625 0.041015625 0.021484375
0 0.04296875 0.50390625 0.046875 0.0234375
0 0.197265625 0.2216796875 0.01953125 0.037109375
0 0.166015625 0.2060546875 0.02734375 0.029296875
0 0.2978515625 0.9248046875 0.033203125 0.025390625
0 0.4521484375 0.6064453125 0.033203125 0.025390625
