1 0.427734375 0.1083984375 0.0546875 0.021484375
1 0.4296875 0.1318359375 0.05859375 0.017578125
1 0.431640625 0.1533203125 0.0546875 0.017578125
1 0.4326171875 0.1943359375 0.060546875 0.017578125
1 0.43359375 0.2158203125 0.05859375 0.017578125
1 0.43359375 0.236328125 0.05859375 0.01953125
1 0.4365234375 0.3544921875 0.064453125 0.033203125
1 0.44140625 0.419921875 0.0625 0.0234375
1 0.4423828125 0.44140625 0.056640625 0.01953125
1 0.443359375 0.4619140625 0.05859375 0.013671875
1 0.443359375 0.4833984375 0.05859375 0.017578125
1 0.447265625 0.5224609375 0.0546875 0.017578125
1 0.447265625 0.5439453125 0.0625 0.017578125
0 0.3046875 0.0537109375 0.04296875 0.029296875
0 0.318359375 0.244140625 0.04296875 0.0234375
0 0.3154296875 0.2666015625 0.037109375 0.021484375
0 0.056640625 0.7822265625 0.0390625 0.025390625
0 0.53515625 0.857421875 0.01953125 0.0390625
0 0.0966796875 0.9208984375 0.033203125 0.017578125
0 0.1015625 0.8662109375 0.01953125 0.037109375
0 0.1953125 0.865234375 0.015625 0.0390625
0 0.2158203125 0.865234375 0.025390625 0.0390625
0 0.70703125 0.8525390625 0.01953125 0.033203125
0 0.7275390625 0.8505859375 0.021484375 0.029296875
0 0.765625 0.8466796875 0.01953125 0.033203125
0 0.8037109375 0.84765625 0.017578125 0.03125
0 0.8740234375 0.8916015625 0.033203125 0.017578125
