0 0.1474609375 0.0869140625 0.029296875 0.037109375
0 0.1796875 0.076171875 0.0234375 0.03515625
0 0.220703125 0.0517578125 0.02734375 0.041015625
0 0.3212890625 0.1455078125 0.037109375 0.021484375
0 0.36328125 0.138671875 0.02734375 0.0390625
0 0.3271484375 0.1650390625 0.037109375 0.025390625
0 0.33203125 0.185546875 0.03125 0.0234375
0 0.470703125 0.1318359375 0.03515625 0.025390625
0 0.4619140625 0.1123046875 0.037109375 0.025390625
0 0.890625 0.03125 0.0390625 0.0234375
0 0.0966796875 0.421875 0.037109375 0.0234375
