0 0.126953125 0.0986328125 0.03515625 0.021484375
0 0.1796875 0.1318359375 0.04296875 0.029296875
0 0.287109375 0.1533203125 0.04296875 0.021484375
0 0.337890625 0.1533203125 0.0390625 0.025390625
0 0.28125 0.1787109375 0.04296875 0.021484375
0 0.568359375 0.0263671875 0.03515625 0.017578125
0 0.7109375 0.015625 0.0390625 0.0234375
0 0.70703125 0.037109375 0.0390625 0.01953125
0 0.572265625 0.0908203125 0.0234375 0.037109375
0 0.6025390625 0.0849609375 0.021484375 0.037109375
0 0.623046875 0.0849609375 0.0234375 0.037109375
0 0.517578125 0.140625 0.04296875 0.0234375
0 0.5673828125 0.140625 0.048828125 0.0234375
0 0.6689453125 0.1337890625 0.033203125 0.041015625
0 0.517578125 0.2099609375 0.046875 0.025390625
0 0.5654296875 0.2080078125 0.044921875 0.029296875
0 0.6572265625 0.2265625 0.021484375 0.04296875
0 0.7548828125 0.1982421875 0.037109375 0.021484375
0 0.8203125 0.224609375 0.0234375 0.04296875
0 0.7109375 0.705078125 0.03125 0.01953125
0 0.7119140625 0.7333984375 0.037109375 0.017578125
0 0.9765625 0.181640625 0.04296875 0.01953125
