0 0.1279296875 0.9541015625 0.041015625 0.013671875
0 0.0576171875 0.9365234375 0.033203125 0.017578125
0 0.029296875 0.9580078125 0.03125 0.017578125
0 0.017578125 0.9375 0.03125 0.0234375
0 0.228515625 0.7919921875 0.0390625 0.021484375
0 0.2392578125 0.8603515625 0.021484375 0.044921875
0 0.2001953125 0.8681640625 0.017578125 0.037109375
0 0.208984375 0.7294921875 0.0390625 0.025390625
0 0.2060546875 0.759765625 0.037109375 0.01953125
0 0.4560546875 0.8701171875 0.037109375 0.025390625
0 0.5185546875 0.8828125 0.029296875 0.0234375
0 0.58203125 0.857421875 0.015625 0.0390625
0 0.6103515625 0.90625 0.017578125 0.0390625
0 0.5458984375 0.9619140625 0.017578125 0.037109375
0 0.716796875 0.9541015625 0.01953125 0.025390625
0 0.4560546875 0.314453125 0.052734375 0.02734375
