0 0.19140625 0.4130859375 0.046875 0.021484375
0 0.240234375 0.416015625 0.04296875 0.01953125
0 0.056640625 0.3603515625 0.0390625 0.017578125
0 0.107421875 0.359375 0.04296875 0.01953125
0 0.232421875 0.3544921875 0.0390625 0.017578125
0 0.25390625 0.3720703125 0.03515625 0.013671875
0 0.6005859375 0.0595703125 0.033203125 0.044921875
0 0.603515625 0.1171875 0.04296875 0.0234375
0 0.5341796875 0.2998046875 0.017578125 0.037109375
0 0.572265625 0.2958984375 0.01953125 0.041015625
0 0.626953125 0.3291015625 0.04296875 0.021484375
0 0.6728515625 0.326171875 0.025390625 0.015625
0 0.7138671875 0.3271484375 0.037109375 0.017578125
0 0.8017578125 0.326171875 0.044921875 0.0234375
0 0.74609375 0.2939453125 0.015625 0.044921875
0 0.87890625 0.283203125 0.02734375 0.04296875
0 0.9541015625 0.2138671875 0.037109375 0.021484375
0 0.95703125 0.232421875 0.03515625 0.015625
0 0.9580078125 0.2548828125 0.041015625 0.013671875
0 0.958984375 0.271484375 0.04296875 0.01953125
0 0.9638671875 0.2958984375 0.044921875 0.017578125
0 0.962890625 0.3486328125 0.03125 0.013671875
0 0.96875 0.3662109375 0.04296875 0.021484375
0 0.96484375 0.4287109375 0.046875 0.029296875
