0 0.33203125 0.125 0.03125 0.01953125
0 0.3427734375 0.1513671875 0.033203125 0.017578125
0 0.345703125 0.1845703125 0.0390625 0.017578125
0 0.3466796875 0.20703125 0.033203125 0.0234375
0 0.4013671875 0.2099609375 0.025390625 0.041015625
0 0.341796875 0.244140625 0.0390625 0.0234375
0 0.4033203125 0.2998046875 0.021484375 0.037109375
0 0.41015625 0.3427734375 0.01953125 0.033203125
0 0.3466796875 0.345703125 0.033203125 0.01953125
0 0.353515625 0.427734375 0.0390625 0.01953125
0 0.3564453125 0.4462890625 0.041015625 0.017578125
0 0.3603515625 0.4697265625 0.037109375 0.021484375
0 0.4130859375 0.4755859375 0.021484375 0.033203125
0 0.81640625 0.388671875 0.0234375 0.04296875
0 0.865234375 0.041015625 0.0390625 0.01953125
0 0.5908203125 0.56640625 0.021484375 0.03125
0 0.462890625 0.7041015625 0.0234375 0.044921875
0 0.7685546875 0.693359375 0.021484375 0.03125
0 0.8515625 0.693359375 0.01953125 0.03515625
0 0.869140625 0.6806640625 0.01953125 0.033203125
0 0.9140625 0.6796875 0.0234375 0.0390625
0 0.3134765625 0.8408203125 0.041015625 0.021484375
0 0.31640625 0.8408203125 0.04296875 0.025390625
