1 0.7685546875 0.2734375 0.060546875 0.01953125
1 0.7724609375 0.376953125 0.056640625 0.0234375
1 0.7744140625 0.427734375 0.060546875 0.01953125
1 0.7763671875 0.4462890625 0.056640625 0.017578125
1 0.779296875 0.53125 0.05078125 0.01953125
1 0.779296875 0.5498046875 0.05859375 0.017578125
1 0.78125 0.5712890625 0.0546875 0.017578125
1 0.7822265625 0.58984375 0.060546875 0.015625
1 0.7822265625 0.611328125 0.060546875 0.01953125
1 0.783203125 0.63671875 0.05859375 0.015625
1 0.7841796875 0.654296875 0.060546875 0.015625
1 0.775390625 0.6728515625 0.0625 0.017578125
1 0.7763671875 0.6923828125 0.056640625 0.017578125
