0 0.4921875 0.7890625 0.0390625 0.0234375
0 0.53515625 0.798828125 0.01953125 0.0390625
0 0.49609375 0.8544921875 0.0390625 0.017578125
0 0.4326171875 0.9384765625 0.033203125 0.017578125
0 0.4365234375 0.962890625 0.033203125 0.015625
0 0.5 0.9482421875 0.03515625 0.017578125
0 0.5478515625 0.953125 0.025390625 0.0390625
0 0.8095703125 0.7431640625 0.037109375 0.017578125
0 0.8125 0.765625 0.0390625 0.01953125
0 0.814453125 0.8046875 0.03515625 0.015625
0 0.814453125 0.8251953125 0.03515625 0.017578125
0 0.8193359375 0.8486328125 0.037109375 0.017578125
0 0.8193359375 0.8681640625 0.041015625 0.013671875
0 0.8173828125 0.9091796875 0.033203125 0.017578125
0 0.826171875 0.951171875 0.03515625 0.015625
0 0.8251953125 0.9716796875 0.037109375 0.013671875
0 0.8251953125 0.9921875 0.033203125 0.015625
0 0.578125 0.154296875 0.03515625 0.0390625
0 0.64453125 0.125 0.0234375 0.0390625
0 0.68359375 0.1298828125 0.015625 0.044921875
0 0.654296875 0.1806640625 0.03125 0.021484375
0 0.7216796875 0.1181640625 0.017578125 0.037109375
0 0.7646484375 0.123046875 0.025390625 0.04296875
0 0.8291015625 0.0302734375 0.017578125 0.037109375
0 0.84765625 0.0302734375 0.01953125 0.037109375
0 0.818359375 0.1162109375 0.0234375 0.041015625
0 0.83984375 0.1171875 0.01953125 0.04296875
0 0.8583984375 0.111328125 0.017578125 0.03125
0 0.9638671875 0.029296875 0.025390625 0.04296875
0 0.9404296875 0.1103515625 0.017578125 0.041015625
0 0.9755859375 0.1083984375 0.017578125 0.041015625
