1 0.3974609375 0.0400390625 0.052734375 0.021484375
1 0.0478515625 0.240234375 0.025390625 0.05859375
0 0.0341796875 0.4658203125 0.025390625 0.044921875
1 0.1220703125 0.29296875 0.060546875 0.046875
1 0.1240234375 0.328125 0.064453125 0.04296875
1 0.123046875 0.3671875 0.0625 0.03515625
1 0.1240234375 0.404296875 0.064453125 0.0390625
1 0.126953125 0.4462890625 0.0625 0.044921875
1 0.1337890625 0.4892578125 0.064453125 0.041015625
1 0.1337890625 0.509765625 0.064453125 0.0390625
1 0.1328125 0.5419921875 0.0625 0.037109375
1 0.208984375 0.3212890625 0.05859375 0.037109375
1 0.2080078125 0.341796875 0.056640625 0.03515625
1 0.20703125 0.3720703125 0.0546875 0.037109375
1 0.212890625 0.40234375 0.05078125 0.03515625
1 0.2158203125 0.4462890625 0.056640625 0.052734375
1 0.2197265625 0.4951171875 0.048828125 0.044921875
1 0.220703125 0.5361328125 0.05078125 0.037109375
1 0.947265625 0.021484375 0.0546875 0.0234375
