0 0.265625 0.1220703125 0.0234375 0.041015625
0 0.2607421875 0.576171875 0.025390625 0.05078125
0 0.3330078125 0.935546875 0.021484375 0.04296875
0 0.36328125 0.9677734375 0.01953125 0.037109375
0 0.337890625 0.982421875 0.01953125 0.03515625
0 0.9375 0.955078125 0.0390625 0.03515625
0 0.951171875 0.9375 0.04296875 0.03125
0 0.9384765625 0.900390625 0.037109375 0.02734375
0 0.9453125 0.87890625 0.04296875 0.03125
0 0.935546875 0.837890625 0.04296875 0.03515625
0 0.9443359375 0.810546875 0.048828125 0.03125
0 0.939453125 0.765625 0.03125 0.04296875
0 0.802734375 0.552734375 0.03125 0.0546875
0 0.8974609375 0.2470703125 0.060546875 0.048828125
0 0.90625 0.2314453125 0.04296875 0.037109375
0 0.9052734375 0.208984375 0.044921875 0.03515625
0 0.900390625 0.189453125 0.0390625 0.03515625
0 0.908203125 0.17578125 0.0625 0.046875
0 0.9033203125 0.150390625 0.048828125 0.03515625
1 0.90234375 0.119140625 0.06640625 0.046875
0 0.8984375 0.0810546875 0.04296875 0.029296875
0 0.8935546875 0.0595703125 0.052734375 0.033203125
0 0.8974609375 0.0419921875 0.044921875 0.025390625
0 0.896484375 0.021484375 0.046875 0.02734375
