0 0.05078125 0.8564453125 0.04296875 0.041015625
0 0.09765625 0.6943359375 0.04296875 0.021484375
0 0.09375 0.595703125 0.03515625 0.01953125
0 0.0322265625 0.353515625 0.021484375 0.0390625
0 0.0859375 0.34765625 0.01953125 0.03515625
0 0.1357421875 0.35546875 0.021484375 0.0390625
0 0.2412109375 0.3359375 0.025390625 0.046875
0 0.2900390625 0.33203125 0.017578125 0.0390625
0 0.0869140625 0.4375 0.041015625 0.01953125
0 0.0849609375 0.455078125 0.037109375 0.015625
0 0.1591796875 0.4736328125 0.029296875 0.017578125
0 0.08984375 0.578125 0.03515625 0.015625
0 0.96875 0.6015625 0.0234375 0.04296875
