0 0.4326171875 0.0458984375 0.021484375 0.013671875
0 0.6875 0.46875 0.04296875 0.01953125
0 0.5166015625 0.3583984375 0.041015625 0.021484375
0 0.515625 0.31640625 0.04296875 0.01953125
0 0.552734375 0.275390625 0.01953125 0.0390625
0 0.9736328125 0.2666015625 0.041015625 0.013671875
0 0.8681640625 0.22265625 0.021484375 0.0390625
0 0.908203125 0.2236328125 0.01953125 0.033203125
0 0.9287109375 0.2197265625 0.017578125 0.037109375
0 0.9482421875 0.2216796875 0.013671875 0.033203125
0 0.88671875 0.6728515625 0.01953125 0.037109375
0 0.9111328125 0.666015625 0.017578125 0.03125
0 0.9365234375 0.666015625 0.017578125 0.0390625
0 0.6953125 0.544921875 0.0390625 0.01953125
0 0.6083984375 0.54296875 0.025390625 0.04296875
