0 0.41015625 0.654296875 0.0546875 0.05078125
0 0.8896484375 0.822265625 0.052734375 0.03125
0 0.251953125 0.154296875 0.046875 0.0234375
0 0.3017578125 0.1025390625 0.025390625 0.029296875
0 0.244140625 0.1083984375 0.0234375 0.037109375
0 0.2109375 0.1572265625 0.03515625 0.017578125
0 0.326171875 0.1494140625 0.01953125 0.033203125
0 0.3271484375 0.193359375 0.021484375 0.0546875
0 0.33203125 0.2421875 0.03125 0.04296875
0 0.478515625 0.6318359375 0.0390625 0.044921875
0 0.4599609375 0.685546875 0.044921875 0.03125
