0 0.53515625 0.056640625 0.01953125 0.0390625
0 0.0966796875 0.1201171875 0.033203125 0.017578125
0 0.1015625 0.0654296875 0.01953125 0.037109375
0 0.1953125 0.064453125 0.015625 0.0390625
0 0.2158203125 0.064453125 0.025390625 0.0390625
0 0.0771484375 0.359375 0.021484375 0.0390625
0 0.1201171875 0.35546875 0.013671875 0.03125
0 0.1435546875 0.3505859375 0.017578125 0.037109375
0 0.546875 0.3486328125 0.015625 0.033203125
0 0.572265625 0.3486328125 0.015625 0.033203125
0 0.5927734375 0.3466796875 0.017578125 0.033203125
0 0.638671875 0.3330078125 0.01953125 0.033203125
0 0.662109375 0.3369140625 0.01953125 0.037109375
0 0.68359375 0.3388671875 0.015625 0.033203125
0 0.7529296875 0.33984375 0.021484375 0.03515625
0 0.83203125 0.3369140625 0.015625 0.029296875
0 0.8515625 0.3330078125 0.015625 0.037109375
0 0.9423828125 0.328125 0.021484375 0.0390625
0 0.0244140625 0.4892578125 0.037109375 0.017578125
0 0.02734375 0.5087890625 0.03515625 0.021484375
0 0.029296875 0.533203125 0.0390625 0.01953125
0 0.0341796875 0.5732421875 0.037109375 0.017578125
0 0.0302734375 0.595703125 0.037109375 0.01953125
0 0.0361328125 0.673828125 0.037109375 0.015625
0 0.0341796875 0.6962890625 0.033203125 0.013671875
0 0.03515625 0.716796875 0.0390625 0.015625
0 0.3232421875 0.6943359375 0.037109375 0.017578125
0 0.3232421875 0.71484375 0.041015625 0.01953125
0 0.322265625 0.7490234375 0.03515625 0.017578125
0 0.365234375 0.642578125 0.0234375 0.0390625
0 0.3876953125 0.6357421875 0.021484375 0.037109375
0 0.4267578125 0.634765625 0.017578125 0.03515625
0 0.443359375 0.6962890625 0.04296875 0.025390625
0 0.484375 0.6416015625 0.01953125 0.033203125
0 0.5048828125 0.6357421875 0.017578125 0.033203125
0 0.556640625 0.740234375 0.03515625 0.01953125
0 0.609375 0.771484375 0.0390625 0.01953125
0 0.595703125 0.638671875 0.015625 0.03125
0 0.6142578125 0.6298828125 0.013671875 0.033203125
0 0.654296875 0.6357421875 0.01953125 0.037109375
0 0.69921875 0.7451171875 0.03125 0.017578125
0 0.734375 0.603515625 0.03515625 0.01953125
0 0.7333984375 0.5283203125 0.037109375 0.021484375
0 0.7314453125 0.5029296875 0.037109375 0.017578125
0 0.634765625 0.4033203125 0.046875 0.017578125
0 0.70703125 0.0517578125 0.01953125 0.033203125
0 0.7275390625 0.0498046875 0.021484375 0.029296875
0 0.765625 0.0458984375 0.01953125 0.033203125
0 0.8037109375 0.046875 0.017578125 0.03125
0 0.8740234375 0.0908203125 0.033203125 0.017578125
0 0.0791015625 0.69921875 0.021484375 0.03515625
0 0.0400390625 0.8037109375 0.037109375 0.021484375
0 0.0458984375 0.8466796875 0.041015625 0.021484375
0 0.0498046875 0.9052734375 0.041015625 0.017578125
0 0.05078125 0.92578125 0.04296875 0.0234375
0 0.0556640625 0.94921875 0.037109375 0.0234375
0 0.1103515625 0.8193359375 0.021484375 0.041015625
0 0.3310546875 0.8232421875 0.044921875 0.021484375
0 0.3369140625 0.9365234375 0.037109375 0.013671875
0 0.3369140625 0.953125 0.037109375 0.01953125
0 0.33984375 0.9716796875 0.03125 0.017578125
0 0.33984375 0.9912109375 0.04296875 0.017578125
0 0.4267578125 0.7978515625 0.037109375 0.021484375
0 0.423828125 0.818359375 0.0390625 0.015625
0 0.423828125 0.837890625 0.046875 0.015625
0 0.462890625 0.7451171875 0.0390625 0.021484375
0 0.4658203125 0.763671875 0.037109375 0.015625
0 0.46875 0.796875 0.03125 0.01953125
0 0.4716796875 0.8525390625 0.037109375 0.017578125
0 0.427734375 0.884765625 0.0390625 0.01953125
0 0.470703125 0.90234375 0.0390625 0.015625
0 0.4697265625 0.9189453125 0.029296875 0.017578125
0 0.4287109375 0.9580078125 0.037109375 0.021484375
0 0.4755859375 0.953125 0.037109375 0.015625
0 0.4736328125 0.97265625 0.041015625 0.015625
0 0.4287109375 0.9912109375 0.041015625 0.017578125
0 0.4755859375 0.9892578125 0.037109375 0.017578125
0 0.5654296875 0.9150390625 0.041015625 0.017578125
0 0.568359375 0.8984375 0.03125 0.015625
0 0.5625 0.8798828125 0.046875 0.017578125
0 0.6083984375 0.8583984375 0.037109375 0.021484375
0 0.603515625 0.8271484375 0.04296875 0.021484375
0 0.603515625 0.8076171875 0.0390625 0.017578125
0 0.5595703125 0.7744140625 0.041015625 0.021484375
0 0.599609375 0.7373046875 0.0390625 0.017578125
0 0.69921875 0.779296875 0.0390625 0.0234375
0 0.7490234375 0.9462890625 0.033203125 0.017578125
0 0.75 0.9306640625 0.03125 0.013671875
