0 0.154296875 0.01171875 0.0390625 0.01953125
0 0.1611328125 0.033203125 0.037109375 0.0234375
0 0.1572265625 0.0712890625 0.044921875 0.017578125
0 0.1630859375 0.0908203125 0.037109375 0.021484375
0 0.154296875 0.1123046875 0.0390625 0.017578125
0 0.162109375 0.1494140625 0.0390625 0.017578125
0 0.1640625 0.169921875 0.04296875 0.0234375
0 0.0654296875 0.3671875 0.021484375 0.03515625
0 0.04296875 0.3603515625 0.0234375 0.037109375
0 0.0146484375 0.361328125 0.021484375 0.03515625
0 0.4775390625 0.4111328125 0.044921875 0.025390625
0 0.09375 0.767578125 0.04296875 0.02734375
0 0.1123046875 0.73046875 0.021484375 0.03515625
0 0.3505859375 0.7197265625 0.017578125 0.037109375
0 0.3701171875 0.71875 0.021484375 0.03515625
0 0.390625 0.71875 0.01953125 0.03515625
0 0.427734375 0.712890625 0.0234375 0.03515625
0 0.5439453125 0.841796875 0.037109375 0.03515625
0 0.5361328125 0.05078125 0.021484375 0.03515625
0 0.537109375 0.095703125 0.0234375 0.0390625
0 0.474609375 0.01953125 0.03515625 0.01953125
0 0.47265625 0.041015625 0.04296875 0.01953125
0 0.4697265625 0.0556640625 0.044921875 0.021484375
0 0.474609375 0.076171875 0.03515625 0.01953125
0 0.4775390625 0.0966796875 0.041015625 0.021484375
0 0.478515625 0.115234375 0.0390625 0.015625
0 0.478515625 0.1328125 0.0390625 0.01953125
0 0.4814453125 0.154296875 0.037109375 0.015625
0 0.482421875 0.1728515625 0.03515625 0.021484375
0 0.4365234375 0.103515625 0.021484375 0.02734375
0 0.7080078125 0.1630859375 0.025390625 0.048828125
0 0.9541015625 0.025390625 0.041015625 0.01953125
0 0.9501953125 0.0458984375 0.037109375 0.017578125
0 0.95703125 0.0859375 0.03515625 0.01953125
0 0.95703125 0.1064453125 0.0390625 0.017578125
0 0.9599609375 0.142578125 0.044921875 0.01953125
0 0.9638671875 0.1611328125 0.041015625 0.017578125
0 0.9609375 0.1806640625 0.04296875 0.017578125
0 0.962890625 0.2001953125 0.0390625 0.021484375
0 0.9619140625 0.2177734375 0.029296875 0.013671875
0 0.7783203125 0.2939453125 0.037109375 0.017578125
0 0.7822265625 0.314453125 0.033203125 0.0234375
0 0.775390625 0.3525390625 0.04296875 0.025390625
0 0.8203125 0.3466796875 0.03515625 0.017578125
0 0.939453125 0.3408203125 0.0234375 0.033203125
0 0.9697265625 0.3720703125 0.041015625 0.021484375
0 0.97265625 0.4140625 0.0390625 0.01953125
0 0.9716796875 0.43359375 0.037109375 0.01953125
0 0.9755859375 0.4521484375 0.044921875 0.017578125
0 0.9736328125 0.47265625 0.041015625 0.0234375
0 0.9755859375 0.5087890625 0.033203125 0.021484375
0 0.9794921875 0.5283203125 0.041015625 0.017578125
0 0.978515625 0.548828125 0.0390625 0.0234375
0 0.751953125 0.4921875 0.01953125 0.04296875
0 0.7041015625 0.7294921875 0.021484375 0.044921875
0 0.736328125 0.720703125 0.01953125 0.0390625
0 0.0205078125 0.837890625 0.029296875 0.0390625
0 0.0625 0.833984375 0.01953125 0.03515625
0 0.10546875 0.8369140625 0.01953125 0.033203125
0 0.125 0.83203125 0.01953125 0.0390625
0 0.123046875 0.884765625 0.0390625 0.01953125
0 0.638671875 0.96875 0.0390625 0.03125
0 0.6220703125 0.9404296875 0.041015625 0.025390625
0 0.5185546875 0.9423828125 0.041015625 0.021484375
0 0.5146484375 0.962890625 0.033203125 0.01953125
