1 0.1865234375 0.974609375 0.060546875 0.01953125
1 0.1796875 0.9521484375 0.08984375 0.021484375
1 0.1796875 0.9306640625 0.08984375 0.021484375
1 0.177734375 0.9072265625 0.0859375 0.025390625
0 0.17578125 0.8876953125 0.05859375 0.021484375
0 0.109375 0.86328125 0.01953125 0.04296875
1 0.17578125 0.8642578125 0.08203125 0.021484375
1 0.1748046875 0.8388671875 0.083984375 0.029296875
1 0.1748046875 0.8154296875 0.083984375 0.025390625
1 0.173828125 0.79296875 0.0859375 0.0234375
1 0.173828125 0.76953125 0.0859375 0.0234375
1 0.171875 0.7431640625 0.0859375 0.021484375
1 0.1708984375 0.720703125 0.087890625 0.02734375
1 0.1689453125 0.6962890625 0.083984375 0.029296875
1 0.16796875 0.6748046875 0.08203125 0.029296875
0 0.0986328125 0.6904296875 0.021484375 0.041015625
1 0.1669921875 0.6494140625 0.083984375 0.025390625
1 0.166015625 0.6279296875 0.0859375 0.025390625
1 0.1650390625 0.6025390625 0.083984375 0.025390625
1 0.1630859375 0.5771484375 0.087890625 0.025390625
1 0.1640625 0.5537109375 0.0859375 0.021484375
1 0.1533203125 0.494140625 0.060546875 0.01953125
1 0.1611328125 0.474609375 0.044921875 0.01953125
1 0.1552734375 0.4580078125 0.060546875 0.021484375
1 0.1572265625 0.4384765625 0.056640625 0.017578125
0 0.08984375 0.4267578125 0.01953125 0.037109375
1 0.1552734375 0.400390625 0.083984375 0.0234375
1 0.154296875 0.3779296875 0.0859375 0.021484375
0 0.0576171875 0.3037109375 0.021484375 0.041015625
1 0.1494140625 0.341796875 0.060546875 0.01953125
1 0.1513671875 0.3232421875 0.048828125 0.017578125
1 0.150390625 0.3037109375 0.05859375 0.017578125
1 0.1455078125 0.2841796875 0.060546875 0.021484375
1 0.1376953125 0.228515625 0.060546875 0.01953125
0 0.265625 0.17578125 0.0234375 0.04296875
0 0.3037109375 0.171875 0.021484375 0.04296875
0 0.3583984375 0.17578125 0.025390625 0.05078125
0 0.5 0.25 0.046875 0.0234375
0 0.5087890625 0.2744140625 0.041015625 0.025390625
0 0.55859375 0.2958984375 0.0390625 0.021484375
0 0.0947265625 0.072265625 0.041015625 0.0390625
0 0.71875 0.01953125 0.0234375 0.0390625
0 0.4951171875 0.0576171875 0.021484375 0.041015625
0 0.5146484375 0.0546875 0.017578125 0.03515625
0 0.55078125 0.052734375 0.01953125 0.03125
0 0.5703125 0.052734375 0.01953125 0.03125
0 0.5908203125 0.0556640625 0.021484375 0.037109375
0 0.6376953125 0.11328125 0.041015625 0.02734375
0 0.6357421875 0.29296875 0.044921875 0.0234375
0 0.6259765625 0.3359375 0.033203125 0.015625
0 0.626953125 0.3583984375 0.03515625 0.017578125
0 0.642578125 0.3896484375 0.03125 0.017578125
0 0.6484375 0.46484375 0.0390625 0.01953125
0 0.650390625 0.55078125 0.03515625 0.01953125
0 0.65625 0.5751953125 0.03515625 0.017578125
0 0.6552734375 0.5986328125 0.037109375 0.017578125
0 0.6591796875 0.6201171875 0.033203125 0.025390625
0 0.669921875 0.6416015625 0.02734375 0.017578125
0 0.6767578125 0.6591796875 0.041015625 0.017578125
0 0.66796875 0.6943359375 0.04296875 0.017578125
0 0.6669921875 0.712890625 0.041015625 0.01953125
0 0.66796875 0.732421875 0.04296875 0.01953125
0 0.6767578125 0.7587890625 0.037109375 0.013671875
0 0.677734375 0.7763671875 0.0390625 0.021484375
0 0.6201171875 0.80859375 0.037109375 0.01953125
0 0.673828125 0.7939453125 0.046875 0.021484375
0 0.66796875 0.814453125 0.03515625 0.01953125
0 0.6689453125 0.8388671875 0.033203125 0.017578125
0 0.6669921875 0.859375 0.037109375 0.015625
0 0.658203125 0.880859375 0.03515625 0.015625
0 0.599609375 0.8837890625 0.0390625 0.017578125
0 0.603515625 0.912109375 0.0390625 0.015625
0 0.6044921875 0.953125 0.041015625 0.0234375
0 0.66015625 0.8974609375 0.0390625 0.017578125
0 0.6708984375 0.91796875 0.037109375 0.0234375
0 0.884765625 0.3369140625 0.02734375 0.029296875
0 0.95703125 0.33984375 0.01953125 0.0390625
0 0.978515625 0.3388671875 0.0234375 0.037109375
