0 0.0771484375 0.7333984375 0.037109375 0.021484375
0 0.1572265625 0.73046875 0.037109375 0.01953125
0 0.2158203125 0.7275390625 0.037109375 0.017578125
0 0.3037109375 0.72265625 0.033203125 0.015625
0 0.646484375 0.7666015625 0.0234375 0.041015625
0 0.66796875 0.7646484375 0.01953125 0.037109375
0 0.6240234375 0.359375 0.044921875 0.02734375
0 0.6240234375 0.21875 0.037109375 0.015625
0 0.623046875 0.2001953125 0.0390625 0.021484375
0 0.625 0.15625 0.046875 0.02734375
0 0.6123046875 0.1171875 0.044921875 0.02734375
0 0.84765625 0.3232421875 0.01953125 0.033203125
0 0.8427734375 0.283203125 0.017578125 0.03125
0 0.537109375 0.7802734375 0.02734375 0.041015625
