0 0.013671875 0.0419921875 0.01953125 0.037109375
0 0.04296875 0.0302734375 0.0234375 0.037109375
0 0.0830078125 0.154296875 0.029296875 0.03125
0 0.1337890625 0.28125 0.041015625 0.01953125
0 0.169921875 0.43359375 0.0390625 0.01953125
0 0.9052734375 0.169921875 0.021484375 0.04296875
0 0.8359375 0.171875 0.02734375 0.0390625
0 0.8134765625 0.1689453125 0.017578125 0.033203125
0 0.7958984375 0.17578125 0.021484375 0.0390625
0 0.6083984375 0.23828125 0.037109375 0.01953125
0 0.8525390625 0.2548828125 0.048828125 0.021484375
0 0.3291015625 0.2734375 0.041015625 0.01953125
0 0.455078125 0.2685546875 0.0390625 0.017578125
0 0.4765625 0.294921875 0.0390625 0.01953125
0 0.1455078125 0.1552734375 0.041015625 0.021484375
0 0.3603515625 0.1787109375 0.025390625 0.041015625
0 0.275390625 0.19140625 0.015625 0.0390625
0 0.24609375 0.1826171875 0.01953125 0.029296875
0 0.853515625 0.412109375 0.046875 0.01953125
0 0.9677734375 0.41015625 0.044921875 0.01953125
0 0.126953125 0.560546875 0.03515625 0.015625
0 0.1279296875 0.5830078125 0.041015625 0.017578125
0 0.125 0.6005859375 0.03515625 0.017578125
0 0.1240234375 0.625 0.029296875 0.015625
0 0.1279296875 0.6455078125 0.041015625 0.013671875
0 0.1298828125 0.6669921875 0.037109375 0.017578125
0 0.1328125 0.6845703125 0.03125 0.017578125
0 0.1328125 0.73046875 0.03515625 0.015625
0 0.138671875 0.7509765625 0.0390625 0.017578125
0 0.1357421875 0.7744140625 0.041015625 0.017578125
0 0.1337890625 0.796875 0.033203125 0.015625
0 0.138671875 0.81640625 0.0390625 0.015625
0 0.1416015625 0.8369140625 0.044921875 0.017578125
0 0.1416015625 0.876953125 0.037109375 0.01953125
0 0.1455078125 0.921875 0.037109375 0.01953125
0 0.28515625 0.6826171875 0.01953125 0.041015625
0 0.3291015625 0.6865234375 0.021484375 0.041015625
0 0.400390625 0.677734375 0.01953125 0.0390625
0 0.4228515625 0.6787109375 0.017578125 0.033203125
0 0.4951171875 0.7060546875 0.033203125 0.025390625
0 0.5634765625 0.71484375 0.037109375 0.03125
0 0.1416015625 0.962890625 0.037109375 0.015625
0 0.146484375 0.9853515625 0.03515625 0.017578125
0 0.474609375 0.9404296875 0.02734375 0.041015625
0 0.4990234375 0.939453125 0.021484375 0.0390625
0 0.564453125 0.93359375 0.01953125 0.03125
0 0.5859375 0.93359375 0.0234375 0.03125
0 0.6748046875 0.9384765625 0.021484375 0.037109375
0 0.8271484375 0.5390625 0.037109375 0.01953125
0 0.828125 0.5625 0.03125 0.01171875
0 0.8310546875 0.5869140625 0.037109375 0.017578125
0 0.8330078125 0.626953125 0.029296875 0.015625
0 0.73046875 0.6728515625 0.015625 0.037109375
0 0.689453125 0.6728515625 0.015625 0.033203125
0 0.8486328125 0.8046875 0.037109375 0.01953125
0 0.763671875 0.9287109375 0.01953125 0.041015625
0 0.7392578125 0.9296875 0.017578125 0.03515625
0 0.7197265625 0.9306640625 0.021484375 0.033203125
0 0.6962890625 0.9296875 0.017578125 0.03515625
